0 0 0 1430217385 266814 0 0 0 -1.244 -1.935 0 -1.69778 0 0
0 0 0 1430217385 286786 0 0 0 -1.244 -1.935 0 -1.69778 0 0
0 0 0 1430217385 306741 0 0 0 -1.244 -1.935 0 -1.69778 0 0
0 0 0 1430217385 326792 0 0 0 -1.244 -1.935 0 -1.69778 0 0
0 0 0 1430217385 346804 0 0 0 -1.244 -1.935 0 -1.69778 0 0
0 0 0 1430217385 366792 0 0 0 -1.244 -1.935 0 -1.69778 0 0
0 0 0 1430217385 386791 0 0 0 -1.244 -1.935 0 -1.69778 0 0
0 0 0 1430217385 406802 0 0 0 -1.244 -1.935 0 -1.69778 0 0
0 0 0 1430217385 426804 0 0 0 -1.244 -1.935 0 -1.69778 0 0
0 0 0 1430217385 446811 0 0 0 -1.244 -1.935 0 -1.69778 0 0
0 0 0 1430217385 466942 0 0 0 -1.244 -1.935 0 -1.69778 0 0
0 0 0 1430217385 486822 0 0 0 -1.244 -1.935 0 -1.69778 0 0
0 0 0 1430217385 506902 0 0 0 -1.244 -1.935 0 -1.69778 0 0
0 0 0 1430217385 526920 0 0 0 -1.244 -1.935 0 -1.69778 0 0
0 0 0 1430217385 546980 0 0 0 -1.244 -1.935 0 -1.69778 0 0
0 0 0 1430217385 566947 0 0 0 -1.244 -1.935 0 -1.69778 0 0
0 0 0 1430217385 586957 0 0 0 -1.244 -1.935 0 -1.69778 0 0
0 0 0 1430217385 606933 0 0 0 -1.244 -1.935 0 -1.69778 0 0
0 0 0 1430217385 626949 0 0 0 -1.244 -1.936 0 -1.69931 0 0
0 0 0 1430217385 646936 0 0 0 -1.244 -1.936 0 -1.69778 0 0
0 0 0 1430217385 666904 0 0 0 -1.244 -1.937 0 -1.69778 0 0
0 0 0 1430217385 686905 0 0 0 -1.244 -1.937 0 -1.69778 0 0
0 0 0 1430217385 707088 0 0 0 -1.244 -1.938 0 -1.69778 0 0
0 0 0 1430217385 726897 0 0 0 -1.244 -1.939 0 -1.69778 0 0
0 0 0 1430217385 746935 0 0 0 -1.244 -1.94 0 -1.69778 0 0
0 0 0 1430217385 766947 0 0 0 -1.245 -1.941 0 -1.69778 0 0
0 0 0 1430217385 787044 0 0 0 -1.245 -1.943 0 -1.69778 0 0
0 0 0 1430217385 806933 0 0 0 -1.245 -1.944 0 -1.69778 0 0
0 0 0 1430217385 827046 0 0 0 -1.245 -1.946 0 -1.69778 0 0
0 0 0 1430217385 847055 0 0 0 -1.245 -1.947 0 -1.69778 0 0
0 0 0 1430217385 867058 0 0 0 -1.245 -1.949 0 -1.69778 0 0
0 0 0 1430217385 887048 0 0 0 -1.246 -1.951 0 -1.69778 0 0
0 0 0 1430217385 907054 0 0 0 -1.246 -1.953 0 -1.69778 0 0
0 0 0 1430217385 927059 0 0 0 -1.246 -1.955 0 -1.69778 0 0
0 0 0 1430217385 947069 0 0 0 -1.246 -1.958 0 -1.69778 0 0
0 0 0 1430217385 966986 0 0 0 -1.247 -1.96 0 -1.69778 0 0
0 0 0 1430217385 987046 0 0 0 -1.247 -1.962 0 -1.69778 0 0
0 0 0 1430217386 7073 0 0 0 -1.247 -1.965 0 -1.69778 0 0
0 0 0 1430217386 27061 0 0 0 -1.248 -1.968 0 -1.69778 0 0
0 0 0 1430217386 47076 0 0 0 -1.248 -1.97 0 -1.69778 0 0
0 0 0 1430217386 67116 0 0 0 -1.248 -1.973 0 -1.69778 0 0
0 0 0 1430217386 87196 0 0 0 -1.249 -1.976 0 -1.69778 0 0
0 0 0 1430217386 107052 0 0 0 -1.249 -1.98 0 -1.69778 0 0
0 0 0 1430217386 127150 0 0 0 -1.249 -1.983 0 -1.69778 0 0
0 0 0 1430217386 147221 0 0 0 -1.25 -1.986 0 -1.69778 0 0
0 0 0 1430217386 167165 0 0 0 -1.25 -1.99 0 -1.69778 0 0
0 0 0 1430217386 187190 0 0 0 -1.251 -1.994 0 -1.69778 0 0
0 0 0 1430217386 207157 0 0 0 -1.251 -1.998 0 -1.69778 0 0
0 0 0 1430217386 227176 0 0 0 -1.251 -2.002 0 -1.69778 0 0
0 0 0 1430217386 247194 0 0 0 -1.252 -2.006 0 -1.69778 0 0
0 0 0 1430217386 267152 0 0 0 -1.252 -2.01 0 -1.69778 0 0
0 0 0 1430217386 287166 0 0 0 -1.253 -2.014 0 -1.69778 0 0
0 0 0 1430217386 307188 0 0 0 -1.253 -2.018 0 -1.69778 0 0
0 0 0 1430217386 327179 0 0 0 -1.254 -2.023 0 -1.69778 0 0
0 0 0 1430217386 347151 0 0 0 -1.254 -2.027 0 -1.69778 0 0
0 0 0 1430217386 367294 0 0 0 -1.255 -2.032 0 -1.69778 0 0
0 0 0 1430217386 387159 0 0 0 -1.255 -2.037 0 -1.69778 0 0
0 0 0 1430217386 407304 0 0 0 -1.256 -2.042 0 -1.69778 0 0
0 0 0 1430217386 427278 0 0 0 -1.257 -2.047 0 -1.69778 0 0
0 0 0 1430217386 447273 0 0 0 -1.257 -2.052 0 -1.69778 0 0
0 0 0 1430217386 467287 0 0 0 -1.258 -2.057 0 -1.69778 0 0
0 0 0 1430217386 487286 0 0 0 -1.258 -2.063 0 -1.69778 0 0
0 0 0 1430217386 507301 0 0 0 -1.259 -2.069 0 -1.69778 0 0
0 0 0 1430217386 527302 0 0 0 -1.26 -2.074 0 -1.69778 0 0
0 0 0 1430217386 547324 0 0 0 -1.26 -2.08 0 -1.69778 0 0
0 0 0 1430217386 567271 0 0 0 -1.261 -2.086 0 -1.69778 0 0
0 0 0 1430217386 587311 0 0 0 -1.262 -2.092 0 -1.69931 0 0
0 0 0 1430217386 607301 0 0 0 -1.262 -2.098 0 -1.69778 0 0
0 0 0 1430217386 627265 0 0 0 -1.263 -2.105 0 -1.69931 0 0
0 0 0 1430217386 647418 0 0 0 -1.264 -2.111 0 -1.69931 0 0
0 0 0 1430217386 667306 0 0 0 -1.265 -2.117 0 -1.69931 0 0
0 0 0 1430217386 687388 0 0 0 -1.265 -2.124 0 -1.69931 0 0
0 0 0 1430217386 707434 0 0 0 -1.266 -2.131 0 -1.69931 0 0
0 0 0 1430217386 727414 0 0 0 -1.267 -2.138 0 -1.69931 0 0
0 0 0 1430217386 747401 0 0 0 -1.268 -2.145 0 -1.69931 0 0
0 0 0 1430217386 767423 0 0 0 -1.269 -2.152 0 -1.69778 0 0
0 0 0 1430217386 787414 0 0 0 -1.269 -2.159 0 -1.69778 0 0
0 0 0 1430217386 807428 0 0 0 -1.27 -2.166 0 -1.69778 0 0
0 0 0 1430217386 827394 0 0 0 -1.271 -2.173 0 -1.69778 0 0
0 0 0 1430217386 847431 0 0 0 -1.272 -2.18 0 -1.69778 0 0
0 0 0 1430217386 867542 0 0 0 -1.273 -2.187 0 -1.69778 0 0
0 0 0 1430217386 887411 0 0 0 -1.274 -2.194 0 -1.69778 0 0
0 0 0 1430217386 907599 0 0 0 -1.274 -2.202 0 -1.69778 0 0
0 0 0 1430217386 927569 0 0 0 -1.275 -2.209 0 -1.69625 0 0
0 0 0 1430217386 947560 0 0 0 -1.276 -2.216 0 -1.69778 0 0
0 0 0 1430217386 967553 0 0 0 -1.277 -2.223 0 -1.69778 0 0
0 0 0 1430217386 987537 0 0 0 -1.278 -2.23 0 -1.69778 0 0
0 0 0 1430217387 7516 0 0 0 -1.278 -2.237 0 -1.69778 0 0
0 0 0 1430217387 27539 0 0 0 -1.279 -2.244 0 -1.69931 0 0
0 0 0 1430217387 47565 0 0 0 -1.28 -2.251 0 -1.69778 0 0
0 0 0 1430217387 67533 0 0 0 -1.281 -2.258 0 -1.69778 0 0
0 0 0 1430217387 87550 0 0 0 -1.282 -2.265 0 -1.69778 0 0
0 0 0 1430217387 107689 0 0 0 -1.282 -2.272 0 -1.69778 0 0
0 0 0 1430217387 127685 0 0 0 -1.283 -2.279 0 -1.69931 0 0
0 0 0 1430217387 147576 0 0 0 -1.284 -2.286 0 -1.69931 0 0
0 0 0 1430217387 167672 0 0 0 -1.285 -2.293 0 -1.69931 0 0
0 0 0 1430217387 187555 0 0 0 -1.286 -2.299 0 -1.69931 0 0
0 0 0 1430217387 207543 0 0 0 -1.286 -2.306 0 -1.69778 0 0
0 0 0 1430217387 227578 0 0 0 -1.287 -2.313 0 -1.69778 0 0
0 0 0 1430217387 247624 0 0 0 -1.288 -2.32 0 -1.69778 0 0
0 0 0 1430217387 267542 0 0 0 -1.289 -2.326 0 -1.69778 0 0
0 0 0 1430217387 287679 0 0 0 -1.289 -2.333 0 -1.69778 0 0
0 0 0 1430217387 307665 0 0 0 -1.29 -2.339 0 -1.69778 0 0
0 0 0 1430217387 327685 0 0 0 -1.291 -2.345 0 -1.69778 0 0
0 0 0 1430217387 347685 0 0 0 -1.291 -2.351 0 -1.69778 0 0
0 0 0 1430217387 367702 0 0 0 -1.292 -2.357 0 -1.69778 0 0
0 0 0 1430217387 387706 0 0 0 -1.293 -2.364 0 -1.69778 0 0
0 0 0 1430217387 407694 0 0 0 -1.294 -2.37 0 -1.69778 0 0
0 0 0 1430217387 427676 0 0 0 -1.294 -2.376 0 -1.69625 0 0
0 0 0 1430217387 447673 0 0 0 -1.295 -2.381 0 -1.69625 0 0
0 0 0 1430217387 467673 0 0 0 -1.296 -2.387 0 -1.69778 0 0
0 0 0 1430217387 487672 0 0 0 -1.296 -2.393 0 -1.69778 0 0
0 0 0 1430217387 507816 0 0 0 -1.297 -2.399 0 -1.69778 0 0
0 0 0 1430217387 527778 0 0 0 -1.298 -2.405 0 -1.69778 0 0
0 0 0 1430217387 547750 0 0 0 -1.298 -2.411 0 -1.69778 0 0
0 0 0 1430217387 567798 0 0 0 -1.299 -2.417 0 -1.69778 0 0
0 0 0 1430217387 587764 0 0 0 -1.3 -2.423 0 -1.69778 0 0
0 0 0 1430217387 607731 0 0 0 -1.3 -2.429 0 -1.69931 0 0
0 0 0 1430217387 627825 0 0 0 -1.301 -2.435 0 -1.69931 0 0
0 0 0 1430217387 647803 0 0 0 -1.302 -2.441 0 -1.69931 0 0
0 0 0 1430217387 667791 0 0 0 -1.302 -2.447 0 -1.69931 0 0
0 0 0 1430217387 687800 0 0 0 -1.303 -2.453 0 -1.69931 0 0
0 0 0 1430217387 707832 0 0 0 -1.304 -2.459 0 -1.69778 0 0
0 0 0 1430217387 727790 0 0 0 -1.305 -2.466 0 -1.69778 0 0
0 0 0 1430217387 747811 0 0 0 -1.305 -2.472 0 -1.69778 0 0
0 0 0 1430217387 767820 0 0 0 -1.306 -2.477 0 -1.69778 0 0
0 0 0 1430217387 787948 0 0 0 -1.307 -2.483 0 -1.69778 0 0
0 0 0 1430217387 807912 0 0 0 -1.307 -2.489 0 -1.69778 0 0
0 0 0 1430217387 827815 0 0 0 -1.308 -2.495 0 -1.69778 0 0
0 0 0 1430217387 847927 0 0 0 -1.309 -2.5 0 -1.69625 0 0
0 0 0 1430217387 867948 0 0 0 -1.309 -2.506 0 -1.69625 0 0
0 0 0 1430217387 887899 0 0 0 -1.31 -2.512 0 -1.69778 0 0
0 0 0 1430217387 907938 0 0 0 -1.31 -2.517 0 -1.69778 0 0
0 0 0 1430217387 927949 0 0 0 -1.311 -2.522 0 -1.69778 0 0
0 0 0 1430217387 947933 0 0 0 -1.312 -2.527 0 -1.69931 0 0
0 0 0 1430217387 967898 0 0 0 -1.312 -2.532 0 -1.69778 0 0
0 0 0 1430217387 987910 0 0 0 -1.313 -2.536 0 -1.69931 0 0
0 0 0 1430217388 7947 0 0 0 -1.313 -2.541 0 -1.69778 0 0
0 0 0 1430217388 27956 0 0 0 -1.314 -2.545 0 -1.69778 0 0
0 0 0 1430217388 47902 0 0 0 -1.314 -2.549 0 -1.69931 0 0
0 0 0 1430217388 67936 0 0 0 -1.315 -2.553 0 -1.69778 0 0
0 0 0 1430217388 87925 0 0 0 -1.315 -2.557 0 -1.69778 0 0
0 0 0 1430217388 108044 0 0 0 -1.316 -2.561 0 -1.69931 0 0
0 0 0 1430217388 131355 0 0 0 -1.316 -2.564 0 -1.69778 0 0
0 0 0 1430217388 147955 0 0 0 -1.316 -2.568 0 -1.69778 0 0
0 0 0 1430217388 168205 0 0 0 -1.317 -2.572 0 -1.69778 0 0
0 0 0 1430217388 187980 0 0 0 -1.317 -2.575 0 -1.69778 0 0
0 0 0 1430217388 207964 0 0 0 -1.318 -2.579 0 -1.69778 0 0
0 0 0 1430217388 227956 0 0 0 -1.318 -2.582 0 -1.69778 0 0
0 0 0 1430217388 247955 0 0 0 -1.318 -2.585 0 -1.69778 0 0
0 0 0 1430217388 267958 0 0 0 -1.319 -2.588 0 -1.69778 0 0
0 0 0 1430217388 287960 0 0 0 -1.319 -2.591 0 -1.69778 0 0
0 0 0 1430217388 307959 0 0 0 -1.319 -2.594 0 -1.69778 0 0
0 0 0 1430217388 327951 0 0 0 -1.32 -2.596 0 -1.69778 0 0
0 0 0 1430217388 347957 0 0 0 -1.32 -2.599 0 -1.69778 0 0
0 0 0 1430217388 367964 0 0 0 -1.32 -2.601 0 -1.69778 0 0
0 0 0 1430217388 388086 0 0 0 -1.32 -2.604 0 -1.69931 0 0
0 0 0 1430217388 408087 0 0 0 -1.321 -2.606 0 -1.69931 0 0
0 0 0 1430217388 428055 0 0 0 -1.321 -2.608 0 -1.69931 0 0
0 0 0 1430217388 448088 0 0 0 -1.321 -2.61 0 -1.70084 0 0
0 0 0 1430217388 468098 0 0 0 -1.321 -2.612 0 -1.69931 0 0
0 0 0 1430217388 488087 0 0 0 -1.322 -2.614 0 -1.69778 0 0
0 0 0 1430217388 508088 0 0 0 -1.322 -2.615 0 -1.69778 0 0
0 0 0 1430217388 528088 0 0 0 -1.322 -2.617 0 -1.69625 0 0
0 0 0 1430217388 548087 0 0 0 -1.322 -2.618 0 -1.69625 0 0
0 0 0 1430217388 568087 0 0 0 -1.322 -2.62 0 -1.69625 0 0
0 0 0 1430217388 588085 0 0 0 -1.322 -2.621 0 -1.69625 0 0
0 0 0 1430217388 608083 0 0 0 -1.322 -2.622 0 -1.69778 0 0
0 0 0 1430217388 628079 0 0 0 -1.322 -2.622 0 -1.69625 0 0
0 0 0 1430217388 648086 0 0 0 -1.323 -2.623 0 -1.69778 0 0
0 0 0 1430217388 668211 0 0 0 -1.323 -2.623 0 -1.69931 0 0
0 0 0 1430217388 688213 0 0 0 -1.323 -2.624 0 -1.69778 0 0
0 0 0 1430217388 708252 0 0 0 -1.323 -2.624 0 -1.69778 0 0
0 0 0 1430217388 728217 0 0 0 -1.323 -2.625 0 -1.69931 0 0
0 0 0 1430217388 748211 0 0 0 -1.323 -2.625 0 -1.69931 0 0
0 0 0 1430217388 768211 0 0 0 -1.323 -2.625 0 -1.69931 0 0
0 0 0 1430217388 788214 0 0 0 -1.323 -2.625 0 -1.69931 0 0
0 0 0 1430217388 808307 0 0 0 -1.323 -2.625 0 -1.69931 0 0
0 0 0 1430217388 828307 0 0 0 -1.323 -2.625 0 -1.69931 0 0
0 0 0 1430217388 848297 0 0 0 -1.323 -2.625 0 -1.69931 0 0
0 0 0 1430217388 868294 0 0 0 -1.323 -2.625 0 -1.69931 0 0
0 0 0 1430217388 888289 0 0 0 -1.323 -2.625 0 -1.69931 0 0
0 0 0 1430217388 908323 0 0 0 -1.323 -2.625 0 -1.69931 0 0
0 0 0 1430217388 928285 0 0 0 -1.323 -2.625 0 -1.69931 0 0
0 0 0 1430217388 948284 0 0 0 -1.323 -2.625 0 -1.69931 0 0
0 0 0 1430217388 968400 0 0 0 -1.323 -2.625 0 -1.69931 0 0
0 0 0 1430217388 988371 0 0 0 -1.323 -2.625 0 -1.69931 0 0
0 0 0 1430217389 8368 0 0 0 -1.323 -2.625 0 -1.69931 0 0
0 0 0 1430217389 28349 0 0 0 -1.323 -2.625 0 -1.69931 0 0
0 0 0 1430217389 48370 0 0 0 -1.323 -2.625 0 -1.69931 0 0
0 0 0 1430217389 68353 0 0 0 -1.323 -2.625 0 -1.69931 0 0
0 0 0 1430217389 88381 0 0 0 -1.323 -2.625 0 -1.69931 0 0
0 0 0 1430217389 108388 0 0 0 -1.323 -2.625 0 -1.69931 0 0
0 0 0 1430217389 128350 0 0 0 -1.323 -2.625 0 -1.69931 0 0
0 0 0 1430217389 148415 0 0 0 -1.323 -2.625 0 -1.69931 0 0
0 0 0 1430217389 168408 0 0 0 -1.323 -2.625 0 -1.69931 0 0
0 0 0 1430217389 188431 0 0 0 -1.323 -2.625 0 -1.69931 0 0
0 0 0 1430217389 208430 0 0 0 -1.323 -2.625 0 -1.69931 0 0
0 0 0 1430217389 228693 0 0 0 -1.323 -2.625 0 -1.69931 0 0
0 0 0 1430217389 248528 0 0 0 -1.323 -2.625 0 -1.69931 0 0
0 0 0 1430217389 268535 0 0 0 -1.323 -2.625 0 -1.69931 0 0
0 0 0 1430217389 288536 0 0 0 -1.323 -2.625 0 -1.69931 0 0
0 0 0 1430217389 308566 0 0 0 -1.323 -2.625 0 -1.69931 0 0
0 0 0 1430217389 328553 0 0 0 -1.323 -2.625 0 -1.69931 0 0
0 0 0 1430217389 348522 0 0 0 -1.323 -2.625 0 -1.69931 0 0
0 0 0 1430217389 368537 0 0 0 -1.323 -2.625 0 -1.69931 0 0
0 0 0 1430217389 388547 0 0 0 -1.323 -2.625 0 -1.69931 0 0
0 0 0 1430217389 408541 0 0 0 -1.323 -2.625 0 -1.69931 0 0
0 0 0 1430217389 448639 0 0 0 -1.323 -2.625 0 -1.69931 0 0
0 0 0 1430217389 488535 0 0 0 -1.323 -2.625 0 -1.69931 0 0
0 0 0 1430217389 528658 0 0 0 -1.323 -2.625 0 -1.69931 0 0
0 0 0 1430217389 568638 0 0 0 -1.323 -2.625 0 -1.69931 0 0
0 0 0 1430217389 608658 0 0 0 -1.323 -2.625 0 -1.69931 0 0
0 0 0 1430217389 648666 0 0 0 -1.323 -2.625 0 -1.69931 0 0
0 0 0 1430217389 688654 0 0 0 -1.323 -2.625 0 -1.69931 0 0
0 0 0 1430217389 728676 0 0 0 -1.323 -2.625 0 -1.69931 0 0
0 0 0 1430217389 768683 0 0 0 -1.323 -2.625 0 -1.69931 0 0
0 0 0 1430217389 808964 0 0 0 -1.323 -2.625 0 -1.69931 0 0
0 0 0 1430217389 848949 0 0 0 -1.323 -2.625 0 -1.69931 0 0
0 0 0 1430217389 888931 0 0 0 -1.323 -2.625 0 -1.69931 0 0
0 0 0 1430217389 928841 0 0 0 -1.323 -2.624 0 -1.69778 0 0
0 0 0 1430217389 968794 0 0 0 -1.323 -2.623 0 -1.69778 0 0
0 0 0 1430217390 8787 0 0 0 -1.322 -2.621 0 -1.69931 0 0
0 0 0 1430217390 48785 0 0 0 -1.322 -2.619 0 -1.69778 0 0
0 0 0 1430217390 88760 0 0 0 -1.322 -2.616 0 -1.69778 0 0
0 0 0 1430217390 128909 0 0 0 -1.321 -2.612 0 -1.69778 0 0
0 0 0 1430217390 168916 0 0 0 -1.321 -2.608 0 -1.69778 0 0
0 0 0 1430217390 208903 0 0 0 -1.32 -2.603 0 -1.69778 0 0
0 0 0 1430217390 248908 0 0 0 -1.32 -2.599 0 -1.69778 0 0
0 0 0 1430217390 288932 0 0 0 -1.319 -2.594 0 -1.69778 0 0
0 0 0 1430217390 328905 0 0 0 -1.319 -2.588 0 -1.69778 0 0
0 0 0 1430217390 368919 0 0 0 -1.318 -2.582 0 -1.69778 0 0
0 0 0 1430217390 409022 0 0 0 -1.317 -2.575 0 -1.69778 0 0
0 0 0 1430217390 449029 0 0 0 -1.316 -2.567 0 -1.69625 0 0
0 0 0 1430217390 489033 0 0 0 -1.315 -2.56 0 -1.69778 0 0
0 0 0 1430217390 529023 0 0 0 -1.314 -2.551 0 -1.69778 0 0
0 0 0 1430217390 569030 0 0 0 -1.313 -2.543 0 -1.69778 0 0
0 0 0 1430217390 609041 0 0 0 -1.312 -2.534 0 -1.69778 0 0
0 0 0 1430217390 649043 0 0 0 -1.311 -2.524 0 -1.69778 0 0
0 0 0 1430217390 689157 0 0 0 -1.31 -2.514 0 -1.69625 0 0
0 0 0 1430217390 729159 0 0 0 -1.309 -2.504 0 -1.69778 0 0
0 0 0 1430217390 769157 0 0 0 -1.308 -2.493 0 -1.69778 0 0
0 0 0 1430217390 809157 0 0 0 -1.306 -2.481 0 -1.69778 0 0
0 0 0 1430217390 849127 0 0 0 -1.305 -2.469 0 -1.69778 0 0
0 0 0 1430217390 889168 0 0 0 -1.304 -2.457 0 -1.69778 0 0
0 0 0 1430217390 929165 0 0 0 -1.302 -2.444 0 -1.69778 0 0
0 0 0 1430217390 969156 0 0 0 -1.301 -2.43 0 -1.69931 0 0
0 0 0 1430217391 9391 0 0 0 -1.299 -2.416 0 -1.69931 0 0
0 0 0 1430217391 49417 0 0 0 -1.297 -2.402 0 -1.69931 0 0
0 0 0 1430217391 89282 0 0 0 -1.296 -2.387 0 -1.69931 0 0
0 0 0 1430217391 129293 0 0 0 -1.294 -2.372 0 -1.69778 0 0
0 0 0 1430217391 169275 0 0 0 -1.292 -2.356 0 -1.69625 0 0
0 0 0 1430217391 209283 0 0 0 -1.29 -2.34 0 -1.69625 0 0
0 0 0 1430217391 249288 0 0 0 -1.288 -2.324 0 -1.69778 0 0
0 0 0 1430217391 289400 0 0 0 -1.286 -2.307 0 -1.69778 0 0
0 0 0 1430217391 329410 0 0 0 -1.285 -2.291 0 -1.69778 0 0
0 0 0 1430217391 369410 0 0 0 -1.283 -2.274 0 -1.69778 0 0
0 0 0 1430217391 409454 0 0 0 -1.281 -2.258 0 -1.69778 0 0
0 0 0 1430217391 449418 0 0 0 -1.279 -2.241 0 -1.69778 0 0
0 0 0 1430217391 489393 0 0 0 -1.277 -2.225 0 -1.69778 0 0
0 0 0 1430217391 529413 0 0 0 -1.275 -2.21 0 -1.69778 0 0
0 0 0 1430217391 569542 0 0 0 -1.274 -2.195 0 -1.69778 0 0
0 0 0 1430217391 609537 0 0 0 -1.272 -2.18 0 -1.69778 0 0
0 0 0 1430217391 649538 0 0 0 -1.27 -2.166 0 -1.69778 0 0
0 0 0 1430217391 689524 0 0 0 -1.269 -2.152 0 -1.69778 0 0
0 0 0 1430217391 729662 0 0 0 -1.267 -2.139 0 -1.69778 0 0
0 0 0 1430217391 769661 0 0 0 -1.266 -2.125 0 -1.69625 0 0
0 0 0 1430217391 789659 0 0 0 -1.265 -2.119 0 -1.69625 0 0
0 0 0 1430217391 809656 0 0 0 -1.264 -2.112 0 -1.69625 0 0
0 0 0 1430217391 849659 0 0 0 -1.263 -2.1 0 -1.69778 0 0
0 0 0 1430217391 869671 0 0 0 -1.262 -2.094 0 -1.69778 0 0
0 0 0 1430217391 889543 0 0 0 -1.261 -2.087 0 -1.69778 0 0
0 0 0 1430217391 929668 0 0 0 -1.26 -2.075 0 -1.69778 0 0
0 0 0 1430217391 969683 0 0 0 -1.258 -2.062 0 -1.69778 0 0
0 0 0 1430217392 9646 0 0 0 -1.257 -2.05 0 -1.69778 0 0
0 0 0 1430217392 49720 0 0 0 -1.256 -2.037 0 -1.69778 0 0
0 0 0 1430217392 89663 0 0 0 -1.254 -2.024 0 -1.69778 0 0
0 0 0 1430217392 129784 0 0 0 -1.253 -2.011 0 -1.69778 0 0
0 0 0 1430217392 169783 0 0 0 -1.251 -1.998 0 -1.69778 0 0
0 0 0 1430217392 209786 0 0 0 -1.25 -1.985 0 -1.69778 0 0
0 0 0 1430217392 249783 0 0 0 -1.248 -1.972 0 -1.69625 0 0
0 0 0 1430217392 289804 0 0 0 -1.247 -1.959 0 -1.69625 0 0
0 0 0 1430217392 329853 0 0 0 -1.245 -1.947 0 -1.69472 0 0
0 0 0 1430217392 369785 0 0 0 -1.244 -1.934 0 -1.69625 0 0
0 0 0 1430217392 409790 0 0 0 -1.242 -1.921 0 -1.69778 0 0
0 0 0 1430217392 449801 0 0 0 -1.241 -1.909 0 -1.69778 0 0
0 0 0 1430217392 489930 0 0 0 -1.24 -1.897 0 -1.69778 0 0
0 0 0 1430217392 529880 0 0 0 -1.238 -1.886 0 -1.69625 0 0
0 0 0 1430217392 569872 0 0 0 -1.237 -1.875 0 -1.69625 0 0
0 0 0 1430217392 609917 0 0 0 -1.236 -1.864 0 -1.69625 0 0
0 0 0 1430217392 649895 0 0 0 -1.235 -1.854 0 -1.69472 0 0
0 0 0 1430217392 689917 0 0 0 -1.234 -1.844 0 -1.69472 0 0
0 0 0 1430217392 730047 0 0 0 -1.233 -1.835 0 -1.69625 0 0
0 0 0 1430217392 769985 0 0 0 -1.232 -1.826 0 -1.69778 0 0
0 0 0 1430217392 810046 0 0 0 -1.231 -1.819 0 -1.69931 0 0
0 0 0 1430217392 830062 0 0 0 -1.23 -1.815 0 -1.69931 0 0
0 0 0 1430217392 850037 0 0 0 -1.23 -1.811 0 -1.69931 0 0
0 0 0 1430217392 890070 0 0 0 -1.229 -1.804 0 -1.70084 0 0
0 0 0 1430217392 929997 0 0 0 -1.228 -1.798 0 -1.69931 0 0
0 0 0 1430217392 970043 0 0 0 -1.228 -1.792 0 -1.69778 0 0
0 0 0 1430217393 10175 0 0 0 -1.227 -1.786 0 -1.69778 0 0
0 0 0 1430217393 50048 0 0 0 -1.226 -1.781 0 -1.69778 0 0
0 0 0 1430217393 90156 0 0 0 -1.226 -1.776 0 -1.69778 0 0
0 0 0 1430217393 130174 0 0 0 -1.225 -1.772 0 -1.69625 0 0
0 0 0 1430217393 170163 0 0 0 -1.225 -1.768 0 -1.69778 0 0
0 0 0 1430217393 210122 0 0 0 -1.225 -1.764 0 -1.69778 0 0
0 0 0 1430217393 250130 0 0 0 -1.224 -1.761 0 -1.70237 0 0
0 0 0 1430217393 290169 0 0 0 -1.224 -1.759 0 -1.70543 0 0
0 0 0 1430217393 330170 0 0 0 -1.224 -1.757 0 -1.71461 0 0
0 0 0 1430217393 370310 0 0 0 -1.224 -1.756 0 -1.72532 0 0
0 0 0 1430217393 410295 0 0 0 -1.223 -1.755 0 -1.73909 0 0
0 0 0 1430217393 450306 0 0 0 -1.223 -1.754 0 -1.75592 0 0
0 0 0 1430217393 490282 0 0 0 -1.223 -1.754 0 -1.77275 0 0
0 0 0 1430217393 530306 0 0 0 -1.223 -1.754 0 -1.78958 0 0
0 0 0 1430217393 570296 0 0 0 -1.223 -1.754 0 -1.80488 0 0
0 0 0 1430217393 610422 0 0 0 -1.223 -1.754 0 -1.81865 0 0
0 0 0 1430217393 650290 0 0 0 -1.223 -1.754 0 -1.83395 0 0
0 0 0 1430217393 690418 0 0 0 -1.223 -1.754 0 -1.84772 0 0
0 0 0 1430217393 730406 0 0 0 -1.223 -1.754 0 -1.86302 0 0
0 0 0 1430217393 770423 0 0 0 -1.223 -1.754 0 -1.87832 0 0
0 0 0 1430217393 810428 0 0 0 -1.223 -1.754 0 -1.89515 0 0
0 0 0 1430217393 850431 0 0 0 -1.223 -1.754 0 -1.91045 0 0
0 0 0 1430217393 890417 0 0 0 -1.223 -1.754 0 -1.92728 0 0
0 0 0 1430217393 930419 0 0 0 -1.223 -1.754 0 -1.94105 0 0
0 0 0 1430217393 970456 0 0 0 -1.223 -1.754 0 -1.95635 0 0
0 0 0 1430217394 10585 0 0 0 -1.223 -1.754 0 -1.97318 0 0
0 0 0 1430217394 50546 0 0 0 -1.223 -1.754 0 -1.99001 0 0
0 0 0 1430217394 90668 0 0 0 -1.223 -1.754 0 -2.00837 0 0
0 0 0 1430217394 130590 0 0 0 -1.223 -1.754 0 -2.02826 0 0
0 0 0 1430217394 170528 0 0 0 -1.223 -1.754 0 -2.04662 0 0
0 0 0 1430217394 210544 0 0 0 -1.223 -1.754 0 -2.06345 0 0
0 0 0 1430217394 250669 0 0 0 -1.223 -1.754 0 -2.08181 0 0
0 0 0 1430217394 290697 0 0 0 -1.223 -1.754 0 -2.10017 0 0
0 0 0 1430217394 330668 0 0 0 -1.223 -1.754 0 -2.12006 0 0
0 0 0 1430217394 370691 0 0 0 -1.223 -1.754 0 -2.14301 0 0
0 0 0 1430217394 410695 0 0 0 -1.223 -1.754 0 -2.16596 0 0
0 0 0 1430217394 450793 0 0 0 -1.223 -1.754 0 -2.18891 0 0
0 0 0 1430217394 490805 0 0 0 -1.223 -1.754 0 -2.21339 0 0
0 0 0 1430217394 530801 0 0 0 -1.223 -1.754 0 -2.23634 0 0
0 0 0 1430217394 570709 0 0 0 -1.223 -1.754 0 -2.25929 0 0
0 0 0 1430217394 610703 0 0 0 -1.223 -1.754 0 -2.28377 0 0
0 0 0 1430217394 630703 0 0 0 -1.223 -1.754 0 -2.29448 0 0
0 0 0 1430217394 650705 0 0 0 -1.223 -1.754 0 -2.30672 0 0
0 0 0 1430217394 690701 0 0 0 -1.223 -1.754 0 -2.3312 0 0
0 0 0 1430217394 730755 0 0 0 -1.223 -1.754 0 -2.35568 0 0
0 0 0 1430217394 770832 0 0 0 -1.223 -1.754 0 -2.37863 0 0
0 0 0 1430217394 810833 0 0 0 -1.223 -1.754 0 -2.40158 0 0
0 0 0 1430217394 850828 0 0 0 -1.223 -1.754 0 -2.42606 0 0
0 0 0 1430217394 890831 0 0 0 -1.223 -1.754 0 -2.44901 0 0
0 0 0 1430217394 930829 0 0 0 -1.223 -1.754 0 -2.47349 0 0
0 0 0 1430217394 970825 0 0 0 -1.223 -1.754 0 -2.49644 0 0
0 0 0 1430217395 10823 0 0 0 -1.223 -1.754 0 -2.52092 0 0
0 0 0 1430217395 50827 0 0 0 -1.223 -1.754 0 -2.54387 0 0
0 0 0 1430217395 90952 0 0 0 -1.223 -1.754 0 -2.56682 0 0
0 0 0 1430217395 130949 0 0 0 -1.223 -1.754 0 -2.5913 0 0
0 0 0 1430217395 170972 0 0 0 -1.223 -1.754 0 -2.61425 0 0
0 0 0 1430217395 210951 0 0 0 -1.224 -1.754 0 -2.6372 0 0
0 0 0 1430217395 250945 0 0 0 -1.224 -1.754 0 -2.66015 0 0
0 0 0 1430217395 291405 0 0 0 -1.224 -1.754 0 -2.68463 0 0
0 0 0 1430217395 331076 0 0 0 -1.223 -1.754 0 -2.70911 0 0
0 0 0 1430217395 371159 0 0 0 -1.223 -1.754 0 -2.73206 0 0
0 0 0 1430217395 411155 0 0 0 -1.223 -1.754 0 -2.75654 0 0
0 0 0 1430217395 451164 0 0 0 -1.223 -1.754 0 -2.77949 0 0
0 0 0 1430217395 491153 0 0 0 -1.223 -1.754 0 -2.80244 0 0
0 0 0 1430217395 531092 0 0 0 -1.224 -1.754 0 -2.82386 0 0
0 0 0 1430217395 571079 0 0 0 -1.224 -1.754 0 -2.84375 0 0
0 0 0 1430217395 611103 0 0 0 -1.224 -1.754 0 -2.85905 0 0
0 0 0 1430217395 651232 0 0 0 -1.224 -1.754 0 -2.87282 0 0
0 0 0 1430217395 691299 0 0 0 -1.224 -1.754 0 -2.882 0 0
0 0 0 1430217395 731300 0 0 0 -1.224 -1.754 0 -2.88812 0 0
0 0 0 1430217395 771300 0 0 0 -1.223 -1.754 0 -2.89271 0 0
0 0 0 1430217395 811307 0 0 0 -1.223 -1.754 0 -2.89424 0 0
0 0 0 1430217395 851345 0 0 0 -1.223 -1.754 0 -2.89424 0 0
0 0 0 1430217395 891411 0 0 0 -1.223 -1.754 0 -2.89271 0 0
0 0 0 1430217395 931459 0 0 0 -1.223 -1.754 0 -2.89118 0 0
0 0 0 1430217395 971414 0 0 0 -1.223 -1.754 0 -2.882 0 0
0 0 0 1430217396 11403 0 0 0 -1.223 -1.754 0 -2.87282 0 0
0 0 0 1430217396 51418 0 0 0 -1.223 -1.754 0 -2.85905 0 0
0 0 0 1430217396 91417 0 0 0 -1.224 -1.754 0 -2.84069 0 0
0 0 0 1430217396 131430 0 0 0 -1.223 -1.754 0 -2.81927 0 0
0 0 0 1430217396 171461 0 0 0 -1.224 -1.754 0 -2.79479 0 0
0 0 0 1430217396 211517 0 0 0 -1.224 -1.754 0 -2.77031 0 0
0 0 0 1430217396 251580 0 0 0 -1.223 -1.754 0 -2.74277 0 0
0 0 0 1430217396 291554 0 0 0 -1.223 -1.754 0 -2.71676 0 0
0 0 0 1430217396 331548 0 0 0 -1.223 -1.754 0 -2.69075 0 0
0 0 0 1430217396 371566 0 0 0 -1.223 -1.754 0 -2.66321 0 0
0 0 0 1430217396 411672 0 0 0 -1.223 -1.754 0 -2.63567 0 0
0 0 0 1430217396 451670 0 0 0 -1.223 -1.754 0 -2.60813 0 0
0 0 0 1430217396 491667 0 0 0 -1.223 -1.754 0 -2.58059 0 0
0 0 0 1430217396 531655 0 0 0 -1.223 -1.754 0 -2.55458 0 0
0 0 0 1430217396 571707 0 0 0 -1.223 -1.754 0 -2.52857 0 0
0 0 0 1430217396 611674 0 0 0 -1.223 -1.754 0 -2.50103 0 0
0 0 0 1430217396 651672 0 0 0 -1.223 -1.754 0 -2.47349 0 0
0 0 0 1430217396 691663 0 0 0 -1.223 -1.754 0 -2.44595 0 0
0 0 0 1430217396 731672 0 0 0 -1.223 -1.754 0 -2.41841 0 0
0 0 0 1430217396 771788 0 0 0 -1.223 -1.754 0 -2.3924 0 0
0 0 0 1430217396 811787 0 0 0 -1.223 -1.754 0 -2.36486 0 0
0 0 0 1430217396 851783 0 0 0 -1.223 -1.754 0 -2.33885 0 0
0 0 0 1430217396 891792 0 0 0 -1.223 -1.754 0 -2.31131 0 0
0 0 0 1430217396 931816 0 0 0 -1.223 -1.754 0 -2.28377 0 0
0 0 0 1430217396 971790 0 0 0 -1.223 -1.754 0 -2.25623 0 0
0 0 0 1430217397 11794 0 0 0 -1.223 -1.754 0 -2.22869 0 0
0 0 0 1430217397 51789 0 0 0 -1.223 -1.754 0 -2.20268 0 0
0 0 0 1430217397 91908 0 0 0 -1.223 -1.754 0 -2.17514 0 0
0 0 0 1430217397 131915 0 0 0 -1.223 -1.754 0 -2.14913 0 0
0 0 0 1430217397 171905 0 0 0 -1.223 -1.754 0 -2.12159 0 0
0 0 0 1430217397 211911 0 0 0 -1.223 -1.754 0 -2.09405 0 0
0 0 0 1430217397 251911 0 0 0 -1.223 -1.754 0 -2.06804 0 0
0 0 0 1430217397 291909 0 0 0 -1.223 -1.754 0 -2.0405 0 0
0 0 0 1430217397 331887 0 0 0 -1.223 -1.754 0 -2.01296 0 0
0 0 0 1430217397 371909 0 0 0 -1.223 -1.754 0 -1.98542 0 0
0 0 0 1430217397 412005 0 0 0 -1.223 -1.754 0 -1.95788 0 0
0 0 0 1430217397 452061 0 0 0 -1.223 -1.754 0 -1.93034 0 0
0 0 0 1430217397 492042 0 0 0 -1.223 -1.754 0 -1.90433 0 0
0 0 0 1430217397 532038 0 0 0 -1.223 -1.754 0 -1.87679 0 0
0 0 0 1430217397 572006 0 0 0 -1.223 -1.754 0 -1.85078 0 0
0 0 0 1430217397 612035 0 0 0 -1.223 -1.754 0 -1.82324 0 0
0 0 0 1430217397 652013 0 0 0 -1.223 -1.754 0 -1.7957 0 0
0 0 0 1430217397 692155 0 0 0 -1.223 -1.754 0 -1.76816 0 0
0 0 0 1430217397 732133 0 0 0 -1.223 -1.754 0 -1.74062 0 0
0 0 0 1430217397 772160 0 0 0 -1.223 -1.754 0 -1.71308 0 0
0 0 0 1430217397 812133 0 0 0 -1.223 -1.754 0 -1.68707 0 0
0 0 0 1430217397 852163 0 0 0 -1.223 -1.754 0 -1.66106 0 0
0 0 0 1430217397 892139 0 0 0 -1.223 -1.754 0 -1.63352 0 0
0 0 0 1430217397 932161 0 0 0 -1.223 -1.754 0 -1.60598 0 0
0 0 0 1430217397 972147 0 0 0 -1.223 -1.754 0 -1.57844 0 0
0 0 0 1430217398 12291 0 0 0 -1.223 -1.754 0 -1.55243 0 0
0 0 0 1430217398 52278 0 0 0 -1.223 -1.754 0 -1.52489 0 0
0 0 0 1430217398 92292 0 0 0 -1.223 -1.754 0 -1.49735 0 0
0 0 0 1430217398 132262 0 0 0 -1.223 -1.754 0 -1.46981 0 0
0 0 0 1430217398 172283 0 0 0 -1.223 -1.754 0 -1.4438 0 0
0 0 0 1430217398 212275 0 0 0 -1.223 -1.754 0 -1.41626 0 0
0 0 0 1430217398 252290 0 0 0 -1.223 -1.754 0 -1.39025 0 0
0 0 0 1430217398 292396 0 0 0 -1.223 -1.754 0 -1.36271 0 0
0 0 0 1430217398 332409 0 0 0 -1.223 -1.754 0 -1.33517 0 0
0 0 0 1430217398 372367 0 0 0 -1.223 -1.754 0 -1.30763 0 0
0 0 0 1430217398 412413 0 0 0 -1.223 -1.754 0 -1.28009 0 0
0 0 0 1430217398 452397 0 0 0 -1.223 -1.754 0 -1.25408 0 0
0 0 0 1430217398 492562 0 0 0 -1.223 -1.754 0 -1.22654 0 0
0 0 0 1430217398 532397 0 0 0 -1.223 -1.754 0 -1.199 0 0
0 0 0 1430217398 572571 0 0 0 -1.223 -1.754 0 -1.17299 0 0
0 0 0 1430217398 612521 0 0 0 -1.223 -1.754 0 -1.14545 0 0
0 0 0 1430217398 652536 0 0 0 -1.223 -1.754 0 -1.11791 0 0
0 0 0 1430217398 692522 0 0 0 -1.223 -1.754 0 -1.09037 0 0
0 0 0 1430217398 732660 0 0 0 -1.223 -1.754 0 -1.06283 0 0
0 0 0 1430217398 772651 0 0 0 -1.223 -1.754 0 -1.03682 0 0
0 0 0 1430217398 812651 0 0 0 -1.223 -1.754 0 -1.00928 0 0
0 0 0 1430217398 852644 0 0 0 -1.223 -1.754 0 -0.983265 0 0
0 0 0 1430217398 892666 0 0 0 -1.223 -1.754 0 -0.955725 0 0
0 0 0 1430217398 932656 0 0 0 -1.223 -1.754 0 -0.928185 0 0
0 0 0 1430217398 972662 0 0 0 -1.223 -1.754 0 -0.900645 0 0
0 0 0 1430217399 12647 0 0 0 -1.223 -1.754 0 -0.873105 0 0
0 0 0 1430217399 52677 0 0 0 -1.223 -1.754 0 -0.847095 0 0
0 0 0 1430217399 92795 0 0 0 -1.223 -1.754 0 -0.819555 0 0
0 0 0 1430217399 132833 0 0 0 -1.223 -1.754 0 -0.795075 0 0
0 0 0 1430217399 172705 0 0 0 -1.223 -1.754 0 -0.772125 0 0
0 0 0 1430217399 212706 0 0 0 -1.223 -1.754 0 -0.750705 0 0
0 0 0 1430217399 252724 0 0 0 -1.223 -1.754 0 -0.733875 0 0
0 0 0 1430217399 292712 0 0 0 -1.223 -1.754 0 -0.720105 0 0
0 0 0 1430217399 332699 0 0 0 -1.223 -1.754 0 -0.709395 0 0
0 0 0 1430217399 372827 0 0 0 -1.223 -1.754 0 -0.703275 0 0
0 0 0 1430217399 412847 0 0 0 -1.223 -1.754 0 -0.698685 0 0
0 0 0 1430217399 452921 0 0 0 -1.223 -1.754 0 -0.695625 0 0
0 0 0 1430217399 492835 0 0 0 -1.224 -1.754 0 -0.694095 0 0
0 0 0 1430217399 532828 0 0 0 -1.224 -1.754 0 -0.695625 0 0
0 0 0 1430217399 572828 0 0 0 -1.224 -1.754 0 -0.697155 0 0
0 0 0 1430217399 612837 0 0 0 -1.223 -1.754 0 -0.703275 0 0
0 0 0 1430217399 652832 0 0 0 -1.223 -1.754 0 -0.713985 0 0
0 0 0 1430217399 692830 0 0 0 -1.223 -1.754 0 -0.726225 0 0
0 0 0 1430217399 732952 0 0 0 -1.223 -1.754 0 -0.741525 0 0
0 0 0 1430217399 772951 0 0 0 -1.223 -1.754 0 -0.761415 0 0
0 0 0 1430217399 812956 0 0 0 -1.223 -1.754 0 -0.784365 0 0
0 0 0 1430217399 852953 0 0 0 -1.223 -1.754 0 -0.810375 0 0
0 0 0 1430217399 892952 0 0 0 -1.223 -1.754 0 -0.837915 0 0
0 0 0 1430217399 932957 0 0 0 -1.223 -1.754 0 -0.866985 0 0
0 0 0 1430217399 972954 0 0 0 -1.223 -1.754 0 -0.899115 0 0
0 0 0 1430217400 12956 0 0 0 -1.223 -1.754 0 -0.929715 0 0
0 0 0 1430217400 53173 0 0 0 -1.223 -1.754 0 -0.961845 0 0
0 0 0 1430217400 93133 0 0 0 -1.223 -1.754 0 -0.992445 0 0
0 0 0 1430217400 133076 0 0 0 -1.223 -1.754 0 -1.02458 0 0
0 0 0 1430217400 173085 0 0 0 -1.223 -1.754 0 -1.05518 0 0
0 0 0 1430217400 213098 0 0 0 -1.223 -1.754 0 -1.08731 0 0
0 0 0 1430217400 253088 0 0 0 -1.223 -1.754 0 -1.11791 0 0
0 0 0 1430217400 293091 0 0 0 -1.223 -1.754 0 -1.14851 0 0
0 0 0 1430217400 333218 0 0 0 -1.223 -1.754 0 -1.18064 0 0
0 0 0 1430217400 373203 0 0 0 -1.223 -1.754 0 -1.20971 0 0
0 0 0 1430217400 413221 0 0 0 -1.223 -1.754 0 -1.23878 0 0
0 0 0 1430217400 453202 0 0 0 -1.223 -1.754 0 -1.26785 0 0
0 0 0 1430217400 493204 0 0 0 -1.223 -1.754 0 -1.29539 0 0
0 0 0 1430217400 533203 0 0 0 -1.223 -1.754 0 -1.32446 0 0
0 0 0 1430217400 573210 0 0 0 -1.223 -1.754 0 -1.352 0 0
0 0 0 1430217400 613332 0 0 0 -1.223 -1.754 0 -1.37954 0 0
0 0 0 1430217400 653328 0 0 0 -1.223 -1.754 0 -1.40861 0 0
0 0 0 1430217400 693337 0 0 0 -1.223 -1.754 0 -1.43768 0 0
0 0 0 1430217400 733328 0 0 0 -1.223 -1.754 0 -1.46675 0 0
0 0 0 1430217400 773332 0 0 0 -1.223 -1.754 0 -1.49429 0 0
0 0 0 1430217400 813324 0 0 0 -1.223 -1.754 0 -1.52183 0 0
0 0 0 1430217400 853395 0 0 0 -1.223 -1.754 0 -1.54784 0 0
0 0 0 1430217400 893494 0 0 0 -1.223 -1.754 0 -1.57079 0 0
0 0 0 1430217400 933457 0 0 0 -1.223 -1.754 0 -1.59068 0 0
0 0 0 1430217400 973459 0 0 0 -1.223 -1.754 0 -1.60904 0 0
0 0 0 1430217401 13467 0 0 0 -1.223 -1.754 0 -1.62587 0 0
0 0 0 1430217401 53577 0 0 0 -1.223 -1.753 0 -1.64117 0 0
0 0 0 1430217401 93564 0 0 0 -1.223 -1.753 0 -1.64882 0 0
0 0 0 1430217401 133576 0 0 0 -1.223 -1.754 0 -1.65494 0 0
0 0 0 1430217401 173563 0 0 0 -1.223 -1.754 0 -1.65953 0 0
0 0 0 1430217401 213569 0 0 0 -1.223 -1.756 0 -1.66106 0 0
0 0 0 1430217401 253600 0 0 0 -1.223 -1.758 0 -1.66106 0 0
0 0 0 1430217401 293604 0 0 0 -1.224 -1.76 0 -1.65953 0 0
0 0 0 1430217401 333579 0 0 0 -1.224 -1.763 0 -1.65953 0 0
0 0 0 1430217401 373596 0 0 0 -1.224 -1.766 0 -1.65953 0 0
0 0 0 1430217401 413584 0 0 0 -1.224 -1.77 0 -1.65953 0 0
0 0 0 1430217401 453700 0 0 0 -1.225 -1.774 0 -1.65953 0 0
0 0 0 1430217401 493706 0 0 0 -1.225 -1.779 0 -1.66106 0 0
0 0 0 1430217401 533705 0 0 0 -1.225 -1.784 0 -1.66106 0 0
0 0 0 1430217401 573705 0 0 0 -1.226 -1.79 0 -1.66106 0 0
0 0 0 1430217401 613706 0 0 0 -1.226 -1.796 0 -1.65953 0 0
0 0 0 1430217401 653705 0 0 0 -1.227 -1.803 0 -1.65953 0 0
0 0 0 1430217401 693734 0 0 0 -1.227 -1.81 0 -1.65953 0 0
0 0 0 1430217401 733828 0 0 0 -1.228 -1.817 0 -1.66106 0 0
0 0 0 1430217401 773919 0 0 0 -1.229 -1.825 0 -1.65953 0 0
0 0 0 1430217401 813912 0 0 0 -1.229 -1.834 0 -1.65953 0 0
0 0 0 1430217401 853908 0 0 0 -1.23 -1.843 0 -1.65953 0 0
0 0 0 1430217401 893895 0 0 0 -1.231 -1.852 0 -1.65953 0 0
0 0 0 1430217401 933839 0 0 0 -1.231 -1.862 0 -1.65953 0 0
0 0 0 1430217401 973830 0 0 0 -1.232 -1.873 0 -1.65953 0 0
0 0 0 1430217402 13856 0 0 0 -1.233 -1.883 0 -1.65953 0 0
0 0 0 1430217402 53967 0 0 0 -1.234 -1.895 0 -1.65953 0 0
0 0 0 1430217402 94035 0 0 0 -1.235 -1.907 0 -1.65953 0 0
0 0 0 1430217402 134024 0 0 0 -1.236 -1.919 0 -1.65953 0 0
0 0 0 1430217402 174044 0 0 0 -1.237 -1.932 0 -1.65953 0 0
0 0 0 1430217402 214044 0 0 0 -1.238 -1.945 0 -1.65953 0 0
0 0 0 1430217402 254044 0 0 0 -1.239 -1.958 0 -1.65953 0 0
0 0 0 1430217402 294021 0 0 0 -1.24 -1.973 0 -1.65953 0 0
0 0 0 1430217402 334166 0 0 0 -1.241 -1.987 0 -1.65953 0 0
0 0 0 1430217402 374135 0 0 0 -1.242 -2.003 0 -1.65953 0 0
0 0 0 1430217402 414166 0 0 0 -1.243 -2.018 0 -1.65953 0 0
0 0 0 1430217402 454133 0 0 0 -1.244 -2.034 0 -1.65953 0 0
0 0 0 1430217402 494312 0 0 0 -1.246 -2.05 0 -1.65953 0 0
0 0 0 1430217402 534152 0 0 0 -1.247 -2.066 0 -1.65953 0 0
0 0 0 1430217402 574165 0 0 0 -1.248 -2.081 0 -1.65953 0 0
0 0 0 1430217402 614342 0 0 0 -1.249 -2.096 0 -1.66106 0 0
0 0 0 1430217402 654263 0 0 0 -1.25 -2.11 0 -1.65953 0 0
0 0 0 1430217402 694279 0 0 0 -1.251 -2.124 0 -1.658 0 0
0 0 0 1430217402 734319 0 0 0 -1.252 -2.136 0 -1.65953 0 0
0 0 0 1430217402 774299 0 0 0 -1.253 -2.149 0 -1.65953 0 0
0 0 0 1430217402 814295 0 0 0 -1.254 -2.16 0 -1.65953 0 0
0 0 0 1430217402 854299 0 0 0 -1.255 -2.171 0 -1.65953 0 0
0 0 0 1430217402 894292 0 0 0 -1.256 -2.182 0 -1.65953 0 0
0 0 0 1430217402 934424 0 0 0 -1.256 -2.193 0 -1.66106 0 0
0 0 0 1430217402 974414 0 0 0 -1.257 -2.203 0 -1.65953 0 0
0 0 0 1430217403 14392 0 0 0 -1.258 -2.213 0 -1.66106 0 0
0 0 0 1430217403 54388 0 0 0 -1.259 -2.222 0 -1.66565 0 0
0 0 0 1430217403 94402 0 0 0 -1.259 -2.231 0 -1.67024 0 0
0 0 0 1430217403 134443 0 0 0 -1.26 -2.239 0 -1.67789 0 0
0 0 0 1430217403 174414 0 0 0 -1.261 -2.247 0 -1.68707 0 0
0 0 0 1430217403 214529 0 0 0 -1.262 -2.254 0 -1.70237 0 0
0 0 0 1430217403 254569 0 0 0 -1.262 -2.261 0 -1.72226 0 0
0 0 0 1430217403 294541 0 0 0 -1.263 -2.267 0 -1.74368 0 0
0 0 0 1430217403 334565 0 0 0 -1.264 -2.273 0 -1.76663 0 0
0 0 0 1430217403 374637 0 0 0 -1.265 -2.278 0 -1.79264 0 0
0 0 0 1430217403 414663 0 0 0 -1.266 -2.283 0 -1.82018 0 0
0 0 0 1430217403 454634 0 0 0 -1.268 -2.287 0 -1.84925 0 0
0 0 0 1430217403 494724 0 0 0 -1.269 -2.291 0 -1.87832 0 0
0 0 0 1430217403 534664 0 0 0 -1.27 -2.294 0 -1.90739 0 0
0 0 0 1430217403 574665 0 0 0 -1.271 -2.297 0 -1.93799 0 0
0 0 0 1430217403 614671 0 0 0 -1.272 -2.3 0 -1.96706 0 0
0 0 0 1430217403 654661 0 0 0 -1.273 -2.302 0 -1.99613 0 0
0 0 0 1430217403 694664 0 0 0 -1.273 -2.303 0 -2.0252 0 0
0 0 0 1430217403 734667 0 0 0 -1.274 -2.304 0 -2.05274 0 0
0 0 0 1430217403 774822 0 0 0 -1.274 -2.305 0 -2.08334 0 0
0 0 0 1430217403 814781 0 0 0 -1.274 -2.305 0 -2.11241 0 0
0 0 0 1430217403 854794 0 0 0 -1.274 -2.305 0 -2.14301 0 0
0 0 0 1430217403 894760 0 0 0 -1.274 -2.304 0 -2.17208 0 0
0 0 0 1430217403 934813 0 0 0 -1.274 -2.304 0 -2.19962 0 0
0 0 0 1430217403 974762 0 0 0 -1.274 -2.304 0 -2.22869 0 0
0 0 0 1430217404 14787 0 0 0 -1.274 -2.304 0 -2.25776 0 0
0 0 0 1430217404 54759 0 0 0 -1.274 -2.304 0 -2.28836 0 0
0 0 0 1430217404 94917 0 0 0 -1.274 -2.304 0 -2.31743 0 0
0 0 0 1430217404 134889 0 0 0 -1.274 -2.304 0 -2.3465 0 0
0 0 0 1430217404 174916 0 0 0 -1.274 -2.304 0 -2.3771 0 0
0 0 0 1430217404 214897 0 0 0 -1.274 -2.304 0 -2.40464 0 0
0 0 0 1430217404 254912 0 0 0 -1.274 -2.304 0 -2.43218 0 0
0 0 0 1430217404 294939 0 0 0 -1.274 -2.304 0 -2.45972 0 0
0 0 0 1430217404 334953 0 0 0 -1.274 -2.304 0 -2.49032 0 0
0 0 0 1430217404 375080 0 0 0 -1.274 -2.304 0 -2.51786 0 0
0 0 0 1430217404 415043 0 0 0 -1.274 -2.304 0 -2.54387 0 0
0 0 0 1430217404 455052 0 0 0 -1.274 -2.304 0 -2.56529 0 0
0 0 0 1430217404 495041 0 0 0 -1.273 -2.304 0 -2.58518 0 0
0 0 0 1430217404 535015 0 0 0 -1.273 -2.304 0 -2.60048 0 0
0 0 0 1430217404 575038 0 0 0 -1.273 -2.304 0 -2.61425 0 0
0 0 0 1430217404 615048 0 0 0 -1.273 -2.304 0 -2.62496 0 0
0 0 0 1430217404 655039 0 0 0 -1.273 -2.304 0 -2.63108 0 0
0 0 0 1430217404 695173 0 0 0 -1.273 -2.304 0 -2.63567 0 0
0 0 0 1430217404 735165 0 0 0 -1.273 -2.304 0 -2.63567 0 0
0 0 0 1430217404 775168 0 0 0 -1.273 -2.304 0 -2.6372 0 0
0 0 0 1430217404 815194 0 0 0 -1.273 -2.304 0 -2.63567 0 0
0 0 0 1430217404 855207 0 0 0 -1.273 -2.304 0 -2.6372 0 0
0 0 0 1430217404 895164 0 0 0 -1.273 -2.304 0 -2.6372 0 0
0 0 0 1430217404 935172 0 0 0 -1.273 -2.304 0 -2.63567 0 0
0 0 0 1430217404 975295 0 0 0 -1.273 -2.304 0 -2.63567 0 0
0 0 0 1430217405 15280 0 0 0 -1.273 -2.304 0 -2.63261 0 0
0 0 0 1430217405 55288 0 0 0 -1.274 -2.304 0 -2.62955 0 0
0 0 0 1430217405 95304 0 0 0 -1.273 -2.304 0 -2.6219 0 0
0 0 0 1430217405 135300 0 0 0 -1.274 -2.304 0 -2.60966 0 0
0 0 0 1430217405 175300 0 0 0 -1.274 -2.304 0 -2.59589 0 0
0 0 0 1430217405 215274 0 0 0 -1.274 -2.304 0 -2.57753 0 0
0 0 0 1430217405 255417 0 0 0 -1.274 -2.304 0 -2.55917 0 0
0 0 0 1430217405 295407 0 0 0 -1.274 -2.304 0 -2.54234 0 0
0 0 0 1430217405 335446 0 0 0 -1.274 -2.304 0 -2.52551 0 0
0 0 0 1430217405 375404 0 0 0 -1.274 -2.304 0 -2.50868 0 0
0 0 0 1430217405 415451 0 0 0 -1.274 -2.304 0 -2.49185 0 0
0 0 0 1430217405 455472 0 0 0 -1.274 -2.304 0 -2.47655 0 0
0 0 0 1430217405 495415 0 0 0 -1.274 -2.304 0 -2.46125 0 0
0 0 0 1430217405 535482 0 0 0 -1.274 -2.304 0 -2.44442 0 0
0 0 0 1430217405 575468 0 0 0 -1.274 -2.304 0 -2.42606 0 0
0 0 0 1430217405 615479 0 0 0 -1.274 -2.304 0 -2.40923 0 0
0 0 0 1430217405 655478 0 0 0 -1.274 -2.304 0 -2.3924 0 0
0 0 0 1430217405 695581 0 0 0 -1.274 -2.304 0 -2.37557 0 0
0 0 0 1430217405 735580 0 0 0 -1.274 -2.304 0 -2.36027 0 0
0 0 0 1430217405 775595 0 0 0 -1.274 -2.304 0 -2.34344 0 0
0 0 0 1430217405 815458 0 0 0 -1.274 -2.304 0 -2.32661 0 0
0 0 0 1430217405 855573 0 0 0 -1.274 -2.304 0 -2.30978 0 0
0 0 0 1430217405 895594 0 0 0 -1.274 -2.304 0 -2.29295 0 0
0 0 0 1430217405 935598 0 0 0 -1.274 -2.304 0 -2.27612 0 0
0 0 0 1430217405 975596 0 0 0 -1.274 -2.304 0 -2.25929 0 0
0 0 0 1430217406 15590 0 0 0 -1.274 -2.304 0 -2.24399 0 0
0 0 0 1430217406 55558 0 0 0 -1.274 -2.304 0 -2.22563 0 0
0 0 0 1430217406 95587 0 0 0 -1.274 -2.304 0 -2.20727 0 0
0 0 0 1430217406 135707 0 0 0 -1.274 -2.304 0 -2.18891 0 0
0 0 0 1430217406 175682 0 0 0 -1.274 -2.304 0 -2.17208 0 0
0 0 0 1430217406 215686 0 0 0 -1.274 -2.304 0 -2.15525 0 0
0 0 0 1430217406 255682 0 0 0 -1.274 -2.304 0 -2.13689 0 0
0 0 0 1430217406 295857 0 0 0 -1.274 -2.304 0 -2.11853 0 0
0 0 0 1430217406 335796 0 0 0 -1.274 -2.304 0 -2.10017 0 0
0 0 0 1430217406 375718 0 0 0 -1.274 -2.304 0 -2.08181 0 0
0 0 0 1430217406 415851 0 0 0 -1.274 -2.304 0 -2.06192 0 0
0 0 0 1430217406 455799 0 0 0 -1.274 -2.304 0 -2.04356 0 0
0 0 0 1430217406 495838 0 0 0 -1.274 -2.304 0 -2.0252 0 0
0 0 0 1430217406 535839 0 0 0 -1.274 -2.304 0 -2.00531 0 0
0 0 0 1430217406 575799 0 0 0 -1.274 -2.304 0 -1.98695 0 0
0 0 0 1430217406 615839 0 0 0 -1.274 -2.304 0 -1.96859 0 0
0 0 0 1430217406 655839 0 0 0 -1.274 -2.304 0 -1.9487 0 0
0 0 0 1430217406 695963 0 0 0 -1.274 -2.304 0 -1.93034 0 0
0 0 0 1430217406 735962 0 0 0 -1.274 -2.304 0 -1.91198 0 0
0 0 0 1430217406 775933 0 0 0 -1.274 -2.304 0 -1.89362 0 0
0 0 0 1430217406 815969 0 0 0 -1.274 -2.304 0 -1.87373 0 0
0 0 0 1430217406 855965 0 0 0 -1.274 -2.304 0 -1.85537 0 0
0 0 0 1430217406 895963 0 0 0 -1.274 -2.304 0 -1.83701 0 0
0 0 0 1430217406 936017 0 0 0 -1.274 -2.304 0 -1.81712 0 0
0 0 0 1430217406 975960 0 0 0 -1.274 -2.304 0 -1.79876 0 0
0 0 0 1430217407 16089 0 0 0 -1.274 -2.304 0 -1.7804 0 0
0 0 0 1430217407 56090 0 0 0 -1.274 -2.304 0 -1.76204 0 0
0 0 0 1430217407 96087 0 0 0 -1.274 -2.304 0 -1.74215 0 0
0 0 0 1430217407 136174 0 0 0 -1.274 -2.304 0 -1.72379 0 0
0 0 0 1430217407 176151 0 0 0 -1.274 -2.304 0 -1.70543 0 0
0 0 0 1430217407 216173 0 0 0 -1.274 -2.304 0 -1.68707 0 0
0 0 0 1430217407 256171 0 0 0 -1.274 -2.304 0 -1.66871 0 0
0 0 0 1430217407 296273 0 0 0 -1.274 -2.304 0 -1.64882 0 0
0 0 0 1430217407 336239 0 0 0 -1.274 -2.304 0 -1.63046 0 0
0 0 0 1430217407 376213 0 0 0 -1.274 -2.304 0 -1.6121 0 0
0 0 0 1430217407 416227 0 0 0 -1.274 -2.304 0 -1.59221 0 0
0 0 0 1430217407 456222 0 0 0 -1.274 -2.304 0 -1.57385 0 0
0 0 0 1430217407 496299 0 0 0 -1.274 -2.304 0 -1.55549 0 0
0 0 0 1430217407 536295 0 0 0 -1.274 -2.304 0 -1.53713 0 0
0 0 0 1430217407 576420 0 0 0 -1.274 -2.304 0 -1.51724 0 0
0 0 0 1430217407 616421 0 0 0 -1.274 -2.304 0 -1.49888 0 0
0 0 0 1430217407 656403 0 0 0 -1.274 -2.304 0 -1.48052 0 0
0 0 0 1430217407 696479 0 0 0 -1.274 -2.304 0 -1.46216 0 0
0 0 0 1430217407 736428 0 0 0 -1.274 -2.304 0 -1.4438 0 0
0 0 0 1430217407 776438 0 0 0 -1.274 -2.304 0 -1.42391 0 0
0 0 0 1430217407 816421 0 0 0 -1.274 -2.304 0 -1.40555 0 0
0 0 0 1430217407 856415 0 0 0 -1.274 -2.304 0 -1.38719 0 0
0 0 0 1430217407 896554 0 0 0 -1.274 -2.304 0 -1.3673 0 0
0 0 0 1430217407 936509 0 0 0 -1.274 -2.304 0 -1.34894 0 0
0 0 0 1430217407 976536 0 0 0 -1.274 -2.304 0 -1.33058 0 0
0 0 0 1430217408 16678 0 0 0 -1.274 -2.304 0 -1.31222 0 0
0 0 0 1430217408 56687 0 0 0 -1.274 -2.304 0 -1.29539 0 0
0 0 0 1430217408 96678 0 0 0 -1.274 -2.304 0 -1.28315 0 0
0 0 0 1430217408 136698 0 0 0 -1.274 -2.304 0 -1.27244 0 0
0 0 0 1430217408 176670 0 0 0 -1.274 -2.304 0 -1.26326 0 0
0 0 0 1430217408 216693 0 0 0 -1.274 -2.304 0 -1.25867 0 0
0 0 0 1430217408 256693 0 0 0 -1.274 -2.304 0 -1.25561 0 0
0 0 0 1430217408 296687 0 0 0 -1.274 -2.304 0 -1.25561 0 0
0 0 0 1430217408 336695 0 0 0 -1.274 -2.304 0 -1.25561 0 0
0 0 0 1430217408 376688 0 0 0 -1.274 -2.304 0 -1.25561 0 0
0 0 0 1430217408 416696 0 0 0 -1.274 -2.304 0 -1.25561 0 0
0 0 0 1430217408 456816 0 0 0 -1.274 -2.304 0 -1.25561 0 0
0 0 0 1430217408 496822 0 0 0 -1.274 -2.304 0 -1.25561 0 0
0 0 0 1430217408 536820 0 0 0 -1.274 -2.304 0 -1.25561 0 0
0 0 0 1430217408 576830 0 0 0 -1.274 -2.304 0 -1.25561 0 0
0 0 0 1430217408 616828 0 0 0 -1.274 -2.304 0 -1.25561 0 0
0 0 0 1430217408 656842 0 0 0 -1.274 -2.304 0 -1.25561 0 0
0 0 0 1430217408 696788 0 0 0 -1.274 -2.304 0 -1.25714 0 0
0 0 0 1430217408 736970 0 0 0 -1.274 -2.304 0 -1.25867 0 0
0 0 0 1430217408 776939 0 0 0 -1.274 -2.304 0 -1.26326 0 0
0 0 0 1430217408 816937 0 0 0 -1.274 -2.304 0 -1.27091 0 0
0 0 0 1430217408 856917 0 0 0 -1.274 -2.304 0 -1.28315 0 0
0 0 0 1430217408 896936 0 0 0 -1.274 -2.304 0 -1.29692 0 0
0 0 0 1430217408 936949 0 0 0 -1.274 -2.305 0 -1.31222 0 0
0 0 0 1430217408 977073 0 0 0 -1.274 -2.305 0 -1.33058 0 0
0 0 0 1430217409 17059 0 0 0 -1.274 -2.304 0 -1.34741 0 0
0 0 0 1430217409 57064 0 0 0 -1.274 -2.304 0 -1.36424 0 0
0 0 0 1430217409 97057 0 0 0 -1.274 -2.304 0 -1.37954 0 0
0 0 0 1430217409 137057 0 0 0 -1.274 -2.304 0 -1.39484 0 0
0 0 0 1430217409 177015 0 0 0 -1.274 -2.304 0 -1.41014 0 0
0 0 0 1430217409 217041 0 0 0 -1.274 -2.304 0 -1.42697 0 0
0 0 0 1430217409 257046 0 0 0 -1.274 -2.304 0 -1.44227 0 0
0 0 0 1430217409 297161 0 0 0 -1.274 -2.304 0 -1.4591 0 0
0 0 0 1430217409 337166 0 0 0 -1.274 -2.304 0 -1.4744 0 0
0 0 0 1430217409 377175 0 0 0 -1.274 -2.304 0 -1.49123 0 0
0 0 0 1430217409 417178 0 0 0 -1.274 -2.304 0 -1.50653 0 0
0 0 0 1430217409 457183 0 0 0 -1.274 -2.304 0 -1.52183 0 0
0 0 0 1430217409 497154 0 0 0 -1.274 -2.304 0 -1.53866 0 0
0 0 0 1430217409 537172 0 0 0 -1.274 -2.304 0 -1.55396 0 0
0 0 0 1430217409 577177 0 0 0 -1.274 -2.304 0 -1.57079 0 0
0 0 0 1430217409 617295 0 0 0 -1.274 -2.304 0 -1.58609 0 0
0 0 0 1430217409 657297 0 0 0 -1.274 -2.304 0 -1.60292 0 0
0 0 0 1430217409 697294 0 0 0 -1.274 -2.304 0 -1.61822 0 0
0 0 0 1430217409 737291 0 0 0 -1.274 -2.304 0 -1.63505 0 0
0 0 0 1430217409 777300 0 0 0 -1.274 -2.304 0 -1.65035 0 0
0 0 0 1430217409 817291 0 0 0 -1.274 -2.304 0 -1.66565 0 0
0 0 0 1430217409 857374 0 0 0 -1.274 -2.304 0 -1.68248 0 0
0 0 0 1430217409 897419 0 0 0 -1.274 -2.304 0 -1.70084 0 0
0 0 0 1430217409 937383 0 0 0 -1.274 -2.304 0 -1.7192 0 0
0 0 0 1430217409 977428 0 0 0 -1.274 -2.304 0 -1.74062 0 0
0 0 0 1430217410 17422 0 0 0 -1.274 -2.304 0 -1.7651 0 0
0 0 0 1430217410 57417 0 0 0 -1.274 -2.304 0 -1.79264 0 0
0 0 0 1430217410 97411 0 0 0 -1.274 -2.304 0 -1.82324 0 0
0 0 0 1430217410 137422 0 0 0 -1.274 -2.304 0 -1.8569 0 0
0 0 0 1430217410 177548 0 0 0 -1.274 -2.304 0 -1.89362 0 0
0 0 0 1430217410 217541 0 0 0 -1.274 -2.304 0 -1.93187 0 0
0 0 0 1430217410 257543 0 0 0 -1.274 -2.304 0 -1.97165 0 0
0 0 0 1430217410 297581 0 0 0 -1.274 -2.304 0 -2.0099 0 0
0 0 0 1430217410 337545 0 0 0 -1.274 -2.304 0 -2.04815 0 0
0 0 0 1430217410 377680 0 0 0 -1.274 -2.304 0 -2.0864 0 0
0 0 0 1430217410 417668 0 0 0 -1.274 -2.304 0 -2.12465 0 0
0 0 0 1430217410 457686 0 0 0 -1.274 -2.304 0 -2.1629 0 0
0 0 0 1430217410 497681 0 0 0 -1.274 -2.304 0 -2.20115 0 0
0 0 0 1430217410 537672 0 0 0 -1.274 -2.304 0 -2.2394 0 0
0 0 0 1430217410 577675 0 0 0 -1.274 -2.304 0 -2.27765 0 0
0 0 0 1430217410 617655 0 0 0 -1.274 -2.304 0 -2.3159 0 0
0 0 0 1430217410 657687 0 0 0 -1.274 -2.304 0 -2.35415 0 0
0 0 0 1430217410 697653 0 0 0 -1.274 -2.304 0 -2.39087 0 0
0 0 0 1430217410 737604 0 0 0 -1.274 -2.304 0 -2.42912 0 0
0 0 0 1430217410 777716 0 0 0 -1.274 -2.304 0 -2.46737 0 0
0 0 0 1430217410 817729 0 0 0 -1.274 -2.304 0 -2.50562 0 0
0 0 0 1430217410 857716 0 0 0 -1.274 -2.304 0 -2.54387 0 0
0 0 0 1430217410 897713 0 0 0 -1.274 -2.304 0 -2.58212 0 0
0 0 0 1430217410 937714 0 0 0 -1.274 -2.304 0 -2.62037 0 0
0 0 0 1430217410 977721 0 0 0 -1.274 -2.304 0 -2.65862 0 0
0 0 0 1430217411 17867 0 0 0 -1.274 -2.304 0 -2.69687 0 0
0 0 0 1430217411 57845 0 0 0 -1.274 -2.304 0 -2.73512 0 0
0 0 0 1430217411 97841 0 0 0 -1.274 -2.304 0 -2.77337 0 0
0 0 0 1430217411 137844 0 0 0 -1.274 -2.304 0 -2.81162 0 0
0 0 0 1430217411 177838 0 0 0 -1.274 -2.304 0 -2.84987 0 0
0 0 0 1430217411 217840 0 0 0 -1.274 -2.304 0 -2.88812 0 0
0 0 0 1430217411 257848 0 0 0 -1.274 -2.304 0 -2.92484 0 0
0 0 0 1430217411 297839 0 0 0 -1.274 -2.304 0 -2.96156 0 0
0 0 0 1430217411 337841 0 0 0 -1.274 -2.304 0 -2.99675 0 0
0 0 0 1430217411 377962 0 0 0 -1.274 -2.304 0 -3.03347 0 0
0 0 0 1430217411 417967 0 0 0 -1.274 -2.304 0 -3.07019 0 0
0 0 0 1430217411 457971 0 0 0 -1.274 -2.304 0 -3.10691 0 0
0 0 0 1430217411 497964 0 0 0 -1.274 -2.304 0 3.13803 0 0
0 0 0 1430217411 537963 0 0 0 -1.274 -2.304 0 3.09978 0 0
0 0 0 1430217411 578089 0 0 0 -1.274 -2.304 0 3.06306 0 0
0 0 0 1430217411 618003 0 0 0 -1.274 -2.304 0 3.02634 0 0
0 0 0 1430217411 658091 0 0 0 -1.274 -2.304 0 2.98962 0 0
0 0 0 1430217411 698088 0 0 0 -1.274 -2.304 0 2.9529 0 0
0 0 0 1430217411 738091 0 0 0 -1.274 -2.304 0 2.91465 0 0
0 0 0 1430217411 778090 0 0 0 -1.274 -2.304 0 2.87793 0 0
0 0 0 1430217411 818095 0 0 0 -1.274 -2.304 0 2.84121 0 0
0 0 0 1430217411 858091 0 0 0 -1.274 -2.304 0 2.80449 0 0
0 0 0 1430217411 898091 0 0 0 -1.274 -2.304 0 2.76777 0 0
0 0 0 1430217411 938214 0 0 0 -1.274 -2.304 0 2.73105 0 0
0 0 0 1430217411 978212 0 0 0 -1.274 -2.304 0 2.69433 0 0
0 0 0 1430217412 18222 0 0 0 -1.274 -2.304 0 2.65761 0 0
0 0 0 1430217412 58244 0 0 0 -1.274 -2.304 0 2.62089 0 0
0 0 0 1430217412 98216 0 0 0 -1.274 -2.304 0 2.58417 0 0
0 0 0 1430217412 138192 0 0 0 -1.274 -2.304 0 2.54745 0 0
0 0 0 1430217412 178213 0 0 0 -1.274 -2.304 0 2.51073 0 0
0 0 0 1430217412 218341 0 0 0 -1.274 -2.304 0 2.47401 0 0
0 0 0 1430217412 258338 0 0 0 -1.274 -2.304 0 2.43729 0 0
0 0 0 1430217412 298339 0 0 0 -1.274 -2.304 0 2.39904 0 0
0 0 0 1430217412 338339 0 0 0 -1.274 -2.304 0 2.36232 0 0
0 0 0 1430217412 378338 0 0 0 -1.274 -2.304 0 2.3256 0 0
0 0 0 1430217412 418338 0 0 0 -1.274 -2.304 0 2.28888 0 0
0 0 0 1430217412 458351 0 0 0 -1.274 -2.304 0 2.25216 0 0
0 0 0 1430217412 498349 0 0 0 -1.274 -2.304 0 2.21697 0 0
0 0 0 1430217412 538595 0 0 0 -1.274 -2.304 0 2.18484 0 0
0 0 0 1430217412 578482 0 0 0 -1.274 -2.304 0 2.1573 0 0
0 0 0 1430217412 618490 0 0 0 -1.274 -2.304 0 2.12823 0 0
0 0 0 1430217412 658475 0 0 0 -1.274 -2.303 0 2.10222 0 0
0 0 0 1430217412 698483 0 0 0 -1.275 -2.302 0 2.08233 0 0
0 0 0 1430217412 738599 0 0 0 -1.276 -2.3 0 2.06703 0 0
0 0 0 1430217412 778474 0 0 0 -1.277 -2.298 0 2.05173 0 0
0 0 0 1430217412 818602 0 0 0 -1.278 -2.296 0 2.03949 0 0
0 0 0 1430217412 858598 0 0 0 -1.28 -2.292 0 2.02878 0 0
0 0 0 1430217412 898591 0 0 0 -1.282 -2.289 0 2.02266 0 0
0 0 0 1430217412 938596 0 0 0 -1.284 -2.285 0 2.0196 0 0
0 0 0 1430217412 978587 0 0 0 -1.286 -2.28 0 2.01807 0 0
0 0 0 1430217413 18593 0 0 0 -1.288 -2.276 0 2.01807 0 0
0 0 0 1430217413 58589 0 0 0 -1.291 -2.27 0 2.0196 0 0
0 0 0 1430217413 98718 0 0 0 -1.293 -2.265 0 2.0196 0 0
0 0 0 1430217413 138712 0 0 0 -1.296 -2.259 0 2.01807 0 0
0 0 0 1430217413 178723 0 0 0 -1.3 -2.252 0 2.01807 0 0
0 0 0 1430217413 218720 0 0 0 -1.303 -2.245 0 2.01807 0 0
0 0 0 1430217413 258719 0 0 0 -1.307 -2.237 0 2.01807 0 0
0 0 0 1430217413 298792 0 0 0 -1.31 -2.23 0 2.0196 0 0
0 0 0 1430217413 338775 0 0 0 -1.314 -2.222 0 2.0196 0 0
0 0 0 1430217413 378913 0 0 0 -1.319 -2.213 0 2.0196 0 0
0 0 0 1430217413 418930 0 0 0 -1.323 -2.204 0 2.01807 0 0
0 0 0 1430217413 458915 0 0 0 -1.328 -2.194 0 2.01807 0 0
0 0 0 1430217413 498878 0 0 0 -1.332 -2.184 0 2.01807 0 0
0 0 0 1430217413 538849 0 0 0 -1.337 -2.174 0 2.01807 0 0
0 0 0 1430217413 578859 0 0 0 -1.342 -2.164 0 2.0196 0 0
0 0 0 1430217413 618870 0 0 0 -1.347 -2.154 0 2.0196 0 0
0 0 0 1430217413 659040 0 0 0 -1.352 -2.144 0 2.0196 0 0
0 0 0 1430217413 699023 0 0 0 -1.357 -2.134 0 2.0196 0 0
0 0 0 1430217413 739063 0 0 0 -1.362 -2.124 0 2.0196 0 0
0 0 0 1430217413 779048 0 0 0 -1.367 -2.114 0 2.0196 0 0
0 0 0 1430217413 819050 0 0 0 -1.372 -2.104 0 2.0196 0 0
0 0 0 1430217413 859044 0 0 0 -1.377 -2.094 0 2.0196 0 0
0 0 0 1430217413 899051 0 0 0 -1.382 -2.084 0 2.0196 0 0
0 0 0 1430217413 939048 0 0 0 -1.386 -2.073 0 2.0196 0 0
0 0 0 1430217413 979173 0 0 0 -1.391 -2.063 0 2.0196 0 0
0 0 0 1430217414 19190 0 0 0 -1.396 -2.053 0 2.0196 0 0
0 0 0 1430217414 59179 0 0 0 -1.401 -2.044 0 2.0196 0 0
0 0 0 1430217414 99434 0 0 0 -1.406 -2.033 0 2.0196 0 0
0 0 0 1430217414 139181 0 0 0 -1.411 -2.023 0 2.0196 0 0
0 0 0 1430217414 179172 0 0 0 -1.416 -2.013 0 2.0196 0 0
0 0 0 1430217414 219152 0 0 0 -1.421 -2.003 0 2.0196 0 0
0 0 0 1430217414 259311 0 0 0 -1.426 -1.993 0 2.0196 0 0
0 0 0 1430217414 299286 0 0 0 -1.43 -1.983 0 2.0196 0 0
0 0 0 1430217414 339264 0 0 0 -1.435 -1.973 0 2.01807 0 0
0 0 0 1430217414 379329 0 0 0 -1.44 -1.963 0 2.01807 0 0
0 0 0 1430217414 419319 0 0 0 -1.445 -1.953 0 2.0196 0 0
0 0 0 1430217414 459309 0 0 0 -1.45 -1.943 0 2.0196 0 0
0 0 0 1430217414 499323 0 0 0 -1.455 -1.933 0 2.0196 0 0
0 0 0 1430217414 539325 0 0 0 -1.459 -1.924 0 2.0196 0 0
0 0 0 1430217414 579450 0 0 0 -1.464 -1.915 0 2.0196 0 0
0 0 0 1430217414 619427 0 0 0 -1.468 -1.906 0 2.0196 0 0
0 0 0 1430217414 659450 0 0 0 -1.472 -1.897 0 2.02113 0 0
0 0 0 1430217414 699419 0 0 0 -1.477 -1.889 0 2.0196 0 0
0 0 0 1430217414 739390 0 0 0 -1.481 -1.88 0 2.0196 0 0
0 0 0 1430217414 779425 0 0 0 -1.485 -1.871 0 2.0196 0 0
0 0 0 1430217414 819550 0 0 0 -1.489 -1.862 0 2.0196 0 0
0 0 0 1430217414 859531 0 0 0 -1.493 -1.854 0 2.0196 0 0
0 0 0 1430217414 899545 0 0 0 -1.497 -1.846 0 2.01807 0 0
0 0 0 1430217414 939549 0 0 0 -1.501 -1.838 0 2.01807 0 0
0 0 0 1430217414 979665 0 0 0 -1.505 -1.83 0 2.01807 0 0
0 0 0 1430217415 19678 0 0 0 -1.509 -1.821 0 2.0196 0 0
0 0 0 1430217415 59690 0 0 0 -1.513 -1.813 0 2.0196 0 0
0 0 0 1430217415 99674 0 0 0 -1.517 -1.805 0 2.0196 0 0
0 0 0 1430217415 139681 0 0 0 -1.521 -1.797 0 2.0196 0 0
0 0 0 1430217415 179646 0 0 0 -1.525 -1.788 0 2.0196 0 0
0 0 0 1430217415 219676 0 0 0 -1.529 -1.78 0 2.0196 0 0
0 0 0 1430217415 259671 0 0 0 -1.533 -1.772 0 2.0196 0 0
0 0 0 1430217415 299679 0 0 0 -1.537 -1.763 0 2.0196 0 0
0 0 0 1430217415 339667 0 0 0 -1.541 -1.755 0 2.0196 0 0
0 0 0 1430217415 379703 0 0 0 -1.545 -1.747 0 2.0196 0 0
0 0 0 1430217415 419690 0 0 0 -1.549 -1.739 0 2.0196 0 0
0 0 0 1430217415 459762 0 0 0 -1.553 -1.731 0 2.02266 0 0
0 0 0 1430217415 499802 0 0 0 -1.557 -1.723 0 2.02878 0 0
0 0 0 1430217415 539797 0 0 0 -1.561 -1.715 0 2.03796 0 0
0 0 0 1430217415 579804 0 0 0 -1.565 -1.707 0 2.04867 0 0
0 0 0 1430217415 619797 0 0 0 -1.569 -1.699 0 2.0655 0 0
0 0 0 1430217415 659799 0 0 0 -1.573 -1.692 0 2.08539 0 0
0 0 0 1430217415 699927 0 0 0 -1.577 -1.685 0 2.10681 0 0
0 0 0 1430217415 739921 0 0 0 -1.581 -1.679 0 2.12823 0 0
0 0 0 1430217415 779925 0 0 0 -1.585 -1.673 0 2.15424 0 0
0 0 0 1430217415 819927 0 0 0 -1.59 -1.667 0 2.18178 0 0
0 0 0 1430217415 859922 0 0 0 -1.594 -1.661 0 2.21238 0 0
0 0 0 1430217415 899924 0 0 0 -1.599 -1.655 0 2.24298 0 0
0 0 0 1430217415 939908 0 0 0 -1.603 -1.649 0 2.27205 0 0
0 0 0 1430217415 979920 0 0 0 -1.608 -1.643 0 2.30265 0 0
0 0 0 1430217416 20059 0 0 0 -1.614 -1.638 0 2.33172 0 0
0 0 0 1430217416 60049 0 0 0 -1.619 -1.632 0 2.36079 0 0
0 0 0 1430217416 100053 0 0 0 -1.624 -1.627 0 2.38833 0 0
0 0 0 1430217416 140053 0 0 0 -1.63 -1.622 0 2.4174 0 0
0 0 0 1430217416 180055 0 0 0 -1.636 -1.617 0 2.448 0 0
0 0 0 1430217416 220063 0 0 0 -1.642 -1.612 0 2.47707 0 0
0 0 0 1430217416 260048 0 0 0 -1.648 -1.608 0 2.50614 0 0
0 0 0 1430217416 300172 0 0 0 -1.654 -1.604 0 2.53521 0 0
0 0 0 1430217416 340201 0 0 0 -1.66 -1.6 0 2.56734 0 0
0 0 0 1430217416 380167 0 0 0 -1.666 -1.596 0 2.601 0 0
0 0 0 1430217416 420173 0 0 0 -1.673 -1.592 0 2.63466 0 0
0 0 0 1430217416 460151 0 0 0 -1.68 -1.588 0 2.66832 0 0
0 0 0 1430217416 500173 0 0 0 -1.686 -1.585 0 2.70351 0 0
0 0 0 1430217416 540179 0 0 0 -1.693 -1.582 0 2.73717 0 0
0 0 0 1430217416 580290 0 0 0 -1.7 -1.579 0 2.77083 0 0
0 0 0 1430217416 620309 0 0 0 -1.707 -1.577 0 2.80602 0 0
0 0 0 1430217416 660309 0 0 0 -1.714 -1.574 0 2.83968 0 0
0 0 0 1430217416 700316 0 0 0 -1.722 -1.572 0 2.87334 0 0
0 0 0 1430217416 740297 0 0 0 -1.729 -1.571 0 2.907 0 0
0 0 0 1430217416 780312 0 0 0 -1.736 -1.569 0 2.94066 0 0
0 0 0 1430217416 820304 0 0 0 -1.744 -1.568 0 2.97585 0 0
0 0 0 1430217416 860376 0 0 0 -1.751 -1.567 0 3.00951 0 0
0 0 0 1430217416 900341 0 0 0 -1.759 -1.566 0 3.0447 0 0
0 0 0 1430217416 940353 0 0 0 -1.766 -1.565 0 3.07989 0 0
0 0 0 1430217416 980344 0 0 0 -1.774 -1.565 0 3.11508 0 0
0 0 0 1430217417 20348 0 0 0 -1.781 -1.565 0 -3.13139 0 0
0 0 0 1430217417 60345 0 0 0 -1.789 -1.565 0 -3.09314 0 0
0 0 0 1430217417 100341 0 0 0 -1.797 -1.566 0 -3.05642 0 0
0 0 0 1430217417 140350 0 0 0 -1.804 -1.567 0 -3.01817 0 0
0 0 0 1430217417 180506 0 0 0 -1.811 -1.568 0 -2.97992 0 0
0 0 0 1430217417 220477 0 0 0 -1.819 -1.569 0 -2.94167 0 0
0 0 0 1430217417 260473 0 0 0 -1.826 -1.571 0 -2.90189 0 0
0 0 0 1430217417 300485 0 0 0 -1.833 -1.573 0 -2.86211 0 0
0 0 0 1430217417 340557 0 0 0 -1.841 -1.575 0 -2.82233 0 0
0 0 0 1430217417 380589 0 0 0 -1.848 -1.578 0 -2.78255 0 0
0 0 0 1430217417 420598 0 0 0 -1.855 -1.581 0 -2.74277 0 0
0 0 0 1430217417 460590 0 0 0 -1.862 -1.584 0 -2.70452 0 0
0 0 0 1430217417 500570 0 0 0 -1.868 -1.587 0 -2.66474 0 0
0 0 0 1430217417 540589 0 0 0 -1.875 -1.591 0 -2.62496 0 0
0 0 0 1430217417 580593 0 0 0 -1.881 -1.595 0 -2.58518 0 0
0 0 0 1430217417 620594 0 0 0 -1.888 -1.599 0 -2.5454 0 0
0 0 0 1430217417 660600 0 0 0 -1.894 -1.603 0 -2.50562 0 0
0 0 0 1430217417 700594 0 0 0 -1.9 -1.608 0 -2.46584 0 0
0 0 0 1430217417 740806 0 0 0 -1.905 -1.613 0 -2.42606 0 0
0 0 0 1430217417 780718 0 0 0 -1.911 -1.618 0 -2.38781 0 0
0 0 0 1430217417 820734 0 0 0 -1.916 -1.623 0 -2.34803 0 0
0 0 0 1430217417 860720 0 0 0 -1.921 -1.629 0 -2.30825 0 0
0 0 0 1430217417 900729 0 0 0 -1.926 -1.634 0 -2.26847 0 0
0 0 0 1430217417 940719 0 0 0 -1.931 -1.64 0 -2.22869 0 0
0 0 0 1430217417 980720 0 0 0 -1.935 -1.647 0 -2.18891 0 0
0 0 0 1430217418 20847 0 0 0 -1.939 -1.653 0 -2.14913 0 0
0 0 0 1430217418 60850 0 0 0 -1.943 -1.659 0 -2.10935 0 0
0 0 0 1430217418 100843 0 0 0 -1.947 -1.666 0 -2.06957 0 0
0 0 0 1430217418 140841 0 0 0 -1.95 -1.673 0 -2.03132 0 0
0 0 0 1430217418 180817 0 0 0 -1.954 -1.679 0 -1.99154 0 0
0 0 0 1430217418 220850 0 0 0 -1.956 -1.686 0 -1.95176 0 0
0 0 0 1430217418 260844 0 0 0 -1.959 -1.693 0 -1.91198 0 0
0 0 0 1430217418 300967 0 0 0 -1.961 -1.701 0 -1.8722 0 0
0 0 0 1430217418 340966 0 0 0 -1.963 -1.708 0 -1.83242 0 0
0 0 0 1430217418 380965 0 0 0 -1.965 -1.715 0 -1.79264 0 0
0 0 0 1430217418 420982 0 0 0 -1.966 -1.723 0 -1.75286 0 0
0 0 0 1430217418 460966 0 0 0 -1.967 -1.73 0 -1.71308 0 0
0 0 0 1430217418 500964 0 0 0 -1.968 -1.737 0 -1.6733 0 0
0 0 0 1430217418 540981 0 0 0 -1.969 -1.744 0 -1.63505 0 0
0 0 0 1430217418 581018 0 0 0 -1.969 -1.75 0 -1.59527 0 0
0 0 0 1430217418 621226 0 0 0 -1.969 -1.757 0 -1.55549 0 0
0 0 0 1430217418 661176 0 0 0 -1.969 -1.762 0 -1.51877 0 0
0 0 0 1430217418 701174 0 0 0 -1.968 -1.768 0 -1.48511 0 0
0 0 0 1430217418 741220 0 0 0 -1.968 -1.772 0 -1.45604 0 0
0 0 0 1430217418 781177 0 0 0 -1.967 -1.777 0 -1.42697 0 0
0 0 0 1430217418 821145 0 0 0 -1.966 -1.781 0 -1.40096 0 0
0 0 0 1430217418 861134 0 0 0 -1.966 -1.784 0 -1.37801 0 0
0 0 0 1430217418 901103 0 0 0 -1.965 -1.787 0 -1.352 0 0
0 0 0 1430217418 941245 0 0 0 -1.964 -1.79 0 -1.33058 0 0
0 0 0 1430217418 981288 0 0 0 -1.963 -1.793 0 -1.31069 0 0
0 0 0 1430217419 21258 0 0 0 -1.963 -1.796 0 -1.29233 0 0
0 0 0 1430217419 61253 0 0 0 -1.962 -1.799 0 -1.27397 0 0
0 0 0 1430217419 101420 0 0 0 -1.961 -1.802 0 -1.25867 0 0
0 0 0 1430217419 141306 0 0 0 -1.96 -1.806 0 -1.24949 0 0
0 0 0 1430217419 181426 0 0 0 -1.958 -1.81 0 -1.24337 0 0
0 0 0 1430217419 221438 0 0 0 -1.957 -1.814 0 -1.24184 0 0
0 0 0 1430217419 261437 0 0 0 -1.955 -1.819 0 -1.23878 0 0
0 0 0 1430217419 301452 0 0 0 -1.953 -1.825 0 -1.23419 0 0
0 0 0 1430217419 341551 0 0 0 -1.951 -1.831 0 -1.22501 0 0
0 0 0 1430217419 381399 0 0 0 -1.948 -1.837 0 -1.21736 0 0
0 0 0 1430217419 421428 0 0 0 -1.946 -1.844 0 -1.20971 0 0
0 0 0 1430217419 461433 0 0 0 -1.943 -1.851 0 -1.20359 0 0
0 0 0 1430217419 501545 0 0 0 -1.94 -1.858 0 -1.19594 0 0
0 0 0 1430217419 541551 0 0 0 -1.936 -1.866 0 -1.18676 0 0
0 0 0 1430217419 581548 0 0 0 -1.933 -1.875 0 -1.17452 0 0
0 0 0 1430217419 621550 0 0 0 -1.929 -1.884 0 -1.16228 0 0
0 0 0 1430217419 661687 0 0 0 -1.925 -1.893 0 -1.15004 0 0
0 0 0 1430217419 701659 0 0 0 -1.92 -1.902 0 -1.13933 0 0
0 0 0 1430217419 741675 0 0 0 -1.916 -1.911 0 -1.12862 0 0
0 0 0 1430217419 781713 0 0 0 -1.912 -1.92 0 -1.11791 0 0
0 0 0 1430217419 821678 0 0 0 -1.907 -1.928 0 -1.1072 0 0
0 0 0 1430217419 861751 0 0 0 -1.903 -1.937 0 -1.09649 0 0
0 0 0 1430217419 901673 0 0 0 -1.898 -1.946 0 -1.08425 0 0
0 0 0 1430217419 941675 0 0 0 -1.894 -1.954 0 -1.07354 0 0
0 0 0 1430217419 981676 0 0 0 -1.889 -1.963 0 -1.0613 0 0
0 0 0 1430217420 21668 0 0 0 -1.884 -1.972 0 -1.05059 0 0
0 0 0 1430217420 61789 0 0 0 -1.879 -1.98 0 -1.03988 0 0
0 0 0 1430217420 101807 0 0 0 -1.873 -1.988 0 -1.02917 0 0
0 0 0 1430217420 141794 0 0 0 -1.868 -1.997 0 -1.01693 0 0
0 0 0 1430217420 181801 0 0 0 -1.863 -2.005 0 -1.00622 0 0
0 0 0 1430217420 221812 0 0 0 -1.857 -2.013 0 -0.995505 0 0
0 0 0 1430217420 261812 0 0 0 -1.852 -2.021 0 -0.983265 0 0
0 0 0 1430217420 301802 0 0 0 -1.846 -2.029 0 -0.972555 0 0
0 0 0 1430217420 341806 0 0 0 -1.841 -2.038 0 -0.961845 0 0
0 0 0 1430217420 381924 0 0 0 -1.835 -2.046 0 -0.949605 0 0
0 0 0 1430217420 421930 0 0 0 -1.829 -2.054 0 -0.935835 0 0
0 0 0 1430217420 461917 0 0 0 -1.823 -2.061 0 -0.922065 0 0
0 0 0 1430217420 501930 0 0 0 -1.817 -2.069 0 -0.905235 0 0
0 0 0 1430217420 541928 0 0 0 -1.811 -2.076 0 -0.888405 0 0
0 0 0 1430217420 581922 0 0 0 -1.804 -2.084 0 -0.870045 0 0
0 0 0 1430217420 621925 0 0 0 -1.798 -2.091 0 -0.851685 0 0
0 0 0 1430217420 662052 0 0 0 -1.791 -2.099 0 -0.834855 0 0
0 0 0 1430217420 702051 0 0 0 -1.784 -2.106 0 -0.816495 0 0
0 0 0 1430217420 742057 0 0 0 -1.777 -2.113 0 -0.799665 0 0
0 0 0 1430217420 782023 0 0 0 -1.77 -2.12 0 -0.782835 0 0
0 0 0 1430217420 822049 0 0 0 -1.763 -2.127 0 -0.766005 0 0
0 0 0 1430217420 862054 0 0 0 -1.756 -2.133 0 -0.749175 0 0
0 0 0 1430217420 902048 0 0 0 -1.749 -2.14 0 -0.730815 0 0
0 0 0 1430217420 942171 0 0 0 -1.741 -2.146 0 -0.713985 0 0
0 0 0 1430217420 982186 0 0 0 -1.733 -2.152 0 -0.695625 0 0
0 0 0 1430217421 22178 0 0 0 -1.726 -2.159 0 -0.678795 0 0
0 0 0 1430217421 62176 0 0 0 -1.718 -2.165 0 -0.661965 0 0
0 0 0 1430217421 102158 0 0 0 -1.71 -2.171 0 -0.643605 0 0
0 0 0 1430217421 142173 0 0 0 -1.702 -2.176 0 -0.626775 0 0
0 0 0 1430217421 182177 0 0 0 -1.694 -2.182 0 -0.609945 0 0
0 0 0 1430217421 202161 0 0 0 -1.69 -2.185 0 -0.600765 0 0
0 0 0 1430217421 222310 0 0 0 -1.686 -2.187 0 -0.591585 0 0
0 0 0 1430217421 262309 0 0 0 -1.677 -2.193 0 -0.574755 0 0
0 0 0 1430217421 302302 0 0 0 -1.669 -2.198 0 -0.556395 0 0
0 0 0 1430217421 342343 0 0 0 -1.66 -2.203 0 -0.539565 0 0
0 0 0 1430217421 382299 0 0 0 -1.652 -2.208 0 -0.522735 0 0
0 0 0 1430217421 422281 0 0 0 -1.643 -2.212 0 -0.504375 0 0
0 0 0 1430217421 462299 0 0 0 -1.634 -2.217 0 -0.487545 0 0
0 0 0 1430217421 502305 0 0 0 -1.626 -2.221 0 -0.470715 0 0
0 0 0 1430217421 542423 0 0 0 -1.617 -2.225 0 -0.453885 0 0
0 0 0 1430217421 582424 0 0 0 -1.608 -2.23 0 -0.435525 0 0
0 0 0 1430217421 622423 0 0 0 -1.599 -2.234 0 -0.418695 0 0
0 0 0 1430217421 662425 0 0 0 -1.59 -2.237 0 -0.400335 0 0
0 0 0 1430217421 702429 0 0 0 -1.581 -2.241 0 -0.383505 0 0
0 0 0 1430217421 742406 0 0 0 -1.572 -2.244 0 -0.366675 0 0
0 0 0 1430217421 782423 0 0 0 -1.564 -2.247 0 -0.348315 0 0
0 0 0 1430217421 822615 0 0 0 -1.556 -2.249 0 -0.331485 0 0
0 0 0 1430217421 862548 0 0 0 -1.548 -2.252 0 -0.314655 0 0
0 0 0 1430217421 902547 0 0 0 -1.54 -2.254 0 -0.296295 0 0
0 0 0 1430217421 942525 0 0 0 -1.532 -2.257 0 -0.279465 0 0
0 0 0 1430217421 982670 0 0 0 -1.524 -2.259 0 -0.262635 0 0
0 0 0 1430217422 22681 0 0 0 -1.516 -2.261 0 -0.245805 0 0
0 0 0 1430217422 62672 0 0 0 -1.507 -2.263 0 -0.228975 0 0
0 0 0 1430217422 102567 0 0 0 -1.499 -2.264 0 -0.213675 0 0
0 0 0 1430217422 142693 0 0 0 -1.49 -2.266 0 -0.201435 0 0
0 0 0 1430217422 182656 0 0 0 -1.482 -2.268 0 -0.193785 0 0
0 0 0 1430217422 222604 0 0 0 -1.473 -2.269 0 -0.186135 0 0
0 0 0 1430217422 262600 0 0 0 -1.464 -2.271 0 -0.183075 0 0
0 0 0 1430217422 302591 0 0 0 -1.456 -2.272 0 -0.183075 0 0
0 0 0 1430217422 342593 0 0 0 -1.448 -2.273 0 -0.186135 0 0
0 0 0 1430217422 382722 0 0 0 -1.44 -2.275 0 -0.186135 0 0
0 0 0 1430217422 422728 0 0 0 -1.431 -2.276 0 -0.187665 0 0
0 0 0 1430217422 462723 0 0 0 -1.423 -2.278 0 -0.189195 0 0
0 0 0 1430217422 502724 0 0 0 -1.414 -2.279 0 -0.189195 0 0
0 0 0 1430217422 543050 0 0 0 -1.404 -2.281 0 -0.186135 0 0
0 0 0 1430217422 582719 0 0 0 -1.393 -2.283 0 -0.186135 0 0
0 0 0 1430217422 622700 0 0 0 -1.382 -2.285 0 -0.187665 0 0
0 0 0 1430217422 662719 0 0 0 -1.371 -2.286 0 -0.187665 0 0
0 0 0 1430217422 702844 0 0 0 -1.36 -2.288 0 -0.187665 0 0
0 0 0 1430217422 742843 0 0 0 -1.349 -2.29 0 -0.187665 0 0
0 0 0 1430217422 782849 0 0 0 -1.338 -2.292 0 -0.187665 0 0
0 0 0 1430217422 822844 0 0 0 -1.327 -2.294 0 -0.187665 0 0
0 0 0 1430217422 862856 0 0 0 -1.316 -2.296 0 -0.187665 0 0
0 0 0 1430217422 902844 0 0 0 -1.305 -2.298 0 -0.187665 0 0
0 0 0 1430217422 942936 0 0 0 -1.294 -2.3 0 -0.187665 0 0
0 0 0 1430217422 983018 0 0 0 -1.283 -2.302 0 -0.186135 0 0
0 0 0 1430217423 23138 0 0 0 -1.273 -2.303 0 -0.186135 0 0
0 0 0 1430217423 63052 0 0 0 -1.263 -2.305 0 -0.186135 0 0
0 0 0 1430217423 103058 0 0 0 -1.253 -2.307 0 -0.186135 0 0
0 0 0 1430217423 143054 0 0 0 -1.244 -2.308 0 -0.184605 0 0
0 0 0 1430217423 183062 0 0 0 -1.235 -2.31 0 -0.186135 0 0
0 0 0 1430217423 223065 0 0 0 -1.227 -2.311 0 -0.186135 0 0
0 0 0 1430217423 263059 0 0 0 -1.22 -2.312 0 -0.186135 0 0
0 0 0 1430217423 303167 0 0 0 -1.212 -2.314 0 -0.187665 0 0
0 0 0 1430217423 343183 0 0 0 -1.206 -2.315 0 -0.187665 0 0
0 0 0 1430217423 383157 0 0 0 -1.199 -2.316 0 -0.187665 0 0
0 0 0 1430217423 423168 0 0 0 -1.193 -2.317 0 -0.187665 0 0
0 0 0 1430217423 463184 0 0 0 -1.187 -2.318 0 -0.186135 0 0
0 0 0 1430217423 503187 0 0 0 -1.18 -2.319 0 -0.186135 0 0
0 0 0 1430217423 543180 0 0 0 -1.174 -2.32 0 -0.187665 0 0
0 0 0 1430217423 583321 0 0 0 -1.168 -2.321 0 -0.187665 0 0
0 0 0 1430217423 623256 0 0 0 -1.162 -2.322 0 -0.187665 0 0
0 0 0 1430217423 663315 0 0 0 -1.156 -2.323 0 -0.187665 0 0
0 0 0 1430217423 703280 0 0 0 -1.149 -2.325 0 -0.187665 0 0
0 0 0 1430217423 743315 0 0 0 -1.142 -2.326 0 -0.187665 0 0
0 0 0 1430217423 783328 0 0 0 -1.135 -2.327 0 -0.187665 0 0
0 0 0 1430217423 823323 0 0 0 -1.126 -2.328 0 -0.186135 0 0
0 0 0 1430217423 863417 0 0 0 -1.118 -2.33 0 -0.187665 0 0
0 0 0 1430217423 903425 0 0 0 -1.108 -2.332 0 -0.187665 0 0
0 0 0 1430217423 943437 0 0 0 -1.099 -2.333 0 -0.187665 0 0
0 0 0 1430217423 983436 0 0 0 -1.089 -2.335 0 -0.187665 0 0
0 0 0 1430217424 23411 0 0 0 -1.078 -2.337 0 -0.187665 0 0
0 0 0 1430217424 63435 0 0 0 -1.068 -2.339 0 -0.187665 0 0
0 0 0 1430217424 103408 0 0 0 -1.056 -2.341 0 -0.187665 0 0
0 0 0 1430217424 143551 0 0 0 -1.044 -2.343 0 -0.187665 0 0
0 0 0 1430217424 183569 0 0 0 -1.031 -2.345 0 -0.187665 0 0
0 0 0 1430217424 223567 0 0 0 -1.018 -2.347 0 -0.187665 0 0
0 0 0 1430217424 263576 0 0 0 -1.005 -2.349 0 -0.186135 0 0
0 0 0 1430217424 303562 0 0 0 -0.991 -2.352 0 -0.187665 0 0
0 0 0 1430217424 343567 0 0 0 -0.977 -2.354 0 -0.187665 0 0
0 0 0 1430217424 383710 0 0 0 -0.963 -2.357 0 -0.190725 0 0
0 0 0 1430217424 423713 0 0 0 -0.948 -2.359 0 -0.196845 0 0
0 0 0 1430217424 463713 0 0 0 -0.932 -2.362 0 -0.206025 0 0
0 0 0 1430217424 503688 0 0 0 -0.916 -2.365 0 -0.218265 0 0
0 0 0 1430217424 543703 0 0 0 -0.901 -2.369 0 -0.233565 0 0
0 0 0 1430217424 583678 0 0 0 -0.887 -2.372 0 -0.250395 0 0
0 0 0 1430217424 623664 0 0 0 -0.873 -2.375 0 -0.271815 0 0
0 0 0 1430217424 663664 0 0 0 -0.859 -2.379 0 -0.294765 0 0
0 0 0 1430217424 703689 0 0 0 -0.847 -2.383 0 -0.320775 0 0
0 0 0 1430217424 743681 0 0 0 -0.836 -2.386 0 -0.349845 0 0
0 0 0 1430217424 783794 0 0 0 -0.824 -2.391 0 -0.378915 0 0
0 0 0 1430217424 823789 0 0 0 -0.814 -2.395 0 -0.412575 0 0
0 0 0 1430217424 863798 0 0 0 -0.804 -2.399 0 -0.444705 0 0
0 0 0 1430217424 903789 0 0 0 -0.794 -2.404 0 -0.476835 0 0
0 0 0 1430217424 943786 0 0 0 -0.785 -2.408 0 -0.508965 0 0
0 0 0 1430217424 983731 0 0 0 -0.776 -2.413 0 -0.539565 0 0
0 0 0 1430217425 23846 0 0 0 -0.769 -2.418 0 -0.571695 0 0
0 0 0 1430217425 63843 0 0 0 -0.761 -2.423 0 -0.603825 0 0
0 0 0 1430217425 103846 0 0 0 -0.754 -2.427 0 -0.635955 0 0
0 0 0 1430217425 143816 0 0 0 -0.748 -2.432 0 -0.668085 0 0
0 0 0 1430217425 183836 0 0 0 -0.742 -2.437 0 -0.698685 0 0
0 0 0 1430217425 223849 0 0 0 -0.737 -2.441 0 -0.729285 0 0
0 0 0 1430217425 263841 0 0 0 -0.732 -2.446 0 -0.762945 0 0
0 0 0 1430217425 303841 0 0 0 -0.727 -2.45 0 -0.792015 0 0
0 0 0 1430217425 343969 0 0 0 -0.723 -2.454 0 -0.825675 0 0
0 0 0 1430217425 383979 0 0 0 -0.72 -2.458 0 -0.860865 0 0
0 0 0 1430217425 423997 0 0 0 -0.717 -2.461 0 -0.899115 0 0
0 0 0 1430217425 463948 0 0 0 -0.715 -2.464 0 -0.937365 0 0
0 0 0 1430217425 503962 0 0 0 -0.712 -2.467 0 -0.977145 0 0
0 0 0 1430217425 543965 0 0 0 -0.711 -2.47 0 -1.01693 0 0
0 0 0 1430217425 584087 0 0 0 -0.71 -2.472 0 -1.05671 0 0
0 0 0 1430217425 624097 0 0 0 -0.708 -2.474 0 -1.09802 0 0
0 0 0 1430217425 664094 0 0 0 -0.708 -2.475 0 -1.13627 0 0
0 0 0 1430217425 704200 0 0 0 -0.707 -2.476 0 -1.17452 0 0
0 0 0 1430217425 744202 0 0 0 -0.707 -2.477 0 -1.2143 0 0
0 0 0 1430217425 784216 0 0 0 -0.707 -2.477 0 -1.25408 0 0
0 0 0 1430217425 824217 0 0 0 -0.707 -2.477 0 -1.29539 0 0
0 0 0 1430217425 864226 0 0 0 -0.707 -2.477 0 -1.33517 0 0
0 0 0 1430217425 904283 0 0 0 -0.707 -2.477 0 -1.37495 0 0
0 0 0 1430217425 944291 0 0 0 -0.707 -2.477 0 -1.4132 0 0
0 0 0 1430217425 984217 0 0 0 -0.707 -2.477 0 -1.45298 0 0
0 0 0 1430217426 24246 0 0 0 -0.707 -2.477 0 -1.49276 0 0
0 0 0 1430217426 64269 0 0 0 -0.707 -2.477 0 -1.53254 0 0
0 0 0 1430217426 104344 0 0 0 -0.707 -2.477 0 -1.57385 0 0
0 0 0 1430217426 144438 0 0 0 -0.707 -2.477 0 -1.61363 0 0
0 0 0 1430217426 184446 0 0 0 -0.707 -2.477 0 -1.65188 0 0
0 0 0 1430217426 224453 0 0 0 -0.707 -2.477 0 -1.69166 0 0
0 0 0 1430217426 264436 0 0 0 -0.707 -2.477 0 -1.72991 0 0
0 0 0 1430217426 304445 0 0 0 -0.707 -2.477 0 -1.76816 0 0
0 0 0 1430217426 344466 0 0 0 -0.707 -2.477 0 -1.80947 0 0
0 0 0 1430217426 384454 0 0 0 -0.707 -2.477 0 -1.84925 0 0
0 0 0 1430217426 424477 0 0 0 -0.707 -2.477 0 -1.88903 0 0
0 0 0 1430217426 464547 0 0 0 -0.707 -2.477 0 -1.92881 0 0
0 0 0 1430217426 504567 0 0 0 -0.707 -2.477 0 -1.96859 0 0
0 0 0 1430217426 544580 0 0 0 -0.707 -2.477 0 -2.00531 0 0
0 0 0 1430217426 584548 0 0 0 -0.707 -2.477 0 -2.04203 0 0
0 0 0 1430217426 624694 0 0 0 -0.707 -2.477 0 -2.07569 0 0
0 0 0 1430217426 664687 0 0 0 -0.707 -2.477 0 -2.10935 0 0
0 0 0 1430217426 704694 0 0 0 -0.707 -2.477 0 -2.14301 0 0
0 0 0 1430217426 744711 0 0 0 -0.707 -2.477 0 -2.17055 0 0
0 0 0 1430217426 784653 0 0 0 -0.707 -2.477 0 -2.19503 0 0
0 0 0 1430217426 824746 0 0 0 -0.707 -2.477 0 -2.21645 0 0
0 0 0 1430217426 864680 0 0 0 -0.707 -2.477 0 -2.23481 0 0
0 0 0 1430217426 904700 0 0 0 -0.707 -2.477 0 -2.25011 0 0
0 0 0 1430217426 944723 0 0 0 -0.706 -2.476 0 -2.26388 0 0
0 0 0 1430217426 984703 0 0 0 -0.705 -2.475 0 -2.27459 0 0
0 0 0 1430217427 24795 0 0 0 -0.705 -2.474 0 -2.28377 0 0
0 0 0 1430217427 64797 0 0 0 -0.703 -2.472 0 -2.29142 0 0
0 0 0 1430217427 104804 0 0 0 -0.702 -2.47 0 -2.29601 0 0
0 0 0 1430217427 144793 0 0 0 -0.699 -2.468 0 -2.29601 0 0
0 0 0 1430217427 184784 0 0 0 -0.697 -2.465 0 -2.29448 0 0
0 0 0 1430217427 224804 0 0 0 -0.694 -2.462 0 -2.29448 0 0
0 0 0 1430217427 264771 0 0 0 -0.691 -2.458 0 -2.29448 0 0
0 0 0 1430217427 304928 0 0 0 -0.687 -2.454 0 -2.29448 0 0
0 0 0 1430217427 344925 0 0 0 -0.684 -2.45 0 -2.29448 0 0
0 0 0 1430217427 384931 0 0 0 -0.68 -2.445 0 -2.29448 0 0
0 0 0 1430217427 424922 0 0 0 -0.675 -2.44 0 -2.29448 0 0
0 0 0 1430217427 465044 0 0 0 -0.671 -2.435 0 -2.29601 0 0
0 0 0 1430217427 504969 0 0 0 -0.666 -2.429 0 -2.29601 0 0
0 0 0 1430217427 544943 0 0 0 -0.661 -2.423 0 -2.29601 0 0
0 0 0 1430217427 585205 0 0 0 -0.655 -2.417 0 -2.29907 0 0
0 0 0 1430217427 625049 0 0 0 -0.649 -2.41 0 -2.30366 0 0
0 0 0 1430217427 665049 0 0 0 -0.643 -2.403 0 -2.31284 0 0
0 0 0 1430217427 705033 0 0 0 -0.636 -2.395 0 -2.32049 0 0
0 0 0 1430217427 725071 0 0 0 -0.632 -2.392 0 -2.32508 0 0
0 0 0 1430217427 745531 0 0 0 -0.629 -2.388 0 -2.32967 0 0
0 0 0 1430217427 785058 0 0 0 -0.622 -2.38 0 -2.33885 0 0
0 0 0 1430217427 825058 0 0 0 -0.614 -2.372 0 -2.3465 0 0
0 0 0 1430217427 865098 0 0 0 -0.605 -2.363 0 -2.35415 0 0
0 0 0 1430217427 905182 0 0 0 -0.597 -2.354 0 -2.36333 0 0
0 0 0 1430217427 945175 0 0 0 -0.588 -2.346 0 -2.37098 0 0
0 0 0 1430217427 985189 0 0 0 -0.579 -2.337 0 -2.38016 0 0
0 0 0 1430217428 25171 0 0 0 -0.571 -2.329 0 -2.38934 0 0
0 0 0 1430217428 65179 0 0 0 -0.562 -2.321 0 -2.39699 0 0
0 0 0 1430217428 105184 0 0 0 -0.554 -2.313 0 -2.40311 0 0
0 0 0 1430217428 145175 0 0 0 -0.546 -2.305 0 -2.41076 0 0
0 0 0 1430217428 185382 0 0 0 -0.537 -2.298 0 -2.41688 0 0
0 0 0 1430217428 225317 0 0 0 -0.53 -2.291 0 -2.42147 0 0
0 0 0 1430217428 265302 0 0 0 -0.522 -2.284 0 -2.42453 0 0
0 0 0 1430217428 305307 0 0 0 -0.515 -2.278 0 -2.42759 0 0
0 0 0 1430217428 345281 0 0 0 -0.508 -2.272 0 -2.42912 0 0
0 0 0 1430217428 385299 0 0 0 -0.502 -2.266 0 -2.43065 0 0
0 0 0 1430217428 425309 0 0 0 -0.495 -2.26 0 -2.43218 0 0
0 0 0 1430217428 465401 0 0 0 -0.488 -2.254 0 -2.43371 0 0
0 0 0 1430217428 505484 0 0 0 -0.482 -2.249 0 -2.43218 0 0
0 0 0 1430217428 545442 0 0 0 -0.476 -2.244 0 -2.43065 0 0
0 0 0 1430217428 585444 0 0 0 -0.47 -2.238 0 -2.43218 0 0
0 0 0 1430217428 625435 0 0 0 -0.464 -2.233 0 -2.43218 0 0
0 0 0 1430217428 665373 0 0 0 -0.457 -2.227 0 -2.43218 0 0
0 0 0 1430217428 705437 0 0 0 -0.451 -2.222 0 -2.43371 0 0
0 0 0 1430217428 745432 0 0 0 -0.445 -2.217 0 -2.43371 0 0
0 0 0 1430217428 785557 0 0 0 -0.439 -2.211 0 -2.43218 0 0
0 0 0 1430217428 825553 0 0 0 -0.433 -2.206 0 -2.43218 0 0
0 0 0 1430217428 865550 0 0 0 -0.427 -2.201 0 -2.43218 0 0
0 0 0 1430217428 905596 0 0 0 -0.421 -2.195 0 -2.43218 0 0
0 0 0 1430217428 945682 0 0 0 -0.415 -2.19 0 -2.43218 0 0
0 0 0 1430217428 985682 0 0 0 -0.408 -2.184 0 -2.43218 0 0
0 0 0 1430217429 25688 0 0 0 -0.402 -2.179 0 -2.43218 0 0
0 0 0 1430217429 65705 0 0 0 -0.396 -2.174 0 -2.43218 0 0
0 0 0 1430217429 105644 0 0 0 -0.39 -2.168 0 -2.43218 0 0
0 0 0 1430217429 145724 0 0 0 -0.384 -2.163 0 -2.43218 0 0
0 0 0 1430217429 185676 0 0 0 -0.378 -2.157 0 -2.43218 0 0
0 0 0 1430217429 225703 0 0 0 -0.372 -2.152 0 -2.43218 0 0
0 0 0 1430217429 265730 0 0 0 -0.366 -2.147 0 -2.43218 0 0
0 0 0 1430217429 305784 0 0 0 -0.36 -2.142 0 -2.43218 0 0
0 0 0 1430217429 345727 0 0 0 -0.355 -2.138 0 -2.43218 0 0
0 0 0 1430217429 385726 0 0 0 -0.351 -2.134 0 -2.43218 0 0
0 0 0 1430217429 425729 0 0 0 -0.346 -2.13 0 -2.43218 0 0
0 0 0 1430217429 465720 0 0 0 -0.342 -2.126 0 -2.43218 0 0
0 0 0 1430217429 505682 0 0 0 -0.338 -2.123 0 -2.43218 0 0
0 0 0 1430217429 545721 0 0 0 -0.335 -2.12 0 -2.43371 0 0
0 0 0 1430217429 585727 0 0 0 -0.332 -2.118 0 -2.43218 0 0
0 0 0 1430217429 625932 0 0 0 -0.33 -2.115 0 -2.43218 0 0
0 0 0 1430217429 665736 0 0 0 -0.327 -2.114 0 -2.43218 0 0
0 0 0 1430217429 705805 0 0 0 -0.326 -2.112 0 -2.43218 0 0
0 0 0 1430217429 745848 0 0 0 -0.325 -2.111 0 -2.43218 0 0
0 0 0 1430217429 785859 0 0 0 -0.323 -2.11 0 -2.43218 0 0
0 0 0 1430217429 825858 0 0 0 -0.323 -2.11 0 -2.43218 0 0
0 0 0 1430217429 865818 0 0 0 -0.322 -2.109 0 -2.43218 0 0
0 0 0 1430217429 905849 0 0 0 -0.322 -2.109 0 -2.43218 0 0
0 0 0 1430217429 945974 0 0 0 -0.322 -2.109 0 -2.43218 0 0
0 0 0 1430217429 985969 0 0 0 -0.322 -2.109 0 -2.43218 0 0
0 0 0 1430217430 25975 0 0 0 -0.323 -2.11 0 -2.43218 0 0
0 0 0 1430217430 65984 0 0 0 -0.324 -2.111 0 -2.43218 0 0
0 0 0 1430217430 106040 0 0 0 -0.326 -2.112 0 -2.43371 0 0
0 0 0 1430217430 146074 0 0 0 -0.328 -2.114 0 -2.43371 0 0
0 0 0 1430217430 186065 0 0 0 -0.33 -2.116 0 -2.43218 0 0
0 0 0 1430217430 226055 0 0 0 -0.333 -2.119 0 -2.43218 0 0
0 0 0 1430217430 266070 0 0 0 -0.337 -2.122 0 -2.43371 0 0
0 0 0 1430217430 306170 0 0 0 -0.34 -2.125 0 -2.43218 0 0
0 0 0 1430217430 346189 0 0 0 -0.344 -2.128 0 -2.43218 0 0
0 0 0 1430217430 386172 0 0 0 -0.348 -2.132 0 -2.43371 0 0
0 0 0 1430217430 426191 0 0 0 -0.353 -2.136 0 -2.43218 0 0
0 0 0 1430217430 466187 0 0 0 -0.358 -2.14 0 -2.43218 0 0
0 0 0 1430217430 506186 0 0 0 -0.363 -2.145 0 -2.43218 0 0
0 0 0 1430217430 546181 0 0 0 -0.369 -2.15 0 -2.43218 0 0
0 0 0 1430217430 586341 0 0 0 -0.375 -2.155 0 -2.43371 0 0
0 0 0 1430217430 626270 0 0 0 -0.381 -2.16 0 -2.43218 0 0
0 0 0 1430217430 666308 0 0 0 -0.387 -2.166 0 -2.43218 0 0
0 0 0 1430217430 706239 0 0 0 -0.393 -2.171 0 -2.43218 0 0
0 0 0 1430217430 746298 0 0 0 -0.4 -2.177 0 -2.43218 0 0
0 0 0 1430217430 786289 0 0 0 -0.406 -2.182 0 -2.43371 0 0
0 0 0 1430217430 826322 0 0 0 -0.412 -2.187 0 -2.43218 0 0
0 0 0 1430217430 866433 0 0 0 -0.418 -2.192 0 -2.43218 0 0
0 0 0 1430217430 906454 0 0 0 -0.423 -2.197 0 -2.43371 0 0
0 0 0 1430217430 946435 0 0 0 -0.427 -2.201 0 -2.43371 0 0
0 0 0 1430217430 986408 0 0 0 -0.432 -2.205 0 -2.43065 0 0
0 0 0 1430217431 26442 0 0 0 -0.435 -2.208 0 -2.43065 0 0
0 0 0 1430217431 66378 0 0 0 -0.439 -2.211 0 -2.43371 0 0
0 0 0 1430217431 106436 0 0 0 -0.442 -2.214 0 -2.43218 0 0
0 0 0 1430217431 146438 0 0 0 -0.445 -2.217 0 -2.43371 0 0
0 0 0 1430217431 186513 0 0 0 -0.448 -2.219 0 -2.43371 0 0
0 0 0 1430217431 226558 0 0 0 -0.45 -2.221 0 -2.43218 0 0
0 0 0 1430217431 266512 0 0 0 -0.452 -2.222 0 -2.43218 0 0
0 0 0 1430217431 306688 0 0 0 -0.453 -2.224 0 -2.43371 0 0
0 0 0 1430217431 326682 0 0 0 -0.454 -2.224 0 -2.43524 0 0
0 0 0 1430217431 346567 0 0 0 -0.455 -2.225 0 -2.43524 0 0
0 0 0 1430217431 386574 0 0 0 -0.456 -2.226 0 -2.44136 0 0
0 0 0 1430217431 426560 0 0 0 -0.456 -2.226 0 -2.44901 0 0
0 0 0 1430217431 446547 0 0 0 -0.457 -2.226 0 -2.4536 0 0
0 0 0 1430217431 466692 0 0 0 -0.457 -2.227 0 -2.45819 0 0
0 0 0 1430217431 506685 0 0 0 -0.457 -2.227 0 -2.47043 0 0
0 0 0 1430217431 546674 0 0 0 -0.457 -2.227 0 -2.4842 0 0
0 0 0 1430217431 566673 0 0 0 -0.457 -2.227 0 -2.49185 0 0
0 0 0 1430217431 586687 0 0 0 -0.457 -2.227 0 -2.49797 0 0
0 0 0 1430217431 626697 0 0 0 -0.457 -2.227 0 -2.5148 0 0
0 0 0 1430217431 666659 0 0 0 -0.458 -2.227 0 -2.53316 0 0
0 0 0 1430217431 706814 0 0 0 -0.458 -2.228 0 -2.55152 0 0
0 0 0 1430217431 746789 0 0 0 -0.46 -2.229 0 -2.56988 0 0
0 0 0 1430217431 786793 0 0 0 -0.462 -2.23 0 -2.58671 0 0
0 0 0 1430217431 826821 0 0 0 -0.464 -2.231 0 -2.60354 0 0
0 0 0 1430217431 866808 0 0 0 -0.466 -2.233 0 -2.6219 0 0
0 0 0 1430217431 906813 0 0 0 -0.469 -2.234 0 -2.64179 0 0
0 0 0 1430217431 946820 0 0 0 -0.472 -2.236 0 -2.66015 0 0
0 0 0 1430217431 986821 0 0 0 -0.476 -2.238 0 -2.67851 0 0
0 0 0 1430217432 26880 0 0 0 -0.481 -2.24 0 -2.69534 0 0
0 0 0 1430217432 66933 0 0 0 -0.486 -2.243 0 -2.71217 0 0
0 0 0 1430217432 106944 0 0 0 -0.491 -2.245 0 -2.729 0 0
0 0 0 1430217432 146943 0 0 0 -0.497 -2.248 0 -2.74736 0 0
0 0 0 1430217432 186926 0 0 0 -0.502 -2.25 0 -2.76419 0 0
0 0 0 1430217432 227000 0 0 0 -0.508 -2.252 0 -2.78255 0 0
0 0 0 1430217432 267012 0 0 0 -0.514 -2.255 0 -2.79938 0 0
0 0 0 1430217432 286938 0 0 0 -0.517 -2.256 0 -2.80856 0 0
0 0 0 1430217432 307060 0 0 0 -0.521 -2.257 0 -2.81774 0 0
0 0 0 1430217432 347053 0 0 0 -0.527 -2.259 0 -2.83457 0 0
0 0 0 1430217432 387077 0 0 0 -0.535 -2.261 0 -2.8514 0 0
0 0 0 1430217432 427063 0 0 0 -0.542 -2.264 0 -2.86823 0 0
0 0 0 1430217432 467011 0 0 0 -0.549 -2.266 0 -2.88659 0 0
0 0 0 1430217432 507075 0 0 0 -0.557 -2.268 0 -2.90342 0 0
0 0 0 1430217432 547047 0 0 0 -0.564 -2.269 0 -2.92178 0 0
0 0 0 1430217432 587060 0 0 0 -0.572 -2.271 0 -2.93861 0 0
0 0 0 1430217432 627192 0 0 0 -0.579 -2.272 0 -2.95544 0 0
0 0 0 1430217432 667184 0 0 0 -0.586 -2.274 0 -2.9738 0 0
0 0 0 1430217432 707110 0 0 0 -0.594 -2.275 0 -2.99063 0 0
0 0 0 1430217432 747173 0 0 0 -0.601 -2.276 0 -3.00746 0 0
0 0 0 1430217432 787119 0 0 0 -0.608 -2.277 0 -3.02429 0 0
0 0 0 1430217432 827098 0 0 0 -0.616 -2.278 0 -3.04265 0 0
0 0 0 1430217432 867239 0 0 0 -0.623 -2.279 0 -3.06101 0 0
0 0 0 1430217432 907248 0 0 0 -0.631 -2.279 0 -3.07784 0 0
0 0 0 1430217432 947247 0 0 0 -0.639 -2.28 0 -3.09467 0 0
0 0 0 1430217432 987239 0 0 0 -0.646 -2.28 0 -3.1115 0 0
0 0 0 1430217433 27248 0 0 0 -0.654 -2.28 0 -3.12986 0 0
0 0 0 1430217433 67236 0 0 0 -0.661 -2.28 0 3.1365 0 0
0 0 0 1430217433 107239 0 0 0 -0.669 -2.28 0 3.11661 0 0
0 0 0 1430217433 147366 0 0 0 -0.676 -2.28 0 3.09978 0 0
0 0 0 1430217433 187355 0 0 0 -0.683 -2.28 0 3.08295 0 0
0 0 0 1430217433 227350 0 0 0 -0.691 -2.28 0 3.06612 0 0
0 0 0 1430217433 267355 0 0 0 -0.699 -2.279 0 3.05082 0 0
0 0 0 1430217433 307358 0 0 0 -0.706 -2.278 0 3.03552 0 0
0 0 0 1430217433 347354 0 0 0 -0.714 -2.277 0 3.02022 0 0
0 0 0 1430217433 387351 0 0 0 -0.721 -2.277 0 3.00492 0 0
0 0 0 1430217433 427346 0 0 0 -0.729 -2.276 0 2.98962 0 0
0 0 0 1430217433 467566 0 0 0 -0.736 -2.274 0 2.97432 0 0
0 0 0 1430217433 507535 0 0 0 -0.743 -2.273 0 2.95902 0 0
0 0 0 1430217433 547558 0 0 0 -0.751 -2.272 0 2.94372 0 0
0 0 0 1430217433 587546 0 0 0 -0.758 -2.27 0 2.92842 0 0
0 0 0 1430217433 627679 0 0 0 -0.766 -2.269 0 2.91312 0 0
0 0 0 1430217433 667665 0 0 0 -0.773 -2.267 0 2.89782 0 0
0 0 0 1430217433 707607 0 0 0 -0.78 -2.265 0 2.88252 0 0
0 0 0 1430217433 747620 0 0 0 -0.788 -2.263 0 2.86722 0 0
0 0 0 1430217433 787625 0 0 0 -0.795 -2.261 0 2.85192 0 0
0 0 0 1430217433 827651 0 0 0 -0.802 -2.259 0 2.83662 0 0
0 0 0 1430217433 867689 0 0 0 -0.809 -2.257 0 2.82132 0 0
0 0 0 1430217433 907711 0 0 0 -0.817 -2.255 0 2.80755 0 0
0 0 0 1430217433 947697 0 0 0 -0.824 -2.252 0 2.79378 0 0
0 0 0 1430217433 987679 0 0 0 -0.832 -2.249 0 2.77848 0 0
0 0 0 1430217434 27804 0 0 0 -0.841 -2.246 0 2.76471 0 0
0 0 0 1430217434 67809 0 0 0 -0.85 -2.242 0 2.75247 0 0
0 0 0 1430217434 107782 0 0 0 -0.859 -2.238 0 2.7387 0 0
0 0 0 1430217434 147811 0 0 0 -0.869 -2.234 0 2.72646 0 0
0 0 0 1430217434 187780 0 0 0 -0.879 -2.23 0 2.71269 0 0
0 0 0 1430217434 227802 0 0 0 -0.89 -2.225 0 2.70045 0 0
0 0 0 1430217434 267813 0 0 0 -0.9 -2.22 0 2.68668 0 0
0 0 0 1430217434 307907 0 0 0 -0.91 -2.215 0 2.67291 0 0
0 0 0 1430217434 347933 0 0 0 -0.92 -2.21 0 2.66067 0 0
0 0 0 1430217434 387942 0 0 0 -0.93 -2.205 0 2.6469 0 0
0 0 0 1430217434 427937 0 0 0 -0.939 -2.2 0 2.63313 0 0
0 0 0 1430217434 467933 0 0 0 -0.949 -2.195 0 2.62089 0 0
0 0 0 1430217434 507903 0 0 0 -0.957 -2.19 0 2.61018 0 0
0 0 0 1430217434 547931 0 0 0 -0.966 -2.185 0 2.59794 0 0
0 0 0 1430217434 587906 0 0 0 -0.975 -2.18 0 2.59182 0 0
0 0 0 1430217434 628054 0 0 0 -0.983 -2.175 0 2.58723 0 0
0 0 0 1430217434 668058 0 0 0 -0.991 -2.169 0 2.58723 0 0
0 0 0 1430217434 708037 0 0 0 -0.999 -2.165 0 2.59182 0 0
0 0 0 1430217434 748054 0 0 0 -1.008 -2.159 0 2.59182 0 0
0 0 0 1430217434 788052 0 0 0 -1.016 -2.154 0 2.59335 0 0
0 0 0 1430217434 828493 0 0 0 -1.025 -2.149 0 2.59488 0 0
0 0 0 1430217434 868057 0 0 0 -1.033 -2.144 0 2.59335 0 0
0 0 0 1430217434 908185 0 0 0 -1.042 -2.139 0 2.59182 0 0
0 0 0 1430217434 948188 0 0 0 -1.05 -2.134 0 2.59182 0 0
0 0 0 1430217434 988188 0 0 0 -1.059 -2.129 0 2.59182 0 0
0 0 0 1430217435 28177 0 0 0 -1.067 -2.124 0 2.59182 0 0
0 0 0 1430217435 68179 0 0 0 -1.076 -2.119 0 2.59182 0 0
0 0 0 1430217435 108178 0 0 0 -1.084 -2.114 0 2.59182 0 0
0 0 0 1430217435 148183 0 0 0 -1.092 -2.109 0 2.59335 0 0
0 0 0 1430217435 188305 0 0 0 -1.101 -2.104 0 2.59488 0 0
0 0 0 1430217435 228293 0 0 0 -1.109 -2.099 0 2.59947 0 0
0 0 0 1430217435 268301 0 0 0 -1.118 -2.094 0 2.60712 0 0
0 0 0 1430217435 308280 0 0 0 -1.126 -2.089 0 2.61783 0 0
0 0 0 1430217435 348304 0 0 0 -1.135 -2.084 0 2.63313 0 0
0 0 0 1430217435 388305 0 0 0 -1.144 -2.079 0 2.64996 0 0
0 0 0 1430217435 428310 0 0 0 -1.153 -2.074 0 2.66679 0 0
0 0 0 1430217435 468437 0 0 0 -1.162 -2.07 0 2.68821 0 0
0 0 0 1430217435 508456 0 0 0 -1.17 -2.066 0 2.71116 0 0
0 0 0 1430217435 548433 0 0 0 -1.179 -2.062 0 2.73717 0 0
0 0 0 1430217435 588447 0 0 0 -1.188 -2.058 0 2.76318 0 0
0 0 0 1430217435 628435 0 0 0 -1.197 -2.055 0 2.79072 0 0
0 0 0 1430217435 668406 0 0 0 -1.207 -2.052 0 2.8152 0 0
0 0 0 1430217435 708433 0 0 0 -1.216 -2.049 0 2.83968 0 0
0 0 0 1430217435 748438 0 0 0 -1.226 -2.046 0 2.86416 0 0
0 0 0 1430217435 788558 0 0 0 -1.235 -2.044 0 2.89017 0 0
0 0 0 1430217435 828577 0 0 0 -1.245 -2.041 0 2.91618 0 0
0 0 0 1430217435 868563 0 0 0 -1.255 -2.039 0 2.94219 0 0
0 0 0 1430217435 908696 0 0 0 -1.264 -2.038 0 2.9682 0 0
0 0 0 1430217435 948693 0 0 0 -1.274 -2.036 0 2.99421 0 0
0 0 0 1430217435 988670 0 0 0 -1.284 -2.035 0 3.02022 0 0
0 0 0 1430217436 28564 0 0 0 -1.294 -2.034 0 3.04317 0 0
0 0 0 1430217436 68573 0 0 0 -1.303 -2.033 0 3.07071 0 0
0 0 0 1430217436 108688 0 0 0 -1.313 -2.033 0 3.09519 0 0
0 0 0 1430217436 148677 0 0 0 -1.323 -2.033 0 3.12273 0 0
0 0 0 1430217436 188687 0 0 0 -1.333 -2.033 0 -3.13139 0 0
0 0 0 1430217436 228696 0 0 0 -1.343 -2.033 0 -3.10538 0 0
0 0 0 1430217436 268690 0 0 0 -1.353 -2.033 0 -3.07937 0 0
0 0 0 1430217436 308790 0 0 0 -1.362 -2.034 0 -3.05183 0 0
0 0 0 1430217436 348811 0 0 0 -1.372 -2.035 0 -3.02276 0 0
0 0 0 1430217436 388812 0 0 0 -1.382 -2.037 0 -2.99369 0 0
0 0 0 1430217436 428800 0 0 0 -1.392 -2.038 0 -2.96462 0 0
0 0 0 1430217436 468824 0 0 0 -1.402 -2.04 0 -2.93555 0 0
0 0 0 1430217436 508794 0 0 0 -1.411 -2.043 0 -2.90189 0 0
0 0 0 1430217436 548820 0 0 0 -1.42 -2.045 0 -2.86823 0 0
0 0 0 1430217436 588827 0 0 0 -1.43 -2.048 0 -2.83763 0 0
0 0 0 1430217436 628829 0 0 0 -1.439 -2.051 0 -2.80244 0 0
0 0 0 1430217436 668901 0 0 0 -1.448 -2.055 0 -2.76878 0 0
0 0 0 1430217436 709386 0 0 0 -1.457 -2.058 0 -2.73512 0 0
0 0 0 1430217436 748928 0 0 0 -1.465 -2.062 0 -2.70299 0 0
0 0 0 1430217436 788946 0 0 0 -1.472 -2.066 0 -2.66933 0 0
0 0 0 1430217436 828915 0 0 0 -1.479 -2.069 0 -2.6372 0 0
0 0 0 1430217436 868970 0 0 0 -1.486 -2.073 0 -2.60354 0 0
0 0 0 1430217436 908938 0 0 0 -1.492 -2.077 0 -2.56988 0 0
0 0 0 1430217436 949046 0 0 0 -1.497 -2.081 0 -2.53775 0 0
0 0 0 1430217436 989071 0 0 0 -1.502 -2.084 0 -2.50256 0 0
0 0 0 1430217437 29110 0 0 0 -1.507 -2.089 0 -2.4689 0 0
0 0 0 1430217437 69041 0 0 0 -1.512 -2.093 0 -2.43677 0 0
0 0 0 1430217437 109076 0 0 0 -1.517 -2.097 0 -2.40311 0 0
0 0 0 1430217437 149080 0 0 0 -1.522 -2.102 0 -2.36945 0 0
0 0 0 1430217437 189083 0 0 0 -1.527 -2.107 0 -2.33579 0 0
0 0 0 1430217437 229181 0 0 0 -1.532 -2.112 0 -2.30213 0 0
0 0 0 1430217437 269114 0 0 0 -1.537 -2.118 0 -2.26847 0 0
0 0 0 1430217437 309097 0 0 0 -1.541 -2.123 0 -2.23481 0 0
0 0 0 1430217437 349097 0 0 0 -1.545 -2.129 0 -2.20268 0 0
0 0 0 1430217437 389095 0 0 0 -1.549 -2.134 0 -2.16902 0 0
0 0 0 1430217437 429110 0 0 0 -1.552 -2.14 0 -2.13689 0 0
0 0 0 1430217437 469094 0 0 0 -1.556 -2.146 0 -2.10323 0 0
0 0 0 1430217437 489097 0 0 0 -1.558 -2.149 0 -2.0864 0 0
0 0 0 1430217437 509228 0 0 0 -1.559 -2.152 0 -2.06804 0 0
0 0 0 1430217437 549222 0 0 0 -1.562 -2.158 0 -2.03438 0 0
0 0 0 1430217437 589222 0 0 0 -1.565 -2.164 0 -2.00225 0 0
0 0 0 1430217437 629226 0 0 0 -1.568 -2.17 0 -1.96859 0 0
0 0 0 1430217437 649225 0 0 0 -1.569 -2.173 0 -1.95176 0 0
0 0 0 1430217437 669244 0 0 0 -1.57 -2.176 0 -1.93493 0 0
0 0 0 1430217437 709195 0 0 0 -1.572 -2.182 0 -1.9028 0 0
0 0 0 1430217437 749235 0 0 0 -1.574 -2.188 0 -1.86761 0 0
0 0 0 1430217437 789346 0 0 0 -1.576 -2.194 0 -1.83548 0 0
0 0 0 1430217437 829349 0 0 0 -1.577 -2.199 0 -1.80488 0 0
0 0 0 1430217437 869343 0 0 0 -1.578 -2.205 0 -1.77122 0 0
0 0 0 1430217437 909349 0 0 0 -1.579 -2.21 0 -1.73756 0 0
0 0 0 1430217437 949345 0 0 0 -1.58 -2.215 0 -1.70543 0 0
0 0 0 1430217437 989347 0 0 0 -1.58 -2.221 0 -1.67177 0 0
0 0 0 1430217438 29348 0 0 0 -1.581 -2.226 0 -1.63658 0 0
0 0 0 1430217438 69357 0 0 0 -1.581 -2.232 0 -1.60139 0 0
0 0 0 1430217438 109471 0 0 0 -1.581 -2.237 0 -1.56773 0 0
0 0 0 1430217438 149493 0 0 0 -1.581 -2.243 0 -1.5356 0 0
0 0 0 1430217438 189597 0 0 0 -1.58 -2.248 0 -1.50194 0 0
0 0 0 1430217438 229498 0 0 0 -1.58 -2.253 0 -1.46981 0 0
0 0 0 1430217438 269482 0 0 0 -1.579 -2.258 0 -1.43921 0 0
0 0 0 1430217438 309608 0 0 0 -1.579 -2.263 0 -1.40708 0 0
0 0 0 1430217438 349612 0 0 0 -1.578 -2.267 0 -1.37342 0 0
0 0 0 1430217438 389587 0 0 0 -1.577 -2.272 0 -1.33976 0 0
0 0 0 1430217438 429587 0 0 0 -1.576 -2.276 0 -1.3061 0 0
0 0 0 1430217438 449622 0 0 0 -1.575 -2.278 0 -1.28927 0 0
0 0 0 1430217438 469614 0 0 0 -1.574 -2.28 0 -1.27244 0 0
0 0 0 1430217438 509626 0 0 0 -1.573 -2.283 0 -1.23878 0 0
0 0 0 1430217438 549619 0 0 0 -1.572 -2.287 0 -1.20665 0 0
0 0 0 1430217438 589608 0 0 0 -1.57 -2.29 0 -1.17605 0 0
0 0 0 1430217438 629728 0 0 0 -1.569 -2.293 0 -1.14698 0 0
0 0 0 1430217438 669726 0 0 0 -1.568 -2.296 0 -1.12097 0 0
0 0 0 1430217438 689728 0 0 0 -1.567 -2.297 0 -1.10873 0 0
0 0 0 1430217438 709732 0 0 0 -1.567 -2.298 0 -1.09649 0 0
0 0 0 1430217438 749719 0 0 0 -1.566 -2.3 0 -1.07354 0 0
0 0 0 1430217438 789744 0 0 0 -1.565 -2.301 0 -1.04906 0 0
0 0 0 1430217438 829732 0 0 0 -1.564 -2.303 0 -1.02611 0 0
0 0 0 1430217438 869741 0 0 0 -1.563 -2.304 0 -1.00316 0 0
0 0 0 1430217438 909722 0 0 0 -1.562 -2.306 0 -0.978675 0 0
0 0 0 1430217438 949850 0 0 0 -1.561 -2.307 0 -0.957255 0 0
0 0 0 1430217438 989845 0 0 0 -1.56 -2.308 0 -0.932775 0 0
0 0 0 1430217439 29850 0 0 0 -1.559 -2.31 0 -0.908295 0 0
0 0 0 1430217439 69844 0 0 0 -1.558 -2.312 0 -0.883815 0 0
0 0 0 1430217439 109976 0 0 0 -1.557 -2.313 0 -0.859335 0 0
0 0 0 1430217439 149922 0 0 0 -1.555 -2.314 0 -0.834855 0 0
0 0 0 1430217439 189947 0 0 0 -1.554 -2.316 0 -0.813435 0 0
0 0 0 1430217439 229943 0 0 0 -1.553 -2.317 0 -0.790485 0 0
0 0 0 1430217439 270096 0 0 0 -1.552 -2.318 0 -0.767535 0 0
0 0 0 1430217439 310032 0 0 0 -1.55 -2.319 0 -0.743055 0 0
0 0 0 1430217439 350028 0 0 0 -1.549 -2.321 0 -0.718575 0 0
0 0 0 1430217439 389996 0 0 0 -1.547 -2.322 0 -0.695625 0 0
0 0 0 1430217439 409995 0 0 0 -1.547 -2.322 0 -0.683385 0 0
0 0 0 1430217439 434252 0 0 0 -1.546 -2.323 0 -0.671145 0 0
0 0 0 1430217439 470050 0 0 0 -1.545 -2.323 0 -0.648195 0 0
0 0 0 1430217439 510028 0 0 0 -1.544 -2.324 0 -0.626775 0 0
0 0 0 1430217439 550055 0 0 0 -1.544 -2.324 0 -0.602295 0 0
0 0 0 1430217439 590187 0 0 0 -1.544 -2.324 0 -0.577815 0 0
0 0 0 1430217439 630480 0 0 0 -1.544 -2.324 0 -0.553335 0 0
0 0 0 1430217439 670186 0 0 0 -1.544 -2.324 0 -0.530385 0 0
0 0 0 1430217439 710169 0 0 0 -1.544 -2.324 0 -0.505905 0 0
0 0 0 1430217439 750182 0 0 0 -1.544 -2.324 0 -0.484485 0 0
0 0 0 1430217439 790189 0 0 0 -1.544 -2.324 0 -0.461535 0 0
0 0 0 1430217439 830194 0 0 0 -1.544 -2.324 0 -0.438585 0 0
0 0 0 1430217439 870310 0 0 0 -1.544 -2.324 0 -0.415635 0 0
0 0 0 1430217439 910305 0 0 0 -1.544 -2.324 0 -0.391155 0 0
0 0 0 1430217439 950307 0 0 0 -1.544 -2.324 0 -0.369735 0 0
0 0 0 1430217439 990311 0 0 0 -1.544 -2.324 0 -0.346785 0 0
0 0 0 1430217440 30300 0 0 0 -1.544 -2.324 0 -0.326895 0 0
0 0 0 1430217440 70272 0 0 0 -1.544 -2.324 0 -0.310065 0 0
0 0 0 1430217440 110313 0 0 0 -1.544 -2.324 0 -0.293235 0 0
0 0 0 1430217440 150433 0 0 0 -1.544 -2.324 0 -0.280995 0 0
0 0 0 1430217440 190430 0 0 0 -1.544 -2.324 0 -0.270285 0 0
0 0 0 1430217440 230417 0 0 0 -1.544 -2.324 0 -0.262635 0 0
0 0 0 1430217440 270429 0 0 0 -1.544 -2.324 0 -0.256515 0 0
0 0 0 1430217440 310432 0 0 0 -1.545 -2.324 0 -0.254985 0 0
0 0 0 1430217440 350435 0 0 0 -1.545 -2.324 0 -0.254985 0 0
0 0 0 1430217440 390556 0 0 0 -1.545 -2.324 0 -0.254985 0 0
0 0 0 1430217440 430569 0 0 0 -1.545 -2.324 0 -0.254985 0 0
0 0 0 1430217440 470561 0 0 0 -1.545 -2.324 0 -0.254985 0 0
0 0 0 1430217440 510559 0 0 0 -1.545 -2.324 0 -0.254985 0 0
0 0 0 1430217440 550546 0 0 0 -1.545 -2.324 0 -0.254985 0 0
0 0 0 1430217440 590681 0 0 0 -1.545 -2.324 0 -0.254985 0 0
0 0 0 1430217440 630568 0 0 0 -1.545 -2.324 0 -0.254985 0 0
0 0 0 1430217440 670669 0 0 0 -1.545 -2.324 0 -0.254985 0 0
0 0 0 1430217440 710558 0 0 0 -1.545 -2.324 0 -0.254985 0 0
0 0 0 1430217440 750691 0 0 0 -1.545 -2.324 0 -0.254985 0 0
0 0 0 1430217440 790678 0 0 0 -1.545 -2.324 0 -0.254985 0 0
0 0 0 1430217440 830683 0 0 0 -1.545 -2.324 0 -0.254985 0 0
0 0 0 1430217440 870696 0 0 0 -1.545 -2.324 0 -0.254985 0 0
0 0 0 1430217440 910687 0 0 0 -1.545 -2.324 0 -0.254985 0 0
0 0 0 1430217440 950735 0 0 0 -1.545 -2.324 0 -0.254985 0 0
0 0 0 1430217440 990769 0 0 0 -1.545 -2.324 0 -0.254985 0 0
0 0 0 1430217441 30803 0 0 0 -1.545 -2.324 0 -0.254985 0 0
0 0 0 1430217441 70807 0 0 0 -1.545 -2.324 0 -0.254985 0 0
0 0 0 1430217441 110787 0 0 0 -1.545 -2.324 0 -0.254985 0 0
0 0 0 1430217441 150801 0 0 0 -1.545 -2.324 0 -0.254985 0 0
0 0 0 1430217441 190810 0 0 0 -1.545 -2.324 0 -0.254985 0 0
0 0 0 1430217441 230804 0 0 0 -1.545 -2.324 0 -0.254985 0 0
0 0 0 1430217441 270811 0 0 0 -1.545 -2.324 0 -0.254985 0 0
0 0 0 1430217441 310938 0 0 0 -1.545 -2.324 0 -0.254985 0 0
0 0 0 1430217441 350928 0 0 0 -1.545 -2.324 0 -0.254985 0 0
0 0 0 1430217441 390940 0 0 0 -1.545 -2.324 0 -0.254985 0 0
0 0 0 1430217441 430918 0 0 0 -1.545 -2.324 0 -0.254985 0 0
0 0 0 1430217441 470928 0 0 0 -1.545 -2.324 0 -0.254985 0 0
0 0 0 1430217441 510969 0 0 0 -1.545 -2.324 0 -0.254985 0 0
0 0 0 1430217441 550938 0 0 0 -1.545 -2.324 0 -0.254985 0 0
0 0 0 1430217441 591057 0 0 0 -1.545 -2.324 0 -0.254985 0 0
0 0 0 1430217441 611062 0 0 0 -1.545 -2.324 0 -0.254985 0 0
0 0 0 1430217441 651055 0 0 0 -1.545 -2.324 0 -0.254985 0 0
0 0 0 1430217441 691067 0 0 0 -1.545 -2.324 0 -0.254985 0 0
0 0 0 1430217441 751042 0 0 0 -1.545 -2.324 0 -0.254985 0 0
0 0 0 1430217441 791055 0 0 0 -1.545 -2.324 0 -0.254985 0 0
0 0 0 1430217441 811062 0 0 0 -1.545 -2.324 0 -0.254985 0 0
0 0 0 1430217441 851052 0 0 0 -1.545 -2.324 0 -0.254985 0 0
0 0 0 1430217441 891186 0 0 0 -1.545 -2.324 0 -0.254985 0 0
0 0 0 1430217441 931218 0 0 0 -1.545 -2.324 0 -0.254985 0 0
0 0 0 1430217441 971225 0 0 0 -1.545 -2.324 0 -0.254985 0 0
0 0 0 1430217442 11187 0 0 0 -1.545 -2.324 0 -0.254985 0 0
0 0 0 1430217442 51195 0 0 0 -1.545 -2.324 0 -0.254985 0 0
0 0 0 1430217442 91182 0 0 0 -1.545 -2.324 0 -0.254985 0 0
0 0 0 1430217442 131191 0 0 0 -1.545 -2.324 0 -0.254985 0 0
0 0 0 1430217442 171305 0 0 0 -1.545 -2.324 0 -0.254985 0 0
0 0 0 1430217442 211339 0 0 0 -1.545 -2.324 0 -0.254985 0 0
0 0 0 1430217442 251332 0 0 0 -1.545 -2.324 0 -0.254985 0 0
0 0 0 1430217442 291317 0 0 0 -1.545 -2.324 0 -0.254985 0 0
0 0 0 1430217442 331321 0 0 0 -1.545 -2.324 0 -0.254985 0 0
