0 0 0 1430217516 383335 0 0 0 1.809 -2.226 0 -1.72991 0 0
0 0 0 1430217516 403259 0 0 0 1.809 -2.226 0 -1.72991 0 0
0 0 0 1430217516 423270 0 0 0 1.809 -2.226 0 -1.72991 0 0
0 0 0 1430217516 443174 0 0 0 1.809 -2.226 0 -1.72991 0 0
0 0 0 1430217516 463275 0 0 0 1.809 -2.226 0 -1.72991 0 0
0 0 0 1430217516 483246 0 0 0 1.809 -2.226 0 -1.72991 0 0
0 0 0 1430217516 503251 0 0 0 1.809 -2.226 0 -1.72991 0 0
0 0 0 1430217516 523229 0 0 0 1.809 -2.226 0 -1.72991 0 0
0 0 0 1430217516 543252 0 0 0 1.809 -2.226 0 -1.72991 0 0
0 0 0 1430217516 563338 0 0 0 1.809 -2.226 0 -1.72991 0 0
0 0 0 1430217516 583322 0 0 0 1.809 -2.226 0 -1.72991 0 0
0 0 0 1430217516 603346 0 0 0 1.809 -2.226 0 -1.72991 0 0
0 0 0 1430217516 623374 0 0 0 1.809 -2.226 0 -1.72991 0 0
0 0 0 1430217516 643361 0 0 0 1.809 -2.226 0 -1.72991 0 0
0 0 0 1430217516 663337 0 0 0 1.809 -2.226 0 -1.72991 0 0
0 0 0 1430217516 683380 0 0 0 1.809 -2.226 0 -1.72991 0 0
0 0 0 1430217516 703367 0 0 0 1.809 -2.226 0 -1.72991 0 0
0 0 0 1430217516 723378 0 0 0 1.809 -2.226 0 -1.72991 0 0
0 0 0 1430217516 743360 0 0 0 1.809 -2.226 0 -1.72991 0 0
0 0 0 1430217516 763361 0 0 0 1.809 -2.226 0 -1.72991 0 0
0 0 0 1430217516 783373 0 0 0 1.809 -2.226 0 -1.72991 0 0
0 0 0 1430217516 803374 0 0 0 1.809 -2.226 0 -1.72991 0 0
0 0 0 1430217516 823411 0 0 0 1.809 -2.226 0 -1.72991 0 0
0 0 0 1430217516 843494 0 0 0 1.809 -2.226 0 -1.72991 0 0
0 0 0 1430217516 863448 0 0 0 1.809 -2.226 0 -1.72991 0 0
0 0 0 1430217516 883475 0 0 0 1.809 -2.226 0 -1.72991 0 0
0 0 0 1430217516 903480 0 0 0 1.809 -2.226 0 -1.72991 0 0
0 0 0 1430217516 923498 0 0 0 1.809 -2.226 0 -1.72991 0 0
0 0 0 1430217516 943491 0 0 0 1.809 -2.226 0 -1.72991 0 0
0 0 0 1430217516 963526 0 0 0 1.809 -2.226 0 -1.72991 0 0
0 0 0 1430217516 983481 0 0 0 1.809 -2.226 0 -1.72991 0 0
0 0 0 1430217517 3483 0 0 0 1.809 -2.226 0 -1.72991 0 0
0 0 0 1430217517 23476 0 0 0 1.809 -2.226 0 -1.72991 0 0
0 0 0 1430217517 43490 0 0 0 1.809 -2.226 0 -1.72991 0 0
0 0 0 1430217517 63457 0 0 0 1.809 -2.226 0 -1.72991 0 0
0 0 0 1430217517 83482 0 0 0 1.809 -2.226 0 -1.73144 0 0
0 0 0 1430217517 103494 0 0 0 1.809 -2.226 0 -1.73297 0 0
0 0 0 1430217517 123484 0 0 0 1.809 -2.226 0 -1.7345 0 0
0 0 0 1430217517 143489 0 0 0 1.809 -2.226 0 -1.73603 0 0
0 0 0 1430217517 163721 0 0 0 1.809 -2.226 0 -1.73909 0 0
0 0 0 1430217517 183616 0 0 0 1.809 -2.226 0 -1.74215 0 0
0 0 0 1430217517 203606 0 0 0 1.809 -2.226 0 -1.74521 0 0
0 0 0 1430217517 223617 0 0 0 1.809 -2.226 0 -1.74827 0 0
0 0 0 1430217517 243614 0 0 0 1.809 -2.226 0 -1.75286 0 0
0 0 0 1430217517 263618 0 0 0 1.809 -2.226 0 -1.75745 0 0
0 0 0 1430217517 283761 0 0 0 1.809 -2.226 0 -1.76204 0 0
0 0 0 1430217517 303568 0 0 0 1.809 -2.226 0 -1.76663 0 0
0 0 0 1430217517 323714 0 0 0 1.809 -2.226 0 -1.77275 0 0
0 0 0 1430217517 343720 0 0 0 1.809 -2.226 0 -1.77887 0 0
0 0 0 1430217517 363634 0 0 0 1.809 -2.226 0 -1.78499 0 0
0 0 0 1430217517 383752 0 0 0 1.809 -2.226 0 -1.79111 0 0
0 0 0 1430217517 403711 0 0 0 1.809 -2.226 0 -1.79723 0 0
0 0 0 1430217517 423628 0 0 0 1.809 -2.226 0 -1.80488 0 0
0 0 0 1430217517 443753 0 0 0 1.809 -2.226 0 -1.81253 0 0
0 0 0 1430217517 463625 0 0 0 1.809 -2.226 0 -1.82018 0 0
0 0 0 1430217517 483608 0 0 0 1.809 -2.226 0 -1.82783 0 0
0 0 0 1430217517 503763 0 0 0 1.809 -2.226 0 -1.83395 0 0
0 0 0 1430217517 523757 0 0 0 1.809 -2.226 0 -1.8416 0 0
0 0 0 1430217517 543756 0 0 0 1.809 -2.226 0 -1.84925 0 0
0 0 0 1430217517 563723 0 0 0 1.809 -2.226 0 -1.8569 0 0
0 0 0 1430217517 583749 0 0 0 1.809 -2.226 0 -1.86455 0 0
0 0 0 1430217517 603726 0 0 0 1.809 -2.226 0 -1.8722 0 0
0 0 0 1430217517 623741 0 0 0 1.809 -2.226 0 -1.87832 0 0
0 0 0 1430217517 643713 0 0 0 1.809 -2.226 0 -1.88597 0 0
0 0 0 1430217517 663717 0 0 0 1.809 -2.226 0 -1.89362 0 0
0 0 0 1430217517 683761 0 0 0 1.809 -2.226 0 -1.89974 0 0
0 0 0 1430217517 703742 0 0 0 1.809 -2.226 0 -1.90739 0 0
0 0 0 1430217517 723861 0 0 0 1.809 -2.226 0 -1.91504 0 0
0 0 0 1430217517 743856 0 0 0 1.809 -2.226 0 -1.92116 0 0
0 0 0 1430217517 763881 0 0 0 1.809 -2.226 0 -1.92881 0 0
0 0 0 1430217517 783875 0 0 0 1.809 -2.226 0 -1.93646 0 0
0 0 0 1430217517 803850 0 0 0 1.809 -2.226 0 -1.94411 0 0
0 0 0 1430217517 823852 0 0 0 1.809 -2.226 0 -1.95176 0 0
0 0 0 1430217517 843845 0 0 0 1.809 -2.226 0 -1.95941 0 0
0 0 0 1430217517 863850 0 0 0 1.809 -2.226 0 -1.96706 0 0
0 0 0 1430217517 883842 0 0 0 1.809 -2.226 0 -1.97471 0 0
0 0 0 1430217517 903829 0 0 0 1.809 -2.226 0 -1.98236 0 0
0 0 0 1430217517 923812 0 0 0 1.809 -2.226 0 -1.98848 0 0
0 0 0 1430217517 943845 0 0 0 1.809 -2.226 0 -1.99613 0 0
0 0 0 1430217517 963846 0 0 0 1.809 -2.226 0 -2.00225 0 0
0 0 0 1430217517 983873 0 0 0 1.809 -2.226 0 -2.0099 0 0
0 0 0 1430217518 3868 0 0 0 1.809 -2.226 0 -2.01602 0 0
0 0 0 1430217518 23868 0 0 0 1.809 -2.226 0 -2.02367 0 0
0 0 0 1430217518 43933 0 0 0 1.809 -2.226 0 -2.03132 0 0
0 0 0 1430217518 63974 0 0 0 1.809 -2.226 0 -2.03897 0 0
0 0 0 1430217518 83984 0 0 0 1.809 -2.226 0 -2.04662 0 0
0 0 0 1430217518 104007 0 0 0 1.809 -2.226 0 -2.05427 0 0
0 0 0 1430217518 124010 0 0 0 1.809 -2.226 0 -2.06192 0 0
0 0 0 1430217518 143953 0 0 0 1.809 -2.226 0 -2.06957 0 0
0 0 0 1430217518 164017 0 0 0 1.809 -2.226 0 -2.07722 0 0
0 0 0 1430217518 183979 0 0 0 1.809 -2.226 0 -2.08487 0 0
0 0 0 1430217518 204001 0 0 0 1.809 -2.226 0 -2.09252 0 0
0 0 0 1430217518 224018 0 0 0 1.809 -2.226 0 -2.10017 0 0
0 0 0 1430217518 244023 0 0 0 1.809 -2.226 0 -2.10935 0 0
0 0 0 1430217518 263978 0 0 0 1.809 -2.226 0 -2.11853 0 0
0 0 0 1430217518 284009 0 0 0 1.809 -2.226 0 -2.12771 0 0
0 0 0 1430217518 304010 0 0 0 1.809 -2.226 0 -2.13689 0 0
0 0 0 1430217518 324005 0 0 0 1.809 -2.226 0 -2.14607 0 0
0 0 0 1430217518 343990 0 0 0 1.809 -2.226 0 -2.15678 0 0
0 0 0 1430217518 364108 0 0 0 1.809 -2.226 0 -2.16596 0 0
0 0 0 1430217518 384105 0 0 0 1.809 -2.226 0 -2.17514 0 0
0 0 0 1430217518 404107 0 0 0 1.809 -2.226 0 -2.18585 0 0
0 0 0 1430217518 424100 0 0 0 1.809 -2.226 0 -2.19503 0 0
0 0 0 1430217518 444111 0 0 0 1.809 -2.226 0 -2.20574 0 0
0 0 0 1430217518 464120 0 0 0 1.809 -2.226 0 -2.21492 0 0
0 0 0 1430217518 484125 0 0 0 1.809 -2.226 0 -2.22563 0 0
0 0 0 1430217518 504118 0 0 0 1.809 -2.226 0 -2.23481 0 0
0 0 0 1430217518 524076 0 0 0 1.809 -2.226 0 -2.24552 0 0
0 0 0 1430217518 544062 0 0 0 1.809 -2.226 0 -2.2547 0 0
0 0 0 1430217518 564023 0 0 0 1.809 -2.226 0 -2.26541 0 0
0 0 0 1430217518 584022 0 0 0 1.809 -2.226 0 -2.27459 0 0
0 0 0 1430217518 604014 0 0 0 1.809 -2.226 0 -2.2853 0 0
0 0 0 1430217518 624139 0 0 0 1.809 -2.226 0 -2.29601 0 0
0 0 0 1430217518 644189 0 0 0 1.809 -2.226 0 -2.30519 0 0
0 0 0 1430217518 664151 0 0 0 1.809 -2.226 0 -2.3159 0 0
0 0 0 1430217518 684156 0 0 0 1.809 -2.226 0 -2.32508 0 0
0 0 0 1430217518 704149 0 0 0 1.809 -2.226 0 -2.33426 0 0
0 0 0 1430217518 724150 0 0 0 1.809 -2.226 0 -2.34191 0 0
0 0 0 1430217518 744174 0 0 0 1.809 -2.226 0 -2.34956 0 0
0 0 0 1430217518 764146 0 0 0 1.809 -2.226 0 -2.35568 0 0
0 0 0 1430217518 784146 0 0 0 1.809 -2.226 0 -2.3618 0 0
0 0 0 1430217518 804159 0 0 0 1.809 -2.226 0 -2.36639 0 0
0 0 0 1430217518 824146 0 0 0 1.809 -2.225 0 -2.37251 0 0
0 0 0 1430217518 844137 0 0 0 1.809 -2.225 0 -2.37557 0 0
0 0 0 1430217518 864142 0 0 0 1.809 -2.225 0 -2.37863 0 0
0 0 0 1430217518 884145 0 0 0 1.809 -2.225 0 -2.38169 0 0
0 0 0 1430217518 904259 0 0 0 1.809 -2.225 0 -2.38322 0 0
0 0 0 1430217518 924287 0 0 0 1.809 -2.225 0 -2.38475 0 0
0 0 0 1430217518 944238 0 0 0 1.809 -2.225 0 -2.38475 0 0
0 0 0 1430217518 964272 0 0 0 1.809 -2.225 0 -2.38475 0 0
0 0 0 1430217518 984283 0 0 0 1.809 -2.225 0 -2.38475 0 0
0 0 0 1430217519 4266 0 0 0 1.809 -2.225 0 -2.38322 0 0
0 0 0 1430217519 24268 0 0 0 1.809 -2.225 0 -2.38322 0 0
0 0 0 1430217519 44267 0 0 0 1.809 -2.225 0 -2.38016 0 0
0 0 0 1430217519 64271 0 0 0 1.809 -2.225 0 -2.37863 0 0
0 0 0 1430217519 84273 0 0 0 1.809 -2.225 0 -2.3771 0 0
0 0 0 1430217519 104257 0 0 0 1.809 -2.226 0 -2.37404 0 0
0 0 0 1430217519 124268 0 0 0 1.809 -2.226 0 -2.37098 0 0
0 0 0 1430217519 144269 0 0 0 1.809 -2.226 0 -2.36792 0 0
0 0 0 1430217519 164266 0 0 0 1.809 -2.226 0 -2.3618 0 0
0 0 0 1430217519 184397 0 0 0 1.809 -2.226 0 -2.35874 0 0
0 0 0 1430217519 204527 0 0 0 1.809 -2.226 0 -2.35568 0 0
0 0 0 1430217519 224502 0 0 0 1.809 -2.226 0 -2.34956 0 0
0 0 0 1430217519 244461 0 0 0 1.809 -2.226 0 -2.34344 0 0
0 0 0 1430217519 264457 0 0 0 1.809 -2.226 0 -2.33885 0 0
0 0 0 1430217519 284486 0 0 0 1.809 -2.225 0 -2.3312 0 0
0 0 0 1430217519 304486 0 0 0 1.809 -2.225 0 -2.32355 0 0
0 0 0 1430217519 324477 0 0 0 1.809 -2.225 0 -2.3159 0 0
0 0 0 1430217519 344476 0 0 0 1.809 -2.225 0 -2.30825 0 0
0 0 0 1430217519 364478 0 0 0 1.809 -2.226 0 -2.29907 0 0
0 0 0 1430217519 384480 0 0 0 1.809 -2.226 0 -2.28989 0 0
0 0 0 1430217519 404466 0 0 0 1.809 -2.226 0 -2.27918 0 0
0 0 0 1430217519 424469 0 0 0 1.809 -2.226 0 -2.27 0 0
0 0 0 1430217519 444473 0 0 0 1.809 -2.226 0 -2.25929 0 0
0 0 0 1430217519 464482 0 0 0 1.809 -2.226 0 -2.25011 0 0
0 0 0 1430217519 484408 0 0 0 1.809 -2.226 0 -2.24093 0 0
0 0 0 1430217519 504573 0 0 0 1.809 -2.226 0 -2.23022 0 0
0 0 0 1430217519 524588 0 0 0 1.809 -2.226 0 -2.21951 0 0
0 0 0 1430217519 545169 0 0 0 1.809 -2.226 0 -2.21033 0 0
0 0 0 1430217519 564601 0 0 0 1.809 -2.226 0 -2.19962 0 0
0 0 0 1430217519 584592 0 0 0 1.809 -2.226 0 -2.19044 0 0
0 0 0 1430217519 604570 0 0 0 1.809 -2.226 0 -2.18126 0 0
0 0 0 1430217519 624534 0 0 0 1.809 -2.226 0 -2.17055 0 0
0 0 0 1430217519 644717 0 0 0 1.809 -2.226 0 -2.16137 0 0
0 0 0 1430217519 664716 0 0 0 1.809 -2.226 0 -2.15066 0 0
0 0 0 1430217519 684720 0 0 0 1.809 -2.226 0 -2.13995 0 0
0 0 0 1430217519 704714 0 0 0 1.809 -2.226 0 -2.13077 0 0
0 0 0 1430217519 724714 0 0 0 1.809 -2.226 0 -2.12006 0 0
0 0 0 1430217519 744695 0 0 0 1.809 -2.226 0 -2.10935 0 0
0 0 0 1430217519 764702 0 0 0 1.809 -2.226 0 -2.10017 0 0
0 0 0 1430217519 784693 0 0 0 1.809 -2.226 0 -2.08946 0 0
0 0 0 1430217519 804710 0 0 0 1.809 -2.226 0 -2.07875 0 0
0 0 0 1430217519 824726 0 0 0 1.809 -2.226 0 -2.06957 0 0
0 0 0 1430217519 844717 0 0 0 1.809 -2.226 0 -2.05886 0 0
0 0 0 1430217519 864713 0 0 0 1.809 -2.226 0 -2.04968 0 0
0 0 0 1430217519 884723 0 0 0 1.809 -2.226 0 -2.03897 0 0
0 0 0 1430217519 904735 0 0 0 1.809 -2.226 0 -2.02979 0 0
0 0 0 1430217519 924693 0 0 0 1.809 -2.226 0 -2.01908 0 0
0 0 0 1430217519 944714 0 0 0 1.809 -2.226 0 -2.0099 0 0
0 0 0 1430217519 964713 0 0 0 1.809 -2.226 0 -1.99919 0 0
0 0 0 1430217519 984716 0 0 0 1.809 -2.226 0 -1.98848 0 0
0 0 0 1430217520 4700 0 0 0 1.809 -2.226 0 -1.9793 0 0
0 0 0 1430217520 24706 0 0 0 1.809 -2.226 0 -1.96859 0 0
0 0 0 1430217520 44806 0 0 0 1.809 -2.226 0 -1.95788 0 0
0 0 0 1430217520 64853 0 0 0 1.809 -2.226 0 -1.9487 0 0
0 0 0 1430217520 84815 0 0 0 1.809 -2.226 0 -1.93952 0 0
0 0 0 1430217520 104831 0 0 0 1.809 -2.226 0 -1.92881 0 0
0 0 0 1430217520 124839 0 0 0 1.809 -2.226 0 -1.9181 0 0
0 0 0 1430217520 144826 0 0 0 1.809 -2.226 0 -1.90739 0 0
0 0 0 1430217520 164837 0 0 0 1.809 -2.226 0 -1.89668 0 0
0 0 0 1430217520 184845 0 0 0 1.809 -2.226 0 -1.88597 0 0
0 0 0 1430217520 204842 0 0 0 1.809 -2.226 0 -1.87526 0 0
0 0 0 1430217520 224834 0 0 0 1.809 -2.226 0 -1.86455 0 0
0 0 0 1430217520 244849 0 0 0 1.809 -2.226 0 -1.85231 0 0
0 0 0 1430217520 264844 0 0 0 1.809 -2.226 0 -1.8416 0 0
0 0 0 1430217520 284845 0 0 0 1.809 -2.226 0 -1.82936 0 0
0 0 0 1430217520 304828 0 0 0 1.809 -2.226 0 -1.81865 0 0
0 0 0 1430217520 324919 0 0 0 1.809 -2.226 0 -1.80641 0 0
0 0 0 1430217520 344854 0 0 0 1.809 -2.226 0 -1.79417 0 0
0 0 0 1430217520 364971 0 0 0 1.809 -2.226 0 -1.78346 0 0
0 0 0 1430217520 384951 0 0 0 1.809 -2.226 0 -1.77122 0 0
0 0 0 1430217520 404975 0 0 0 1.809 -2.226 0 -1.75898 0 0
0 0 0 1430217520 424962 0 0 0 1.809 -2.226 0 -1.74827 0 0
0 0 0 1430217520 444961 0 0 0 1.809 -2.226 0 -1.73603 0 0
0 0 0 1430217520 464933 0 0 0 1.809 -2.226 0 -1.72379 0 0
0 0 0 1430217520 484976 0 0 0 1.809 -2.226 0 -1.71155 0 0
0 0 0 1430217520 504969 0 0 0 1.809 -2.226 0 -1.69931 0 0
0 0 0 1430217520 524969 0 0 0 1.809 -2.226 0 -1.6886 0 0
0 0 0 1430217520 564961 0 0 0 1.809 -2.226 0 -1.66565 0 0
0 0 0 1430217520 604971 0 0 0 1.809 -2.226 0 -1.64117 0 0
0 0 0 1430217520 644970 0 0 0 1.809 -2.226 0 -1.61822 0 0
0 0 0 1430217520 685092 0 0 0 1.809 -2.226 0 -1.59374 0 0
0 0 0 1430217520 725098 0 0 0 1.809 -2.226 0 -1.57079 0 0
0 0 0 1430217520 765094 0 0 0 1.809 -2.226 0 -1.54631 0 0
0 0 0 1430217520 805090 0 0 0 1.809 -2.226 0 -1.52336 0 0
0 0 0 1430217520 845101 0 0 0 1.809 -2.226 0 -1.50041 0 0
0 0 0 1430217520 885094 0 0 0 1.809 -2.226 0 -1.47593 0 0
0 0 0 1430217520 925087 0 0 0 1.809 -2.226 0 -1.45298 0 0
0 0 0 1430217520 965219 0 0 0 1.809 -2.226 0 -1.4285 0 0
0 0 0 1430217521 5216 0 0 0 1.809 -2.226 0 -1.40555 0 0
0 0 0 1430217521 45239 0 0 0 1.809 -2.226 0 -1.38107 0 0
0 0 0 1430217521 85211 0 0 0 1.809 -2.226 0 -1.35812 0 0
0 0 0 1430217521 125197 0 0 0 1.809 -2.226 0 -1.33364 0 0
0 0 0 1430217521 165212 0 0 0 1.809 -2.226 0 -1.31069 0 0
0 0 0 1430217521 205185 0 0 0 1.809 -2.226 0 -1.28774 0 0
0 0 0 1430217521 245331 0 0 0 1.809 -2.226 0 -1.26479 0 0
0 0 0 1430217521 285293 0 0 0 1.809 -2.226 0 -1.24031 0 0
0 0 0 1430217521 325328 0 0 0 1.809 -2.226 0 -1.21736 0 0
0 0 0 1430217521 365331 0 0 0 1.809 -2.226 0 -1.19288 0 0
0 0 0 1430217521 405329 0 0 0 1.809 -2.226 0 -1.1684 0 0
0 0 0 1430217521 445312 0 0 0 1.809 -2.226 0 -1.14392 0 0
0 0 0 1430217521 485339 0 0 0 1.809 -2.226 0 -1.12097 0 0
0 0 0 1430217521 525459 0 0 0 1.809 -2.226 0 -1.09649 0 0
0 0 0 1430217521 565463 0 0 0 1.809 -2.226 0 -1.07201 0 0
0 0 0 1430217521 605489 0 0 0 1.809 -2.226 0 -1.04753 0 0
0 0 0 1430217521 645472 0 0 0 1.809 -2.226 0 -1.02305 0 0
0 0 0 1430217521 685430 0 0 0 1.809 -2.226 0 -0.998565 0 0
0 0 0 1430217521 725457 0 0 0 1.809 -2.226 0 -0.974085 0 0
0 0 0 1430217521 765442 0 0 0 1.809 -2.226 0 -0.949605 0 0
0 0 0 1430217521 805588 0 0 0 1.809 -2.226 0 -0.925125 0 0
0 0 0 1430217521 845579 0 0 0 1.809 -2.226 0 -0.900645 0 0
0 0 0 1430217521 885591 0 0 0 1.809 -2.226 0 -0.876165 0 0
0 0 0 1430217521 925578 0 0 0 1.809 -2.226 0 -0.851685 0 0
0 0 0 1430217521 965724 0 0 0 1.809 -2.226 0 -0.827205 0 0
0 0 0 1430217522 5687 0 0 0 1.809 -2.226 0 -0.804255 0 0
0 0 0 1430217522 45700 0 0 0 1.809 -2.226 0 -0.779775 0 0
0 0 0 1430217522 85718 0 0 0 1.809 -2.226 0 -0.759885 0 0
0 0 0 1430217522 125714 0 0 0 1.809 -2.226 0 -0.741525 0 0
0 0 0 1430217522 165721 0 0 0 1.809 -2.226 0 -0.726225 0 0
0 0 0 1430217522 205698 0 0 0 1.809 -2.226 0 -0.713985 0 0
0 0 0 1430217522 245723 0 0 0 1.809 -2.225 0 -0.703275 0 0
0 0 0 1430217522 285710 0 0 0 1.808 -2.225 0 -0.695625 0 0
0 0 0 1430217522 325691 0 0 0 1.808 -2.225 0 -0.691035 0 0
0 0 0 1430217522 365847 0 0 0 1.808 -2.225 0 -0.691035 0 0
0 0 0 1430217522 405852 0 0 0 1.808 -2.225 0 -0.692565 0 0
0 0 0 1430217522 445808 0 0 0 1.808 -2.225 0 -0.695625 0 0
0 0 0 1430217522 485808 0 0 0 1.809 -2.225 0 -0.700215 0 0
0 0 0 1430217522 525857 0 0 0 1.809 -2.226 0 -0.707865 0 0
0 0 0 1430217522 565836 0 0 0 1.809 -2.226 0 -0.720105 0 0
0 0 0 1430217522 605842 0 0 0 1.809 -2.226 0 -0.735405 0 0
0 0 0 1430217522 645820 0 0 0 1.809 -2.226 0 -0.753765 0 0
0 0 0 1430217522 685967 0 0 0 1.809 -2.226 0 -0.775185 0 0
0 0 0 1430217522 725938 0 0 0 1.809 -2.226 0 -0.799665 0 0
0 0 0 1430217522 765952 0 0 0 1.809 -2.226 0 -0.825675 0 0
0 0 0 1430217522 805947 0 0 0 1.809 -2.226 0 -0.856275 0 0
0 0 0 1430217522 845973 0 0 0 1.809 -2.226 0 -0.886875 0 0
0 0 0 1430217522 885933 0 0 0 1.809 -2.226 0 -0.917475 0 0
0 0 0 1430217522 925961 0 0 0 1.809 -2.226 0 -0.949605 0 0
0 0 0 1430217522 965939 0 0 0 1.809 -2.226 0 -0.981735 0 0
0 0 0 1430217523 6089 0 0 0 1.809 -2.226 0 -1.01234 0 0
0 0 0 1430217523 46156 0 0 0 1.809 -2.225 0 -1.046 0 0
0 0 0 1430217523 86132 0 0 0 1.809 -2.225 0 -1.07813 0 0
0 0 0 1430217523 106115 0 0 0 1.809 -2.225 0 -1.09496 0 0
0 0 0 1430217523 126097 0 0 0 1.809 -2.225 0 -1.11026 0 0
0 0 0 1430217523 165993 0 0 0 1.809 -2.225 0 -1.14239 0 0
0 0 0 1430217523 206026 0 0 0 1.809 -2.225 0 -1.17299 0 0
0 0 0 1430217523 246009 0 0 0 1.809 -2.225 0 -1.20512 0 0
0 0 0 1430217523 286141 0 0 0 1.809 -2.226 0 -1.23572 0 0
0 0 0 1430217523 326151 0 0 0 1.809 -2.226 0 -1.26785 0 0
0 0 0 1430217523 366135 0 0 0 1.809 -2.226 0 -1.29998 0 0
0 0 0 1430217523 406134 0 0 0 1.809 -2.226 0 -1.33211 0 0
0 0 0 1430217523 426137 0 0 0 1.809 -2.226 0 -1.34894 0 0
0 0 0 1430217523 446219 0 0 0 1.809 -2.226 0 -1.36424 0 0
0 0 0 1430217523 486165 0 0 0 1.809 -2.226 0 -1.39637 0 0
0 0 0 1430217523 526157 0 0 0 1.809 -2.226 0 -1.43003 0 0
0 0 0 1430217523 566266 0 0 0 1.809 -2.226 0 -1.46369 0 0
0 0 0 1430217523 606236 0 0 0 1.809 -2.226 0 -1.50041 0 0
0 0 0 1430217523 646258 0 0 0 1.809 -2.226 0 -1.53866 0 0
0 0 0 1430217523 686367 0 0 0 1.809 -2.226 0 -1.57997 0 0
0 0 0 1430217523 726267 0 0 0 1.809 -2.226 0 -1.61975 0 0
0 0 0 1430217523 766310 0 0 0 1.809 -2.226 0 -1.65953 0 0
0 0 0 1430217523 806281 0 0 0 1.809 -2.226 0 -1.69931 0 0
0 0 0 1430217523 846516 0 0 0 1.809 -2.226 0 -1.73909 0 0
0 0 0 1430217523 886443 0 0 0 1.809 -2.226 0 -1.77734 0 0
0 0 0 1430217523 926404 0 0 0 1.809 -2.226 0 -1.81712 0 0
0 0 0 1430217523 966394 0 0 0 1.809 -2.226 0 -1.8569 0 0
0 0 0 1430217524 6394 0 0 0 1.809 -2.226 0 -1.89668 0 0
0 0 0 1430217524 46447 0 0 0 1.809 -2.226 0 -1.93646 0 0
0 0 0 1430217524 86396 0 0 0 1.809 -2.226 0 -1.97624 0 0
0 0 0 1430217524 126523 0 0 0 1.809 -2.226 0 -2.01449 0 0
0 0 0 1430217524 166516 0 0 0 1.809 -2.226 0 -2.0558 0 0
0 0 0 1430217524 206528 0 0 0 1.809 -2.226 0 -2.09405 0 0
0 0 0 1430217524 246646 0 0 0 1.809 -2.226 0 -2.13536 0 0
0 0 0 1430217524 286642 0 0 0 1.809 -2.226 0 -2.17361 0 0
0 0 0 1430217524 326638 0 0 0 1.809 -2.226 0 -2.21339 0 0
0 0 0 1430217524 366643 0 0 0 1.809 -2.226 0 -2.25317 0 0
0 0 0 1430217524 406516 0 0 0 1.809 -2.226 0 -2.29295 0 0
0 0 0 1430217524 446640 0 0 0 1.809 -2.226 0 -2.3312 0 0
0 0 0 1430217524 486661 0 0 0 1.809 -2.226 0 -2.37098 0 0
0 0 0 1430217524 526640 0 0 0 1.809 -2.226 0 -2.41076 0 0
0 0 0 1430217524 566644 0 0 0 1.809 -2.226 0 -2.45207 0 0
0 0 0 1430217524 606645 0 0 0 1.809 -2.226 0 -2.49032 0 0
0 0 0 1430217524 646694 0 0 0 1.809 -2.226 0 -2.5301 0 0
0 0 0 1430217524 686777 0 0 0 1.809 -2.226 0 -2.56988 0 0
0 0 0 1430217524 726796 0 0 0 1.809 -2.226 0 -2.60966 0 0
0 0 0 1430217524 766778 0 0 0 1.809 -2.226 0 -2.64638 0 0
0 0 0 1430217524 806864 0 0 0 1.809 -2.226 0 -2.68157 0 0
0 0 0 1430217524 826846 0 0 0 1.809 -2.226 0 -2.6984 0 0
0 0 0 1430217524 846804 0 0 0 1.809 -2.226 0 -2.7137 0 0
0 0 0 1430217524 886784 0 0 0 1.809 -2.226 0 -2.74277 0 0
0 0 0 1430217524 926766 0 0 0 1.809 -2.226 0 -2.77031 0 0
0 0 0 1430217524 966782 0 0 0 1.809 -2.226 0 -2.79479 0 0
0 0 0 1430217525 6905 0 0 0 1.809 -2.226 0 -2.81468 0 0
0 0 0 1430217525 46896 0 0 0 1.809 -2.226 0 -2.83304 0 0
0 0 0 1430217525 86896 0 0 0 1.809 -2.226 0 -2.84681 0 0
0 0 0 1430217525 126910 0 0 0 1.809 -2.226 0 -2.85905 0 0
0 0 0 1430217525 166905 0 0 0 1.809 -2.226 0 -2.86823 0 0
0 0 0 1430217525 206902 0 0 0 1.809 -2.226 0 -2.87588 0 0
0 0 0 1430217525 246936 0 0 0 1.809 -2.226 0 -2.87894 0 0
0 0 0 1430217525 287023 0 0 0 1.809 -2.226 0 -2.88047 0 0
0 0 0 1430217525 327018 0 0 0 1.809 -2.226 0 -2.87894 0 0
0 0 0 1430217525 367021 0 0 0 1.809 -2.226 0 -2.87588 0 0
0 0 0 1430217525 407019 0 0 0 1.809 -2.226 0 -2.87129 0 0
0 0 0 1430217525 447018 0 0 0 1.809 -2.226 0 -2.86211 0 0
0 0 0 1430217525 487045 0 0 0 1.809 -2.226 0 -2.84987 0 0
0 0 0 1430217525 527017 0 0 0 1.809 -2.226 0 -2.83457 0 0
0 0 0 1430217525 567020 0 0 0 1.809 -2.226 0 -2.81774 0 0
0 0 0 1430217525 607149 0 0 0 1.809 -2.226 0 -2.79632 0 0
0 0 0 1430217525 647144 0 0 0 1.809 -2.226 0 -2.77184 0 0
0 0 0 1430217525 667141 0 0 0 1.809 -2.226 0 -2.75807 0 0
0 0 0 1430217525 687155 0 0 0 1.809 -2.226 0 -2.7443 0 0
0 0 0 1430217525 707147 0 0 0 1.809 -2.226 0 -2.73053 0 0
0 0 0 1430217525 727142 0 0 0 1.809 -2.226 0 -2.71676 0 0
0 0 0 1430217525 767101 0 0 0 1.809 -2.226 0 -2.68769 0 0
0 0 0 1430217525 807271 0 0 0 1.809 -2.226 0 -2.65862 0 0
0 0 0 1430217525 847256 0 0 0 1.809 -2.226 0 -2.62955 0 0
0 0 0 1430217525 887352 0 0 0 1.809 -2.226 0 -2.60048 0 0
0 0 0 1430217525 927352 0 0 0 1.809 -2.226 0 -2.57141 0 0
0 0 0 1430217525 967349 0 0 0 1.809 -2.226 0 -2.54387 0 0
0 0 0 1430217526 7348 0 0 0 1.809 -2.226 0 -2.51633 0 0
0 0 0 1430217526 47329 0 0 0 1.809 -2.226 0 -2.48726 0 0
0 0 0 1430217526 87293 0 0 0 1.809 -2.226 0 -2.45819 0 0
0 0 0 1430217526 127289 0 0 0 1.809 -2.226 0 -2.42912 0 0
0 0 0 1430217526 167285 0 0 0 1.809 -2.226 0 -2.40005 0 0
0 0 0 1430217526 207449 0 0 0 1.809 -2.226 0 -2.37251 0 0
0 0 0 1430217526 247480 0 0 0 1.809 -2.226 0 -2.34497 0 0
0 0 0 1430217526 287483 0 0 0 1.809 -2.226 0 -2.3159 0 0
0 0 0 1430217526 327486 0 0 0 1.809 -2.226 0 -2.28836 0 0
0 0 0 1430217526 367479 0 0 0 1.809 -2.226 0 -2.25929 0 0
0 0 0 1430217526 407477 0 0 0 1.809 -2.226 0 -2.23175 0 0
0 0 0 1430217526 447515 0 0 0 1.809 -2.226 0 -2.20268 0 0
0 0 0 1430217526 487599 0 0 0 1.809 -2.226 0 -2.17514 0 0
0 0 0 1430217526 527621 0 0 0 1.809 -2.226 0 -2.14607 0 0
0 0 0 1430217526 567581 0 0 0 1.809 -2.226 0 -2.117 0 0
0 0 0 1430217526 607594 0 0 0 1.809 -2.226 0 -2.08793 0 0
0 0 0 1430217526 647611 0 0 0 1.809 -2.226 0 -2.06039 0 0
0 0 0 1430217526 687725 0 0 0 1.809 -2.226 0 -2.03132 0 0
0 0 0 1430217526 727763 0 0 0 1.809 -2.226 0 -2.00225 0 0
0 0 0 1430217526 767749 0 0 0 1.809 -2.226 0 -1.97471 0 0
0 0 0 1430217526 807716 0 0 0 1.809 -2.226 0 -1.94717 0 0
0 0 0 1430217526 847752 0 0 0 1.809 -2.226 0 -1.92422 0 0
0 0 0 1430217526 887742 0 0 0 1.809 -2.226 0 -1.9028 0 0
0 0 0 1430217526 927765 0 0 0 1.809 -2.226 0 -1.88444 0 0
0 0 0 1430217526 967703 0 0 0 1.809 -2.225 0 -1.86761 0 0
0 0 0 1430217527 7721 0 0 0 1.809 -2.225 0 -1.85537 0 0
0 0 0 1430217527 47860 0 0 0 1.809 -2.226 0 -1.84619 0 0
0 0 0 1430217527 87867 0 0 0 1.809 -2.226 0 -1.84007 0 0
0 0 0 1430217527 127847 0 0 0 1.809 -2.226 0 -1.83701 0 0
0 0 0 1430217527 167851 0 0 0 1.809 -2.226 0 -1.83701 0 0
0 0 0 1430217527 207850 0 0 0 1.809 -2.226 0 -1.83701 0 0
0 0 0 1430217527 247870 0 0 0 1.809 -2.227 0 -1.83395 0 0
0 0 0 1430217527 287972 0 0 0 1.808 -2.228 0 -1.83395 0 0
0 0 0 1430217527 327849 0 0 0 1.808 -2.229 0 -1.83395 0 0
0 0 0 1430217527 367968 0 0 0 1.807 -2.231 0 -1.83395 0 0
0 0 0 1430217527 407987 0 0 0 1.807 -2.234 0 -1.83395 0 0
0 0 0 1430217527 447972 0 0 0 1.806 -2.237 0 -1.83395 0 0
0 0 0 1430217527 487998 0 0 0 1.805 -2.241 0 -1.83242 0 0
0 0 0 1430217527 527974 0 0 0 1.804 -2.246 0 -1.83395 0 0
0 0 0 1430217527 567979 0 0 0 1.803 -2.25 0 -1.83395 0 0
0 0 0 1430217527 608096 0 0 0 1.801 -2.255 0 -1.83242 0 0
0 0 0 1430217527 648096 0 0 0 1.8 -2.26 0 -1.83242 0 0
0 0 0 1430217527 688043 0 0 0 1.799 -2.266 0 -1.83242 0 0
0 0 0 1430217527 728122 0 0 0 1.797 -2.273 0 -1.83242 0 0
0 0 0 1430217527 768057 0 0 0 1.795 -2.28 0 -1.83242 0 0
0 0 0 1430217527 808112 0 0 0 1.793 -2.287 0 -1.83242 0 0
0 0 0 1430217527 848093 0 0 0 1.791 -2.295 0 -1.83242 0 0
0 0 0 1430217527 888072 0 0 0 1.789 -2.303 0 -1.83242 0 0
0 0 0 1430217527 928234 0 0 0 1.787 -2.312 0 -1.83242 0 0
0 0 0 1430217527 968222 0 0 0 1.785 -2.321 0 -1.83242 0 0
0 0 0 1430217528 8216 0 0 0 1.782 -2.33 0 -1.83242 0 0
0 0 0 1430217528 48239 0 0 0 1.78 -2.341 0 -1.82936 0 0
0 0 0 1430217528 88229 0 0 0 1.777 -2.351 0 -1.82477 0 0
0 0 0 1430217528 128228 0 0 0 1.774 -2.362 0 -1.81712 0 0
0 0 0 1430217528 168195 0 0 0 1.772 -2.374 0 -1.80947 0 0
0 0 0 1430217528 208227 0 0 0 1.769 -2.386 0 -1.80182 0 0
0 0 0 1430217528 248348 0 0 0 1.766 -2.398 0 -1.79417 0 0
0 0 0 1430217528 288347 0 0 0 1.763 -2.411 0 -1.78805 0 0
0 0 0 1430217528 328332 0 0 0 1.761 -2.425 0 -1.78346 0 0
0 0 0 1430217528 368376 0 0 0 1.758 -2.439 0 -1.77887 0 0
0 0 0 1430217528 408354 0 0 0 1.755 -2.453 0 -1.77734 0 0
0 0 0 1430217528 448366 0 0 0 1.752 -2.468 0 -1.77887 0 0
0 0 0 1430217528 488493 0 0 0 1.749 -2.484 0 -1.7804 0 0
0 0 0 1430217528 528434 0 0 0 1.746 -2.499 0 -1.7804 0 0
0 0 0 1430217528 568454 0 0 0 1.743 -2.515 0 -1.7804 0 0
0 0 0 1430217528 608479 0 0 0 1.74 -2.53 0 -1.77887 0 0
0 0 0 1430217528 648472 0 0 0 1.737 -2.546 0 -1.77887 0 0
0 0 0 1430217528 688490 0 0 0 1.733 -2.562 0 -1.77887 0 0
0 0 0 1430217528 728464 0 0 0 1.73 -2.578 0 -1.77887 0 0
0 0 0 1430217528 768498 0 0 0 1.727 -2.593 0 -1.77734 0 0
0 0 0 1430217528 808603 0 0 0 1.724 -2.608 0 -1.77581 0 0
0 0 0 1430217528 848597 0 0 0 1.722 -2.622 0 -1.77428 0 0
0 0 0 1430217528 888613 0 0 0 1.719 -2.636 0 -1.76969 0 0
0 0 0 1430217528 928574 0 0 0 1.716 -2.649 0 -1.76663 0 0
0 0 0 1430217528 968634 0 0 0 1.714 -2.662 0 -1.76204 0 0
0 0 0 1430217529 8755 0 0 0 1.712 -2.674 0 -1.75745 0 0
0 0 0 1430217529 48599 0 0 0 1.71 -2.686 0 -1.75439 0 0
0 0 0 1430217529 88613 0 0 0 1.708 -2.697 0 -1.74674 0 0
0 0 0 1430217529 128727 0 0 0 1.706 -2.708 0 -1.74062 0 0
0 0 0 1430217529 168734 0 0 0 1.705 -2.719 0 -1.73144 0 0
0 0 0 1430217529 208726 0 0 0 1.703 -2.729 0 -1.72226 0 0
0 0 0 1430217529 248686 0 0 0 1.702 -2.738 0 -1.70696 0 0
0 0 0 1430217529 288708 0 0 0 1.701 -2.748 0 -1.69166 0 0
0 0 0 1430217529 328863 0 0 0 1.7 -2.756 0 -1.6733 0 0
0 0 0 1430217529 368848 0 0 0 1.699 -2.764 0 -1.65188 0 0
0 0 0 1430217529 408852 0 0 0 1.699 -2.772 0 -1.63199 0 0
0 0 0 1430217529 448870 0 0 0 1.699 -2.779 0 -1.61363 0 0
0 0 0 1430217529 488850 0 0 0 1.699 -2.786 0 -1.59221 0 0
0 0 0 1430217529 528854 0 0 0 1.699 -2.792 0 -1.57079 0 0
0 0 0 1430217529 568864 0 0 0 1.699 -2.798 0 -1.5509 0 0
0 0 0 1430217529 608861 0 0 0 1.699 -2.804 0 -1.52948 0 0
0 0 0 1430217529 648953 0 0 0 1.699 -2.809 0 -1.50653 0 0
0 0 0 1430217529 688892 0 0 0 1.7 -2.814 0 -1.48664 0 0
0 0 0 1430217529 728897 0 0 0 1.7 -2.818 0 -1.46369 0 0
0 0 0 1430217529 768904 0 0 0 1.7 -2.821 0 -1.43768 0 0
0 0 0 1430217529 808927 0 0 0 1.701 -2.824 0 -1.41167 0 0
0 0 0 1430217529 849238 0 0 0 1.701 -2.827 0 -1.38413 0 0
0 0 0 1430217529 888896 0 0 0 1.702 -2.829 0 -1.35506 0 0
0 0 0 1430217529 929015 0 0 0 1.702 -2.83 0 -1.32446 0 0
0 0 0 1430217529 969012 0 0 0 1.702 -2.831 0 -1.29233 0 0
0 0 0 1430217530 9020 0 0 0 1.703 -2.832 0 -1.2602 0 0
0 0 0 1430217530 49013 0 0 0 1.703 -2.832 0 -1.2296 0 0
0 0 0 1430217530 89029 0 0 0 1.703 -2.832 0 -1.19747 0 0
0 0 0 1430217530 129013 0 0 0 1.703 -2.832 0 -1.16687 0 0
0 0 0 1430217530 169024 0 0 0 1.703 -2.832 0 -1.13474 0 0
0 0 0 1430217530 209042 0 0 0 1.703 -2.832 0 -1.10567 0 0
0 0 0 1430217530 249141 0 0 0 1.702 -2.832 0 -1.07507 0 0
0 0 0 1430217530 289139 0 0 0 1.703 -2.832 0 -1.04141 0 0
0 0 0 1430217530 329139 0 0 0 1.703 -2.832 0 -1.01081 0 0
0 0 0 1430217530 369138 0 0 0 1.703 -2.832 0 -0.978675 0 0
0 0 0 1430217530 409141 0 0 0 1.703 -2.832 0 -0.948075 0 0
0 0 0 1430217530 449233 0 0 0 1.703 -2.832 0 -0.917475 0 0
0 0 0 1430217530 489210 0 0 0 1.703 -2.832 0 -0.886875 0 0
0 0 0 1430217530 529285 0 0 0 1.703 -2.832 0 -0.854745 0 0
0 0 0 1430217530 569343 0 0 0 1.703 -2.832 0 -0.822615 0 0
0 0 0 1430217530 609349 0 0 0 1.703 -2.832 0 -0.792015 0 0
0 0 0 1430217530 649350 0 0 0 1.703 -2.832 0 -0.759885 0 0
0 0 0 1430217530 689352 0 0 0 1.703 -2.832 0 -0.729285 0 0
0 0 0 1430217530 729287 0 0 0 1.703 -2.832 0 -0.698685 0 0
0 0 0 1430217530 769270 0 0 0 1.703 -2.832 0 -0.669615 0 0
0 0 0 1430217530 809284 0 0 0 1.703 -2.832 0 -0.640545 0 0
0 0 0 1430217530 849427 0 0 0 1.702 -2.832 0 -0.611475 0 0
0 0 0 1430217530 889472 0 0 0 1.703 -2.832 0 -0.582405 0 0
0 0 0 1430217530 929473 0 0 0 1.703 -2.832 0 -0.553335 0 0
0 0 0 1430217530 969426 0 0 0 1.703 -2.832 0 -0.525795 0 0
0 0 0 1430217531 9471 0 0 0 1.703 -2.832 0 -0.499785 0 0
0 0 0 1430217531 49462 0 0 0 1.703 -2.832 0 -0.476835 0 0
0 0 0 1430217531 89477 0 0 0 1.703 -2.832 0 -0.458475 0 0
0 0 0 1430217531 129559 0 0 0 1.703 -2.832 0 -0.441645 0 0
0 0 0 1430217531 169597 0 0 0 1.702 -2.832 0 -0.426345 0 0
0 0 0 1430217531 209566 0 0 0 1.702 -2.832 0 -0.414105 0 0
0 0 0 1430217531 249596 0 0 0 1.702 -2.832 0 -0.404925 0 0
0 0 0 1430217531 289700 0 0 0 1.702 -2.831 0 -0.398805 0 0
0 0 0 1430217531 329687 0 0 0 1.702 -2.831 0 -0.394215 0 0
0 0 0 1430217531 369728 0 0 0 1.702 -2.831 0 -0.394215 0 0
0 0 0 1430217531 409716 0 0 0 1.702 -2.832 0 -0.397275 0 0
0 0 0 1430217531 449721 0 0 0 1.702 -2.832 0 -0.398805 0 0
0 0 0 1430217531 489720 0 0 0 1.703 -2.832 0 -0.404925 0 0
0 0 0 1430217531 529723 0 0 0 1.703 -2.832 0 -0.414105 0 0
0 0 0 1430217531 569710 0 0 0 1.703 -2.832 0 -0.427875 0 0
0 0 0 1430217531 609720 0 0 0 1.703 -2.832 0 -0.443175 0 0
0 0 0 1430217531 649708 0 0 0 1.703 -2.832 0 -0.461535 0 0
0 0 0 1430217531 689843 0 0 0 1.703 -2.832 0 -0.484485 0 0
0 0 0 1430217531 729845 0 0 0 1.703 -2.832 0 -0.508965 0 0
0 0 0 1430217531 769847 0 0 0 1.703 -2.832 0 -0.536505 0 0
0 0 0 1430217531 809840 0 0 0 1.703 -2.832 0 -0.565575 0 0
0 0 0 1430217531 849845 0 0 0 1.703 -2.832 0 -0.597705 0 0
0 0 0 1430217531 889828 0 0 0 1.703 -2.832 0 -0.628305 0 0
0 0 0 1430217531 929845 0 0 0 1.703 -2.832 0 -0.658905 0 0
0 0 0 1430217531 969812 0 0 0 1.703 -2.832 0 -0.689505 0 0
0 0 0 1430217532 9965 0 0 0 1.703 -2.832 0 -0.720105 0 0
0 0 0 1430217532 49946 0 0 0 1.703 -2.832 0 -0.750705 0 0
0 0 0 1430217532 89965 0 0 0 1.703 -2.832 0 -0.779775 0 0
0 0 0 1430217532 129939 0 0 0 1.703 -2.832 0 -0.810375 0 0
0 0 0 1430217532 169970 0 0 0 1.703 -2.832 0 -0.840975 0 0
0 0 0 1430217532 210012 0 0 0 1.703 -2.832 0 -0.873105 0 0
0 0 0 1430217532 249966 0 0 0 1.703 -2.832 0 -0.905235 0 0
0 0 0 1430217532 290096 0 0 0 1.703 -2.832 0 -0.937365 0 0
0 0 0 1430217532 330090 0 0 0 1.703 -2.832 0 -0.969495 0 0
0 0 0 1430217532 370097 0 0 0 1.703 -2.832 0 -1.00316 0 0
0 0 0 1430217532 410090 0 0 0 1.703 -2.832 0 -1.03682 0 0
0 0 0 1430217532 450096 0 0 0 1.703 -2.832 0 -1.07048 0 0
0 0 0 1430217532 490092 0 0 0 1.703 -2.832 0 -1.10567 0 0
0 0 0 1430217532 530098 0 0 0 1.703 -2.832 0 -1.14086 0 0
0 0 0 1430217532 570212 0 0 0 1.703 -2.832 0 -1.17605 0 0
0 0 0 1430217532 610214 0 0 0 1.703 -2.832 0 -1.21124 0 0
0 0 0 1430217532 650179 0 0 0 1.703 -2.832 0 -1.24796 0 0
0 0 0 1430217532 690222 0 0 0 1.703 -2.832 0 -1.28315 0 0
0 0 0 1430217532 730186 0 0 0 1.703 -2.832 0 -1.31834 0 0
0 0 0 1430217532 770222 0 0 0 1.703 -2.832 0 -1.35353 0 0
0 0 0 1430217532 810207 0 0 0 1.703 -2.832 0 -1.38872 0 0
0 0 0 1430217532 850220 0 0 0 1.703 -2.832 0 -1.42544 0 0
0 0 0 1430217532 890330 0 0 0 1.703 -2.832 0 -1.46063 0 0
0 0 0 1430217532 930344 0 0 0 1.703 -2.832 0 -1.49888 0 0
0 0 0 1430217532 970347 0 0 0 1.703 -2.832 0 -1.5356 0 0
0 0 0 1430217533 10350 0 0 0 1.703 -2.832 0 -1.57232 0 0
0 0 0 1430217533 50358 0 0 0 1.703 -2.832 0 -1.60904 0 0
0 0 0 1430217533 90344 0 0 0 1.703 -2.832 0 -1.64576 0 0
0 0 0 1430217533 130472 0 0 0 1.703 -2.832 0 -1.68248 0 0
0 0 0 1430217533 170478 0 0 0 1.703 -2.832 0 -1.7192 0 0
0 0 0 1430217533 210473 0 0 0 1.703 -2.832 0 -1.75592 0 0
0 0 0 1430217533 250472 0 0 0 1.703 -2.832 0 -1.79264 0 0
0 0 0 1430217533 290476 0 0 0 1.703 -2.832 0 -1.82936 0 0
0 0 0 1430217533 330470 0 0 0 1.703 -2.832 0 -1.86761 0 0
0 0 0 1430217533 370477 0 0 0 1.703 -2.832 0 -1.90433 0 0
0 0 0 1430217533 410469 0 0 0 1.703 -2.832 0 -1.94105 0 0
0 0 0 1430217533 450595 0 0 0 1.703 -2.832 0 -1.97624 0 0
0 0 0 1430217533 490587 0 0 0 1.703 -2.832 0 -2.01296 0 0
0 0 0 1430217533 530604 0 0 0 1.703 -2.832 0 -2.04968 0 0
0 0 0 1430217533 570590 0 0 0 1.703 -2.832 0 -2.08793 0 0
0 0 0 1430217533 610592 0 0 0 1.703 -2.832 0 -2.12465 0 0
0 0 0 1430217533 650695 0 0 0 1.703 -2.832 0 -2.16137 0 0
0 0 0 1430217533 690721 0 0 0 1.703 -2.832 0 -2.19809 0 0
0 0 0 1430217533 730682 0 0 0 1.703 -2.832 0 -2.23481 0 0
0 0 0 1430217533 770725 0 0 0 1.703 -2.832 0 -2.27153 0 0
0 0 0 1430217533 810697 0 0 0 1.703 -2.832 0 -2.30825 0 0
0 0 0 1430217533 850731 0 0 0 1.703 -2.832 0 -2.34497 0 0
0 0 0 1430217533 890695 0 0 0 1.703 -2.832 0 -2.38322 0 0
0 0 0 1430217533 910724 0 0 0 1.703 -2.832 0 -2.40158 0 0
0 0 0 1430217533 930721 0 0 0 1.703 -2.832 0 -2.41994 0 0
0 0 0 1430217533 970690 0 0 0 1.703 -2.832 0 -2.45666 0 0
0 0 0 1430217534 10842 0 0 0 1.703 -2.832 0 -2.49185 0 0
0 0 0 1430217534 50829 0 0 0 1.703 -2.832 0 -2.52857 0 0
0 0 0 1430217534 90811 0 0 0 1.703 -2.832 0 -2.56529 0 0
0 0 0 1430217534 130812 0 0 0 1.703 -2.832 0 -2.59895 0 0
0 0 0 1430217534 170813 0 0 0 1.703 -2.832 0 -2.62955 0 0
0 0 0 1430217534 210978 0 0 0 1.703 -2.832 0 -2.65709 0 0
0 0 0 1430217534 250895 0 0 0 1.703 -2.832 0 -2.68157 0 0
0 0 0 1430217534 290870 0 0 0 1.703 -2.832 0 -2.70452 0 0
0 0 0 1430217534 310978 0 0 0 1.703 -2.832 0 -2.7137 0 0
0 0 0 1430217534 331009 0 0 0 1.703 -2.832 0 -2.72441 0 0
0 0 0 1430217534 370920 0 0 0 1.703 -2.832 0 -2.73971 0 0
0 0 0 1430217534 410919 0 0 0 1.703 -2.832 0 -2.75042 0 0
0 0 0 1430217534 450916 0 0 0 1.703 -2.832 0 -2.76113 0 0
0 0 0 1430217534 490951 0 0 0 1.703 -2.832 0 -2.76878 0 0
0 0 0 1430217534 530905 0 0 0 1.703 -2.832 0 -2.77337 0 0
0 0 0 1430217534 570913 0 0 0 1.703 -2.832 0 -2.77796 0 0
0 0 0 1430217534 611031 0 0 0 1.703 -2.832 0 -2.77796 0 0
0 0 0 1430217534 651032 0 0 0 1.703 -2.832 0 -2.77796 0 0
0 0 0 1430217534 671058 0 0 0 1.703 -2.832 0 -2.77796 0 0
0 0 0 1430217534 691030 0 0 0 1.703 -2.832 0 -2.77643 0 0
0 0 0 1430217534 731027 0 0 0 1.703 -2.832 0 -2.76878 0 0
0 0 0 1430217534 771025 0 0 0 1.703 -2.832 0 -2.75807 0 0
0 0 0 1430217534 811021 0 0 0 1.703 -2.832 0 -2.7443 0 0
0 0 0 1430217534 851022 0 0 0 1.703 -2.832 0 -2.72594 0 0
0 0 0 1430217534 891161 0 0 0 1.703 -2.832 0 -2.70758 0 0
0 0 0 1430217534 931145 0 0 0 1.703 -2.832 0 -2.68463 0 0
0 0 0 1430217534 971148 0 0 0 1.703 -2.832 0 -2.66015 0 0
0 0 0 1430217535 11149 0 0 0 1.703 -2.832 0 -2.63261 0 0
0 0 0 1430217535 51152 0 0 0 1.703 -2.832 0 -2.60201 0 0
0 0 0 1430217535 91151 0 0 0 1.703 -2.832 0 -2.56835 0 0
0 0 0 1430217535 131363 0 0 0 1.703 -2.832 0 -2.53316 0 0
0 0 0 1430217535 171151 0 0 0 1.703 -2.832 0 -2.49797 0 0
0 0 0 1430217535 211270 0 0 0 1.703 -2.832 0 -2.46584 0 0
0 0 0 1430217535 251298 0 0 0 1.703 -2.832 0 -2.43218 0 0
0 0 0 1430217535 291319 0 0 0 1.703 -2.832 0 -2.40005 0 0
0 0 0 1430217535 331265 0 0 0 1.703 -2.832 0 -2.36792 0 0
0 0 0 1430217535 371295 0 0 0 1.703 -2.832 0 -2.33426 0 0
0 0 0 1430217535 411277 0 0 0 1.703 -2.832 0 -2.3006 0 0
0 0 0 1430217535 451275 0 0 0 1.703 -2.832 0 -2.26541 0 0
0 0 0 1430217535 491388 0 0 0 1.703 -2.832 0 -2.23328 0 0
0 0 0 1430217535 531371 0 0 0 1.703 -2.832 0 -2.19962 0 0
0 0 0 1430217535 571374 0 0 0 1.703 -2.832 0 -2.16749 0 0
0 0 0 1430217535 611413 0 0 0 1.703 -2.832 0 -2.13383 0 0
0 0 0 1430217535 651404 0 0 0 1.703 -2.832 0 -2.1017 0 0
0 0 0 1430217535 691401 0 0 0 1.703 -2.832 0 -2.0711 0 0
0 0 0 1430217535 731534 0 0 0 1.703 -2.832 0 -2.04356 0 0
0 0 0 1430217535 771536 0 0 0 1.703 -2.832 0 -2.01755 0 0
0 0 0 1430217535 811538 0 0 0 1.703 -2.832 0 -1.99766 0 0
0 0 0 1430217535 851533 0 0 0 1.703 -2.832 0 -1.97777 0 0
0 0 0 1430217535 891523 0 0 0 1.703 -2.832 0 -1.96247 0 0
0 0 0 1430217535 931769 0 0 0 1.703 -2.832 0 -1.9487 0 0
0 0 0 1430217535 971631 0 0 0 1.703 -2.832 0 -1.93646 0 0
0 0 0 1430217536 11680 0 0 0 1.703 -2.832 0 -1.92575 0 0
0 0 0 1430217536 51530 0 0 0 1.703 -2.832 0 -1.91351 0 0
0 0 0 1430217536 91520 0 0 0 1.703 -2.832 0 -1.89974 0 0
0 0 0 1430217536 131646 0 0 0 1.703 -2.832 0 -1.88597 0 0
0 0 0 1430217536 171648 0 0 0 1.703 -2.832 0 -1.8722 0 0
0 0 0 1430217536 211651 0 0 0 1.703 -2.832 0 -1.8569 0 0
0 0 0 1430217536 251650 0 0 0 1.703 -2.832 0 -1.84313 0 0
0 0 0 1430217536 291656 0 0 0 1.703 -2.832 0 -1.82936 0 0
0 0 0 1430217536 331775 0 0 0 1.703 -2.832 0 -1.81559 0 0
0 0 0 1430217536 371769 0 0 0 1.703 -2.832 0 -1.80029 0 0
0 0 0 1430217536 411776 0 0 0 1.703 -2.832 0 -1.78652 0 0
0 0 0 1430217536 451771 0 0 0 1.703 -2.832 0 -1.77275 0 0
0 0 0 1430217536 491786 0 0 0 1.703 -2.832 0 -1.75745 0 0
0 0 0 1430217536 531799 0 0 0 1.703 -2.832 0 -1.74215 0 0
0 0 0 1430217536 571778 0 0 0 1.703 -2.832 0 -1.72532 0 0
0 0 0 1430217536 611784 0 0 0 1.703 -2.832 0 -1.71002 0 0
0 0 0 1430217536 651904 0 0 0 1.703 -2.832 0 -1.69625 0 0
0 0 0 1430217536 691908 0 0 0 1.703 -2.832 0 -1.68248 0 0
0 0 0 1430217536 731898 0 0 0 1.703 -2.832 0 -1.6733 0 0
0 0 0 1430217536 771990 0 0 0 1.703 -2.832 0 -1.66565 0 0
0 0 0 1430217536 811998 0 0 0 1.703 -2.832 0 -1.66106 0 0
0 0 0 1430217536 851930 0 0 0 1.703 -2.832 0 -1.65953 0 0
0 0 0 1430217536 891977 0 0 0 1.703 -2.832 0 -1.65953 0 0
0 0 0 1430217536 932128 0 0 0 1.703 -2.832 0 -1.65953 0 0
0 0 0 1430217536 972118 0 0 0 1.703 -2.832 0 -1.66106 0 0
0 0 0 1430217537 12134 0 0 0 1.703 -2.832 0 -1.66106 0 0
0 0 0 1430217537 52039 0 0 0 1.703 -2.832 0 -1.66106 0 0
0 0 0 1430217537 92043 0 0 0 1.703 -2.832 0 -1.66106 0 0
0 0 0 1430217537 132060 0 0 0 1.703 -2.832 0 -1.65953 0 0
0 0 0 1430217537 172155 0 0 0 1.703 -2.832 0 -1.65953 0 0
0 0 0 1430217537 212118 0 0 0 1.703 -2.832 0 -1.65647 0 0
0 0 0 1430217537 252221 0 0 0 1.703 -2.834 0 -1.658 0 0
0 0 0 1430217537 292204 0 0 0 1.702 -2.835 0 -1.65647 0 0
0 0 0 1430217537 332235 0 0 0 1.702 -2.837 0 -1.65647 0 0
0 0 0 1430217537 372228 0 0 0 1.702 -2.84 0 -1.65647 0 0
0 0 0 1430217537 412232 0 0 0 1.702 -2.844 0 -1.65647 0 0
0 0 0 1430217537 452224 0 0 0 1.702 -2.847 0 -1.65647 0 0
0 0 0 1430217537 492227 0 0 0 1.701 -2.852 0 -1.65647 0 0
0 0 0 1430217537 532375 0 0 0 1.701 -2.857 0 -1.65647 0 0
0 0 0 1430217537 572355 0 0 0 1.701 -2.862 0 -1.65647 0 0
0 0 0 1430217537 612355 0 0 0 1.7 -2.867 0 -1.65647 0 0
0 0 0 1430217537 652354 0 0 0 1.7 -2.873 0 -1.65647 0 0
0 0 0 1430217537 692349 0 0 0 1.699 -2.88 0 -1.65647 0 0
0 0 0 1430217537 732364 0 0 0 1.699 -2.887 0 -1.65647 0 0
0 0 0 1430217537 772351 0 0 0 1.698 -2.895 0 -1.65647 0 0
0 0 0 1430217537 812476 0 0 0 1.698 -2.903 0 -1.65647 0 0
0 0 0 1430217537 852499 0 0 0 1.697 -2.911 0 -1.65647 0 0
0 0 0 1430217537 892477 0 0 0 1.696 -2.92 0 -1.65647 0 0
0 0 0 1430217537 932485 0 0 0 1.696 -2.93 0 -1.65647 0 0
0 0 0 1430217537 972467 0 0 0 1.695 -2.94 0 -1.658 0 0
0 0 0 1430217538 12478 0 0 0 1.694 -2.95 0 -1.65953 0 0
0 0 0 1430217538 52464 0 0 0 1.693 -2.961 0 -1.65953 0 0
0 0 0 1430217538 92625 0 0 0 1.693 -2.972 0 -1.65953 0 0
0 0 0 1430217538 132612 0 0 0 1.692 -2.984 0 -1.65953 0 0
0 0 0 1430217538 172608 0 0 0 1.691 -2.996 0 -1.65953 0 0
0 0 0 1430217538 212601 0 0 0 1.69 -3.009 0 -1.65953 0 0
0 0 0 1430217538 252610 0 0 0 1.689 -3.022 0 -1.66106 0 0
0 0 0 1430217538 292613 0 0 0 1.688 -3.034 0 -1.66565 0 0
0 0 0 1430217538 332605 0 0 0 1.687 -3.046 0 -1.6733 0 0
0 0 0 1430217538 372588 0 0 0 1.686 -3.058 0 -1.68095 0 0
0 0 0 1430217538 412748 0 0 0 1.685 -3.069 0 -1.6886 0 0
0 0 0 1430217538 452730 0 0 0 1.683 -3.08 0 -1.69472 0 0
0 0 0 1430217538 492734 0 0 0 1.682 -3.091 0 -1.69625 0 0
0 0 0 1430217538 532721 0 0 0 1.681 -3.102 0 -1.69931 0 0
0 0 0 1430217538 572734 0 0 0 1.68 -3.112 0 -1.69625 0 0
0 0 0 1430217538 612860 0 0 0 1.678 -3.124 0 -1.69472 0 0
0 0 0 1430217538 652868 0 0 0 1.677 -3.135 0 -1.69166 0 0
0 0 0 1430217538 672860 0 0 0 1.677 -3.14 0 -1.69013 0 0
0 0 0 1430217538 692843 0 0 0 1.676 -3.146 0 -1.69166 0 0
0 0 0 1430217538 732868 0 0 0 1.675 -3.157 0 -1.69319 0 0
0 0 0 1430217538 772851 0 0 0 1.674 -3.168 0 -1.69319 0 0
0 0 0 1430217538 812859 0 0 0 1.672 -3.179 0 -1.69319 0 0
0 0 0 1430217538 852853 0 0 0 1.671 -3.19 0 -1.69319 0 0
0 0 0 1430217538 892854 0 0 0 1.67 -3.202 0 -1.69472 0 0
0 0 0 1430217538 932830 0 0 0 1.669 -3.212 0 -1.69472 0 0
0 0 0 1430217538 972977 0 0 0 1.667 -3.223 0 -1.69472 0 0
0 0 0 1430217539 12984 0 0 0 1.666 -3.234 0 -1.69319 0 0
0 0 0 1430217539 52996 0 0 0 1.665 -3.246 0 -1.69166 0 0
0 0 0 1430217539 92970 0 0 0 1.664 -3.257 0 -1.69319 0 0
0 0 0 1430217539 138788 0 0 0 1.663 -3.268 0 -1.69319 0 0
0 0 0 1430217539 172978 0 0 0 1.661 -3.279 0 -1.69472 0 0
0 0 0 1430217539 213027 0 0 0 1.66 -3.29 0 -1.69319 0 0
0 0 0 1430217539 253110 0 0 0 1.659 -3.301 0 -1.69472 0 0
0 0 0 1430217539 293113 0 0 0 1.658 -3.312 0 -1.69472 0 0
0 0 0 1430217539 333077 0 0 0 1.656 -3.323 0 -1.69319 0 0
0 0 0 1430217539 373083 0 0 0 1.655 -3.334 0 -1.69319 0 0
0 0 0 1430217539 413104 0 0 0 1.654 -3.345 0 -1.69319 0 0
0 0 0 1430217539 453083 0 0 0 1.653 -3.356 0 -1.69319 0 0
0 0 0 1430217539 493100 0 0 0 1.652 -3.365 0 -1.69319 0 0
0 0 0 1430217539 533113 0 0 0 1.651 -3.375 0 -1.69166 0 0
0 0 0 1430217539 573194 0 0 0 1.65 -3.385 0 -1.69319 0 0
0 0 0 1430217539 613230 0 0 0 1.649 -3.394 0 -1.69472 0 0
0 0 0 1430217539 653193 0 0 0 1.648 -3.403 0 -1.69319 0 0
0 0 0 1430217539 693239 0 0 0 1.647 -3.411 0 -1.69319 0 0
0 0 0 1430217539 733234 0 0 0 1.646 -3.42 0 -1.69319 0 0
0 0 0 1430217539 773228 0 0 0 1.645 -3.429 0 -1.69472 0 0
0 0 0 1430217539 813229 0 0 0 1.644 -3.438 0 -1.69472 0 0
0 0 0 1430217539 853362 0 0 0 1.643 -3.447 0 -1.69319 0 0
0 0 0 1430217539 893354 0 0 0 1.642 -3.457 0 -1.69319 0 0
0 0 0 1430217539 933360 0 0 0 1.641 -3.466 0 -1.69319 0 0
0 0 0 1430217539 973326 0 0 0 1.64 -3.475 0 -1.69319 0 0
0 0 0 1430217540 13359 0 0 0 1.639 -3.484 0 -1.69319 0 0
0 0 0 1430217540 53377 0 0 0 1.638 -3.493 0 -1.69319 0 0
0 0 0 1430217540 93385 0 0 0 1.637 -3.502 0 -1.69319 0 0
0 0 0 1430217540 133469 0 0 0 1.636 -3.511 0 -1.69472 0 0
0 0 0 1430217540 173489 0 0 0 1.635 -3.52 0 -1.69472 0 0
0 0 0 1430217540 213516 0 0 0 1.634 -3.528 0 -1.69319 0 0
0 0 0 1430217540 253481 0 0 0 1.633 -3.535 0 -1.69319 0 0
0 0 0 1430217540 293473 0 0 0 1.632 -3.543 0 -1.69166 0 0
0 0 0 1430217540 333532 0 0 0 1.632 -3.549 0 -1.69166 0 0
0 0 0 1430217540 373496 0 0 0 1.631 -3.556 0 -1.69319 0 0
0 0 0 1430217540 413456 0 0 0 1.63 -3.561 0 -1.69319 0 0
0 0 0 1430217540 453525 0 0 0 1.63 -3.566 0 -1.69319 0 0
0 0 0 1430217540 493582 0 0 0 1.629 -3.571 0 -1.69472 0 0
0 0 0 1430217540 533524 0 0 0 1.629 -3.575 0 -1.69472 0 0
0 0 0 1430217540 575090 0 0 0 1.629 -3.578 0 -1.69319 0 0
0 0 0 1430217540 613640 0 0 0 1.628 -3.581 0 -1.69472 0 0
0 0 0 1430217540 653613 0 0 0 1.628 -3.584 0 -1.69778 0 0
0 0 0 1430217540 693609 0 0 0 1.628 -3.587 0 -1.70084 0 0
0 0 0 1430217540 733655 0 0 0 1.627 -3.589 0 -1.70849 0 0
0 0 0 1430217540 773661 0 0 0 1.627 -3.59 0 -1.71767 0 0
0 0 0 1430217540 813660 0 0 0 1.627 -3.591 0 -1.72991 0 0
0 0 0 1430217540 853662 0 0 0 1.627 -3.592 0 -1.74215 0 0
0 0 0 1430217540 893651 0 0 0 1.627 -3.592 0 -1.75286 0 0
0 0 0 1430217540 933649 0 0 0 1.627 -3.592 0 -1.76663 0 0
0 0 0 1430217540 973650 0 0 0 1.627 -3.591 0 -1.77734 0 0
0 0 0 1430217541 13782 0 0 0 1.627 -3.591 0 -1.78805 0 0
0 0 0 1430217541 53773 0 0 0 1.627 -3.591 0 -1.79876 0 0
0 0 0 1430217541 93826 0 0 0 1.627 -3.591 0 -1.80947 0 0
0 0 0 1430217541 133907 0 0 0 1.627 -3.591 0 -1.82018 0 0
0 0 0 1430217541 173798 0 0 0 1.627 -3.591 0 -1.83548 0 0
0 0 0 1430217541 213865 0 0 0 1.627 -3.592 0 -1.85078 0 0
0 0 0 1430217541 253775 0 0 0 1.627 -3.592 0 -1.87067 0 0
0 0 0 1430217541 293924 0 0 0 1.627 -3.592 0 -1.89056 0 0
0 0 0 1430217541 333952 0 0 0 1.627 -3.591 0 -1.91198 0 0
0 0 0 1430217541 373987 0 0 0 1.627 -3.591 0 -1.93646 0 0
0 0 0 1430217541 413983 0 0 0 1.627 -3.591 0 -1.96094 0 0
0 0 0 1430217541 453984 0 0 0 1.627 -3.591 0 -1.98542 0 0
0 0 0 1430217541 493968 0 0 0 1.627 -3.591 0 -2.0099 0 0
0 0 0 1430217541 533990 0 0 0 1.627 -3.591 0 -2.03438 0 0
0 0 0 1430217541 573970 0 0 0 1.627 -3.591 0 -2.05886 0 0
0 0 0 1430217541 614085 0 0 0 1.627 -3.591 0 -2.08334 0 0
0 0 0 1430217541 654118 0 0 0 1.627 -3.591 0 -2.10782 0 0
0 0 0 1430217541 694106 0 0 0 1.627 -3.591 0 -2.13383 0 0
0 0 0 1430217541 734077 0 0 0 1.627 -3.591 0 -2.15984 0 0
0 0 0 1430217541 774114 0 0 0 1.627 -3.591 0 -2.18738 0 0
0 0 0 1430217541 814062 0 0 0 1.627 -3.591 0 -2.21186 0 0
0 0 0 1430217541 854118 0 0 0 1.627 -3.591 0 -2.23787 0 0
0 0 0 1430217541 894222 0 0 0 1.627 -3.591 0 -2.26388 0 0
0 0 0 1430217541 934187 0 0 0 1.627 -3.591 0 -2.28836 0 0
0 0 0 1430217541 974145 0 0 0 1.627 -3.591 0 -2.31437 0 0
0 0 0 1430217542 14123 0 0 0 1.627 -3.591 0 -2.34038 0 0
0 0 0 1430217542 54142 0 0 0 1.627 -3.591 0 -2.36639 0 0
0 0 0 1430217542 94144 0 0 0 1.627 -3.591 0 -2.3924 0 0
0 0 0 1430217542 134643 0 0 0 1.627 -3.591 0 -2.41841 0 0
0 0 0 1430217542 174267 0 0 0 1.627 -3.591 0 -2.44289 0 0
0 0 0 1430217542 214283 0 0 0 1.627 -3.591 0 -2.4689 0 0
0 0 0 1430217542 254271 0 0 0 1.627 -3.591 0 -2.49491 0 0
0 0 0 1430217542 294268 0 0 0 1.627 -3.591 0 -2.52092 0 0
0 0 0 1430217542 334264 0 0 0 1.627 -3.591 0 -2.5454 0 0
0 0 0 1430217542 374272 0 0 0 1.627 -3.591 0 -2.57141 0 0
0 0 0 1430217542 414272 0 0 0 1.627 -3.591 0 -2.59742 0 0
0 0 0 1430217542 454394 0 0 0 1.627 -3.591 0 -2.62343 0 0
0 0 0 1430217542 494394 0 0 0 1.627 -3.591 0 -2.64791 0 0
0 0 0 1430217542 534391 0 0 0 1.627 -3.591 0 -2.67392 0 0
0 0 0 1430217542 574493 0 0 0 1.627 -3.591 0 -2.69993 0 0
0 0 0 1430217542 614464 0 0 0 1.627 -3.591 0 -2.72594 0 0
0 0 0 1430217542 654421 0 0 0 1.627 -3.591 0 -2.75195 0 0
0 0 0 1430217542 694458 0 0 0 1.627 -3.591 0 -2.77796 0 0
0 0 0 1430217542 734594 0 0 0 1.627 -3.591 0 -2.80397 0 0
0 0 0 1430217542 774611 0 0 0 1.627 -3.591 0 -2.82845 0 0
0 0 0 1430217542 814610 0 0 0 1.627 -3.591 0 -2.85446 0 0
0 0 0 1430217542 854599 0 0 0 1.627 -3.591 0 -2.88047 0 0
0 0 0 1430217542 894653 0 0 0 1.627 -3.591 0 -2.90495 0 0
0 0 0 1430217542 934672 0 0 0 1.627 -3.591 0 -2.93096 0 0
0 0 0 1430217542 974657 0 0 0 1.627 -3.591 0 -2.95697 0 0
0 0 0 1430217543 14657 0 0 0 1.627 -3.591 0 -2.98298 0 0
0 0 0 1430217543 54726 0 0 0 1.627 -3.591 0 -3.00899 0 0
0 0 0 1430217543 94745 0 0 0 1.627 -3.591 0 -3.03347 0 0
0 0 0 1430217543 134733 0 0 0 1.627 -3.591 0 -3.05948 0 0
0 0 0 1430217543 174740 0 0 0 1.627 -3.591 0 -3.08549 0 0
0 0 0 1430217543 214759 0 0 0 1.627 -3.591 0 -3.1115 0 0
0 0 0 1430217543 254763 0 0 0 1.627 -3.591 0 -3.13751 0 0
0 0 0 1430217543 294725 0 0 0 1.627 -3.591 0 3.11661 0 0
0 0 0 1430217543 334860 0 0 0 1.627 -3.591 0 3.09213 0 0
0 0 0 1430217543 374835 0 0 0 1.627 -3.591 0 3.06612 0 0
0 0 0 1430217543 414861 0 0 0 1.627 -3.591 0 3.04011 0 0
0 0 0 1430217543 454826 0 0 0 1.627 -3.591 0 3.0141 0 0
0 0 0 1430217543 494852 0 0 0 1.627 -3.591 0 2.98962 0 0
0 0 0 1430217543 534817 0 0 0 1.627 -3.591 0 2.96361 0 0
0 0 0 1430217543 574860 0 0 0 1.627 -3.591 0 2.9376 0 0
0 0 0 1430217543 614810 0 0 0 1.627 -3.591 0 2.91159 0 0
0 0 0 1430217543 654980 0 0 0 1.627 -3.591 0 2.88558 0 0
0 0 0 1430217543 694946 0 0 0 1.627 -3.591 0 2.8611 0 0
0 0 0 1430217543 735009 0 0 0 1.627 -3.591 0 2.83509 0 0
0 0 0 1430217543 774956 0 0 0 1.627 -3.591 0 2.80908 0 0
0 0 0 1430217543 814961 0 0 0 1.627 -3.591 0 2.78307 0 0
0 0 0 1430217543 854959 0 0 0 1.627 -3.591 0 2.75706 0 0
0 0 0 1430217543 894981 0 0 0 1.627 -3.591 0 2.73258 0 0
0 0 0 1430217543 935083 0 0 0 1.627 -3.591 0 2.70657 0 0
0 0 0 1430217543 975102 0 0 0 1.627 -3.591 0 2.68056 0 0
0 0 0 1430217544 15067 0 0 0 1.627 -3.591 0 2.65455 0 0
0 0 0 1430217544 55099 0 0 0 1.627 -3.591 0 2.63007 0 0
0 0 0 1430217544 95093 0 0 0 1.627 -3.591 0 2.60406 0 0
0 0 0 1430217544 135100 0 0 0 1.627 -3.591 0 2.57805 0 0
0 0 0 1430217544 175088 0 0 0 1.627 -3.591 0 2.55204 0 0
0 0 0 1430217544 215229 0 0 0 1.627 -3.591 0 2.52603 0 0
0 0 0 1430217544 255237 0 0 0 1.627 -3.591 0 2.50155 0 0
0 0 0 1430217544 295246 0 0 0 1.627 -3.591 0 2.47401 0 0
0 0 0 1430217544 335245 0 0 0 1.627 -3.591 0 2.44953 0 0
0 0 0 1430217544 375243 0 0 0 1.627 -3.591 0 2.42352 0 0
0 0 0 1430217544 415242 0 0 0 1.627 -3.591 0 2.39751 0 0
0 0 0 1430217544 455223 0 0 0 1.627 -3.591 0 2.3715 0 0
0 0 0 1430217544 495328 0 0 0 1.627 -3.591 0 2.34702 0 0
0 0 0 1430217544 535370 0 0 0 1.627 -3.591 0 2.32101 0 0
0 0 0 1430217544 575318 0 0 0 1.627 -3.591 0 2.295 0 0
0 0 0 1430217544 615395 0 0 0 1.627 -3.591 0 2.26899 0 0
0 0 0 1430217544 655337 0 0 0 1.627 -3.591 0 2.24298 0 0
0 0 0 1430217544 695350 0 0 0 1.627 -3.591 0 2.21697 0 0
0 0 0 1430217544 735384 0 0 0 1.627 -3.591 0 2.19249 0 0
0 0 0 1430217544 775469 0 0 0 1.627 -3.591 0 2.16648 0 0
0 0 0 1430217544 815464 0 0 0 1.627 -3.591 0 2.14047 0 0
0 0 0 1430217544 855507 0 0 0 1.627 -3.591 0 2.11446 0 0
0 0 0 1430217544 895440 0 0 0 1.627 -3.591 0 2.08998 0 0
0 0 0 1430217544 935464 0 0 0 1.627 -3.591 0 2.06397 0 0
0 0 0 1430217544 975473 0 0 0 1.627 -3.591 0 2.03796 0 0
0 0 0 1430217545 15466 0 0 0 1.627 -3.591 0 2.01195 0 0
0 0 0 1430217545 55511 0 0 0 1.627 -3.591 0 1.98594 0 0
0 0 0 1430217545 95591 0 0 0 1.627 -3.591 0 1.95993 0 0
0 0 0 1430217545 135602 0 0 0 1.627 -3.591 0 1.93545 0 0
0 0 0 1430217545 175598 0 0 0 1.627 -3.591 0 1.90944 0 0
0 0 0 1430217545 215615 0 0 0 1.627 -3.591 0 1.88343 0 0
0 0 0 1430217545 255774 0 0 0 1.627 -3.591 0 1.85589 0 0
0 0 0 1430217545 295731 0 0 0 1.627 -3.591 0 1.82988 0 0
0 0 0 1430217545 335721 0 0 0 1.627 -3.591 0 1.80234 0 0
0 0 0 1430217545 375726 0 0 0 1.627 -3.591 0 1.77633 0 0
0 0 0 1430217545 415723 0 0 0 1.627 -3.591 0 1.74879 0 0
0 0 0 1430217545 455714 0 0 0 1.627 -3.591 0 1.72278 0 0
0 0 0 1430217545 495727 0 0 0 1.627 -3.591 0 1.69524 0 0
0 0 0 1430217545 535730 0 0 0 1.627 -3.591 0 1.66617 0 0
0 0 0 1430217545 575723 0 0 0 1.627 -3.591 0 1.6371 0 0
0 0 0 1430217545 615708 0 0 0 1.627 -3.591 0 1.60803 0 0
0 0 0 1430217545 655847 0 0 0 1.627 -3.591 0 1.57896 0 0
0 0 0 1430217545 695858 0 0 0 1.627 -3.591 0 1.54836 0 0
0 0 0 1430217545 735851 0 0 0 1.627 -3.591 0 1.51929 0 0
0 0 0 1430217545 775862 0 0 0 1.627 -3.591 0 1.48869 0 0
0 0 0 1430217545 815853 0 0 0 1.627 -3.591 0 1.45962 0 0
0 0 0 1430217545 855850 0 0 0 1.627 -3.591 0 1.42749 0 0
0 0 0 1430217545 895853 0 0 0 1.627 -3.591 0 1.39689 0 0
0 0 0 1430217545 935854 0 0 0 1.627 -3.591 0 1.36629 0 0
0 0 0 1430217545 975966 0 0 0 1.627 -3.591 0 1.33569 0 0
0 0 0 1430217546 15978 0 0 0 1.627 -3.591 0 1.30509 0 0
0 0 0 1430217546 55968 0 0 0 1.627 -3.591 0 1.27602 0 0
0 0 0 1430217546 95978 0 0 0 1.627 -3.591 0 1.24542 0 0
0 0 0 1430217546 135973 0 0 0 1.627 -3.591 0 1.21329 0 0
0 0 0 1430217546 175978 0 0 0 1.627 -3.591 0 1.18269 0 0
0 0 0 1430217546 215974 0 0 0 1.627 -3.591 0 1.15209 0 0
0 0 0 1430217546 256094 0 0 0 1.627 -3.591 0 1.12149 0 0
0 0 0 1430217546 296107 0 0 0 1.627 -3.591 0 1.09089 0 0
0 0 0 1430217546 336101 0 0 0 1.627 -3.591 0 1.06029 0 0
0 0 0 1430217546 376128 0 0 0 1.627 -3.591 0 1.02969 0 0
0 0 0 1430217546 416123 0 0 0 1.627 -3.591 0 0.99909 0 0
0 0 0 1430217546 456099 0 0 0 1.627 -3.591 0 0.96696 0 0
0 0 0 1430217546 496057 0 0 0 1.627 -3.591 0 0.93483 0 0
0 0 0 1430217546 536143 0 0 0 1.627 -3.591 0 0.90423 0 0
0 0 0 1430217546 576143 0 0 0 1.627 -3.591 0 0.8721 0 0
0 0 0 1430217546 616153 0 0 0 1.627 -3.591 0 0.8415 0 0
0 0 0 1430217546 656141 0 0 0 1.627 -3.591 0 0.80937 0 0
0 0 0 1430217546 696141 0 0 0 1.627 -3.591 0 0.77877 0 0
0 0 0 1430217546 736142 0 0 0 1.627 -3.591 0 0.74817 0 0
0 0 0 1430217546 776144 0 0 0 1.627 -3.591 0 0.71604 0 0
0 0 0 1430217546 816248 0 0 0 1.627 -3.591 0 0.68544 0 0
0 0 0 1430217546 856317 0 0 0 1.627 -3.591 0 0.65484 0 0
0 0 0 1430217546 896267 0 0 0 1.627 -3.591 0 0.62271 0 0
0 0 0 1430217546 936269 0 0 0 1.627 -3.591 0 0.59058 0 0
0 0 0 1430217546 976267 0 0 0 1.627 -3.591 0 0.55998 0 0
0 0 0 1430217547 16269 0 0 0 1.627 -3.591 0 0.52938 0 0
0 0 0 1430217547 56266 0 0 0 1.627 -3.591 0 0.49725 0 0
0 0 0 1430217547 96393 0 0 0 1.627 -3.591 0 0.46665 0 0
0 0 0 1430217547 136392 0 0 0 1.627 -3.591 0 0.43452 0 0
0 0 0 1430217547 176391 0 0 0 1.627 -3.591 0 0.40392 0 0
0 0 0 1430217547 216393 0 0 0 1.627 -3.591 0 0.37179 0 0
0 0 0 1430217547 256392 0 0 0 1.627 -3.591 0 0.34119 0 0
0 0 0 1430217547 296378 0 0 0 1.627 -3.591 0 0.30906 0 0
0 0 0 1430217547 336395 0 0 0 1.627 -3.591 0 0.27846 0 0
0 0 0 1430217547 376494 0 0 0 1.627 -3.591 0 0.24786 0 0
0 0 0 1430217547 416585 0 0 0 1.627 -3.591 0 0.21573 0 0
0 0 0 1430217547 456525 0 0 0 1.627 -3.591 0 0.18513 0 0
0 0 0 1430217547 496520 0 0 0 1.627 -3.591 0 0.153 0 0
0 0 0 1430217547 536516 0 0 0 1.627 -3.591 0 0.1224 0 0
0 0 0 1430217547 576654 0 0 0 1.627 -3.591 0 0.0918 0 0
0 0 0 1430217547 616643 0 0 0 1.627 -3.591 0 0.0612 0 0
0 0 0 1430217547 656644 0 0 0 1.627 -3.591 0 0.02907 0 0
0 0 0 1430217547 696645 0 0 0 1.627 -3.591 0 -0.0193653 0 0
0 0 0 1430217547 736642 0 0 0 1.627 -3.591 0 -0.0499653 0 0
0 0 0 1430217547 756643 0 0 0 1.627 -3.591 0 -0.0667953 0 0
0 0 0 1430217547 776645 0 0 0 1.627 -3.591 0 -0.0820953 0 0
0 0 0 1430217547 816635 0 0 0 1.627 -3.591 0 -0.112695 0 0
0 0 0 1430217547 856644 0 0 0 1.627 -3.591 0 -0.143295 0 0
0 0 0 1430217547 896650 0 0 0 1.627 -3.591 0 -0.175425 0 0
0 0 0 1430217547 936767 0 0 0 1.627 -3.591 0 -0.206025 0 0
0 0 0 1430217547 976770 0 0 0 1.627 -3.591 0 -0.238155 0 0
0 0 0 1430217548 16776 0 0 0 1.627 -3.591 0 -0.268755 0 0
0 0 0 1430217548 56772 0 0 0 1.627 -3.591 0 -0.300885 0 0
0 0 0 1430217548 96770 0 0 0 1.627 -3.591 0 -0.331485 0 0
0 0 0 1430217548 136768 0 0 0 1.627 -3.591 0 -0.363615 0 0
0 0 0 1430217548 176767 0 0 0 1.627 -3.591 0 -0.394215 0 0
0 0 0 1430217548 216969 0 0 0 1.627 -3.591 0 -0.424815 0 0
0 0 0 1430217548 256799 0 0 0 1.627 -3.591 0 -0.456945 0 0
0 0 0 1430217548 296899 0 0 0 1.627 -3.591 0 -0.489075 0 0
0 0 0 1430217548 336900 0 0 0 1.627 -3.591 0 -0.519675 0 0
0 0 0 1430217548 376897 0 0 0 1.627 -3.591 0 -0.551805 0 0
0 0 0 1430217548 416894 0 0 0 1.627 -3.591 0 -0.582405 0 0
0 0 0 1430217548 456896 0 0 0 1.627 -3.591 0 -0.614535 0 0
0 0 0 1430217548 496898 0 0 0 1.627 -3.591 0 -0.645135 0 0
0 0 0 1430217548 537020 0 0 0 1.627 -3.591 0 -0.675735 0 0
0 0 0 1430217548 577019 0 0 0 1.627 -3.591 0 -0.706335 0 0
0 0 0 1430217548 617018 0 0 0 1.627 -3.591 0 -0.738465 0 0
0 0 0 1430217548 657020 0 0 0 1.627 -3.591 0 -0.769065 0 0
0 0 0 1430217548 697019 0 0 0 1.627 -3.591 0 -0.801195 0 0
0 0 0 1430217548 737018 0 0 0 1.627 -3.591 0 -0.831795 0 0
0 0 0 1430217548 777020 0 0 0 1.627 -3.591 0 -0.863925 0 0
0 0 0 1430217548 817022 0 0 0 1.627 -3.591 0 -0.894525 0 0
0 0 0 1430217548 857143 0 0 0 1.627 -3.591 0 -0.925125 0 0
0 0 0 1430217548 897142 0 0 0 1.627 -3.591 0 -0.957255 0 0
0 0 0 1430217548 937145 0 0 0 1.627 -3.591 0 -0.987855 0 0
0 0 0 1430217548 977143 0 0 0 1.627 -3.591 0 -1.01999 0 0
0 0 0 1430217549 17231 0 0 0 1.627 -3.591 0 -1.05059 0 0
0 0 0 1430217549 57227 0 0 0 1.627 -3.591 0 -1.08272 0 0
0 0 0 1430217549 97184 0 0 0 1.627 -3.591 0 -1.11332 0 0
0 0 0 1430217549 137310 0 0 0 1.627 -3.591 0 -1.14545 0 0
0 0 0 1430217549 177348 0 0 0 1.627 -3.591 0 -1.17605 0 0
0 0 0 1430217549 217349 0 0 0 1.627 -3.591 0 -1.20665 0 0
0 0 0 1430217549 257340 0 0 0 1.627 -3.591 0 -1.23878 0 0
0 0 0 1430217549 297330 0 0 0 1.627 -3.591 0 -1.26938 0 0
0 0 0 1430217549 337278 0 0 0 1.627 -3.591 0 -1.29998 0 0
0 0 0 1430217549 377270 0 0 0 1.627 -3.591 0 -1.33211 0 0
0 0 0 1430217549 417401 0 0 0 1.627 -3.591 0 -1.36271 0 0
0 0 0 1430217549 457429 0 0 0 1.627 -3.591 0 -1.39484 0 0
0 0 0 1430217549 497464 0 0 0 1.627 -3.591 0 -1.42544 0 0
0 0 0 1430217549 537477 0 0 0 1.627 -3.591 0 -1.45757 0 0
0 0 0 1430217549 577476 0 0 0 1.627 -3.591 0 -1.48817 0 0
0 0 0 1430217549 617470 0 0 0 1.627 -3.591 0 -1.5203 0 0
0 0 0 1430217549 657481 0 0 0 1.627 -3.591 0 -1.5509 0 0
0 0 0 1430217549 697476 0 0 0 1.627 -3.591 0 -1.58303 0 0
0 0 0 1430217549 737607 0 0 0 1.627 -3.591 0 -1.61363 0 0
0 0 0 1430217549 777597 0 0 0 1.627 -3.591 0 -1.64576 0 0
0 0 0 1430217549 817601 0 0 0 1.627 -3.591 0 -1.67636 0 0
0 0 0 1430217549 857597 0 0 0 1.627 -3.591 0 -1.70696 0 0
0 0 0 1430217549 897728 0 0 0 1.627 -3.591 0 -1.73909 0 0
0 0 0 1430217549 937729 0 0 0 1.627 -3.591 0 -1.76969 0 0
0 0 0 1430217549 977729 0 0 0 1.627 -3.591 0 -1.80029 0 0
0 0 0 1430217550 17728 0 0 0 1.627 -3.591 0 -1.83242 0 0
0 0 0 1430217550 57728 0 0 0 1.627 -3.591 0 -1.86455 0 0
0 0 0 1430217550 97726 0 0 0 1.627 -3.591 0 -1.89362 0 0
0 0 0 1430217550 137694 0 0 0 1.627 -3.591 0 -1.91963 0 0
0 0 0 1430217550 177694 0 0 0 1.627 -3.591 0 -1.94411 0 0
0 0 0 1430217550 217731 0 0 0 1.627 -3.591 0 -1.96553 0 0
0 0 0 1430217550 257859 0 0 0 1.627 -3.591 0 -1.98542 0 0
0 0 0 1430217550 297858 0 0 0 1.627 -3.591 0 -1.99919 0 0
0 0 0 1430217550 337854 0 0 0 1.627 -3.591 0 -2.01143 0 0
0 0 0 1430217550 377865 0 0 0 1.627 -3.591 0 -2.02061 0 0
0 0 0 1430217550 417855 0 0 0 1.627 -3.591 0 -2.02673 0 0
0 0 0 1430217550 457825 0 0 0 1.627 -3.591 0 -2.03285 0 0
0 0 0 1430217550 497857 0 0 0 1.627 -3.591 0 -2.03285 0 0
0 0 0 1430217550 537836 0 0 0 1.627 -3.591 0 -2.03591 0 0
0 0 0 1430217550 577976 0 0 0 1.628 -3.59 0 -2.03744 0 0
0 0 0 1430217550 617990 0 0 0 1.628 -3.589 0 -2.03591 0 0
0 0 0 1430217550 657981 0 0 0 1.629 -3.587 0 -2.03591 0 0
0 0 0 1430217550 697981 0 0 0 1.63 -3.585 0 -2.03744 0 0
0 0 0 1430217550 737983 0 0 0 1.632 -3.582 0 -2.03744 0 0
0 0 0 1430217550 777981 0 0 0 1.633 -3.579 0 -2.03744 0 0
0 0 0 1430217550 818098 0 0 0 1.635 -3.575 0 -2.03591 0 0
0 0 0 1430217550 858101 0 0 0 1.637 -3.571 0 -2.03591 0 0
0 0 0 1430217550 898105 0 0 0 1.639 -3.566 0 -2.03744 0 0
0 0 0 1430217550 938115 0 0 0 1.642 -3.562 0 -2.03591 0 0
0 0 0 1430217550 978071 0 0 0 1.644 -3.557 0 -2.03744 0 0
0 0 0 1430217551 18112 0 0 0 1.647 -3.551 0 -2.03744 0 0
0 0 0 1430217551 58099 0 0 0 1.65 -3.545 0 -2.0405 0 0
0 0 0 1430217551 98099 0 0 0 1.653 -3.538 0 -2.04509 0 0
0 0 0 1430217551 138234 0 0 0 1.657 -3.531 0 -2.05427 0 0
0 0 0 1430217551 178220 0 0 0 1.661 -3.524 0 -2.06498 0 0
0 0 0 1430217551 218201 0 0 0 1.665 -3.516 0 -2.07416 0 0
0 0 0 1430217551 258220 0 0 0 1.669 -3.508 0 -2.08181 0 0
0 0 0 1430217551 298195 0 0 0 1.674 -3.499 0 -2.08946 0 0
0 0 0 1430217551 338224 0 0 0 1.679 -3.491 0 -2.09711 0 0
0 0 0 1430217551 378203 0 0 0 1.684 -3.481 0 -2.10476 0 0
0 0 0 1430217551 418348 0 0 0 1.69 -3.472 0 -2.11088 0 0
0 0 0 1430217551 458324 0 0 0 1.695 -3.462 0 -2.11547 0 0
0 0 0 1430217551 498352 0 0 0 1.701 -3.452 0 -2.11547 0 0
0 0 0 1430217551 538330 0 0 0 1.707 -3.442 0 -2.11547 0 0
0 0 0 1430217551 578389 0 0 0 1.713 -3.433 0 -2.11241 0 0
0 0 0 1430217551 618338 0 0 0 1.718 -3.423 0 -2.11394 0 0
0 0 0 1430217551 658351 0 0 0 1.723 -3.415 0 -2.11394 0 0
0 0 0 1430217551 698350 0 0 0 1.728 -3.407 0 -2.11547 0 0
0 0 0 1430217551 738478 0 0 0 1.733 -3.399 0 -2.11547 0 0
0 0 0 1430217551 778470 0 0 0 1.737 -3.391 0 -2.11394 0 0
0 0 0 1430217551 818475 0 0 0 1.742 -3.383 0 -2.11547 0 0
0 0 0 1430217551 858475 0 0 0 1.746 -3.375 0 -2.11547 0 0
0 0 0 1430217551 898475 0 0 0 1.751 -3.367 0 -2.11394 0 0
0 0 0 1430217551 938483 0 0 0 1.756 -3.359 0 -2.11394 0 0
0 0 0 1430217551 978481 0 0 0 1.761 -3.35 0 -2.11547 0 0
0 0 0 1430217552 18489 0 0 0 1.766 -3.342 0 -2.11853 0 0
0 0 0 1430217552 58612 0 0 0 1.771 -3.334 0 -2.12618 0 0
0 0 0 1430217552 98611 0 0 0 1.776 -3.325 0 -2.1323 0 0
0 0 0 1430217552 138615 0 0 0 1.781 -3.317 0 -2.14607 0 0
0 0 0 1430217552 178725 0 0 0 1.786 -3.309 0 -2.15678 0 0
0 0 0 1430217552 218732 0 0 0 1.791 -3.302 0 -2.17055 0 0
0 0 0 1430217552 258733 0 0 0 1.797 -3.294 0 -2.18279 0 0
0 0 0 1430217552 298793 0 0 0 1.802 -3.286 0 -2.19503 0 0
0 0 0 1430217552 338740 0 0 0 1.808 -3.278 0 -2.2088 0 0
0 0 0 1430217552 378734 0 0 0 1.813 -3.27 0 -2.21951 0 0
0 0 0 1430217552 418729 0 0 0 1.819 -3.263 0 -2.23022 0 0
0 0 0 1430217552 458729 0 0 0 1.825 -3.255 0 -2.24093 0 0
0 0 0 1430217552 498728 0 0 0 1.831 -3.247 0 -2.25011 0 0
0 0 0 1430217552 538735 0 0 0 1.837 -3.24 0 -2.2547 0 0
0 0 0 1430217552 578736 0 0 0 1.842 -3.233 0 -2.25929 0 0
0 0 0 1430217552 618860 0 0 0 1.848 -3.225 0 -2.25776 0 0
0 0 0 1430217552 658860 0 0 0 1.854 -3.218 0 -2.25776 0 0
0 0 0 1430217552 698855 0 0 0 1.86 -3.21 0 -2.25623 0 0
0 0 0 1430217552 738868 0 0 0 1.866 -3.203 0 -2.25623 0 0
0 0 0 1430217552 778859 0 0 0 1.872 -3.195 0 -2.25623 0 0
0 0 0 1430217552 818863 0 0 0 1.878 -3.188 0 -2.25623 0 0
0 0 0 1430217552 858929 0 0 0 1.884 -3.181 0 -2.25623 0 0
0 0 0 1430217552 899000 0 0 0 1.89 -3.173 0 -2.25623 0 0
0 0 0 1430217552 938974 0 0 0 1.896 -3.166 0 -2.25776 0 0
0 0 0 1430217552 978922 0 0 0 1.902 -3.158 0 -2.25929 0 0
0 0 0 1430217553 18918 0 0 0 1.908 -3.151 0 -2.26388 0 0
0 0 0 1430217553 58907 0 0 0 1.914 -3.144 0 -2.27153 0 0
0 0 0 1430217553 98922 0 0 0 1.92 -3.136 0 -2.27765 0 0
0 0 0 1430217553 138915 0 0 0 1.927 -3.128 0 -2.2853 0 0
0 0 0 1430217553 178909 0 0 0 1.933 -3.121 0 -2.29448 0 0
0 0 0 1430217553 219037 0 0 0 1.939 -3.114 0 -2.30366 0 0
0 0 0 1430217553 259039 0 0 0 1.945 -3.107 0 -2.31284 0 0
0 0 0 1430217553 299034 0 0 0 1.952 -3.1 0 -2.32049 0 0
0 0 0 1430217553 339039 0 0 0 1.958 -3.093 0 -2.32967 0 0
0 0 0 1430217553 379032 0 0 0 1.964 -3.086 0 -2.33885 0 0
0 0 0 1430217553 419032 0 0 0 1.971 -3.08 0 -2.34803 0 0
0 0 0 1430217553 459161 0 0 0 1.978 -3.073 0 -2.35568 0 0
0 0 0 1430217553 499165 0 0 0 1.985 -3.066 0 -2.36333 0 0
0 0 0 1430217553 539165 0 0 0 1.991 -3.059 0 -2.37098 0 0
0 0 0 1430217553 579156 0 0 0 1.998 -3.052 0 -2.38016 0 0
0 0 0 1430217553 619160 0 0 0 2.005 -3.046 0 -2.38781 0 0
0 0 0 1430217553 659158 0 0 0 2.012 -3.039 0 -2.39699 0 0
0 0 0 1430217553 699164 0 0 0 2.019 -3.033 0 -2.40617 0 0
0 0 0 1430217553 739160 0 0 0 2.026 -3.026 0 -2.41229 0 0
0 0 0 1430217553 779380 0 0 0 2.033 -3.02 0 -2.41994 0 0
0 0 0 1430217553 819418 0 0 0 2.04 -3.014 0 -2.42453 0 0
0 0 0 1430217553 859344 0 0 0 2.047 -3.007 0 -2.42759 0 0
0 0 0 1430217553 899344 0 0 0 2.054 -3.001 0 -2.43218 0 0
0 0 0 1430217553 939349 0 0 0 2.061 -2.995 0 -2.43524 0 0
0 0 0 1430217553 979355 0 0 0 2.068 -2.988 0 -2.43677 0 0
0 0 0 1430217554 19363 0 0 0 2.076 -2.982 0 -2.4383 0 0
0 0 0 1430217554 59366 0 0 0 2.083 -2.976 0 -2.4383 0 0
0 0 0 1430217554 99495 0 0 0 2.09 -2.97 0 -2.4383 0 0
0 0 0 1430217554 139491 0 0 0 2.097 -2.963 0 -2.4383 0 0
0 0 0 1430217554 179503 0 0 0 2.105 -2.957 0 -2.4383 0 0
0 0 0 1430217554 219494 0 0 0 2.112 -2.951 0 -2.4383 0 0
0 0 0 1430217554 259449 0 0 0 2.119 -2.945 0 -2.4383 0 0
0 0 0 1430217554 299465 0 0 0 2.126 -2.938 0 -2.4383 0 0
0 0 0 1430217554 339448 0 0 0 2.133 -2.932 0 -2.4383 0 0
0 0 0 1430217554 379492 0 0 0 2.141 -2.926 0 -2.4383 0 0
0 0 0 1430217554 419609 0 0 0 2.148 -2.92 0 -2.4383 0 0
0 0 0 1430217554 459603 0 0 0 2.155 -2.914 0 -2.43677 0 0
0 0 0 1430217554 499592 0 0 0 2.162 -2.907 0 -2.43677 0 0
0 0 0 1430217554 539602 0 0 0 2.169 -2.901 0 -2.4383 0 0
0 0 0 1430217554 579719 0 0 0 2.177 -2.895 0 -2.4383 0 0
0 0 0 1430217554 619620 0 0 0 2.184 -2.889 0 -2.4383 0 0
0 0 0 1430217554 659724 0 0 0 2.191 -2.882 0 -2.4383 0 0
0 0 0 1430217554 699737 0 0 0 2.198 -2.876 0 -2.4383 0 0
0 0 0 1430217554 739706 0 0 0 2.205 -2.87 0 -2.4383 0 0
0 0 0 1430217554 779722 0 0 0 2.213 -2.864 0 -2.4383 0 0
0 0 0 1430217554 819725 0 0 0 2.22 -2.857 0 -2.4383 0 0
0 0 0 1430217554 859703 0 0 0 2.227 -2.851 0 -2.4383 0 0
0 0 0 1430217554 899716 0 0 0 2.234 -2.845 0 -2.4383 0 0
0 0 0 1430217554 939862 0 0 0 2.241 -2.839 0 -2.4383 0 0
0 0 0 1430217554 979862 0 0 0 2.249 -2.832 0 -2.4383 0 0
0 0 0 1430217555 19864 0 0 0 2.256 -2.826 0 -2.43677 0 0
0 0 0 1430217555 59837 0 0 0 2.263 -2.82 0 -2.4383 0 0
0 0 0 1430217555 99867 0 0 0 2.27 -2.814 0 -2.4383 0 0
0 0 0 1430217555 139871 0 0 0 2.278 -2.808 0 -2.4383 0 0
0 0 0 1430217555 179869 0 0 0 2.285 -2.801 0 -2.4383 0 0
0 0 0 1430217555 219865 0 0 0 2.292 -2.795 0 -2.4383 0 0
0 0 0 1430217555 259871 0 0 0 2.299 -2.789 0 -2.4383 0 0
0 0 0 1430217555 299983 0 0 0 2.307 -2.782 0 -2.4383 0 0
0 0 0 1430217555 340009 0 0 0 2.314 -2.776 0 -2.43677 0 0
0 0 0 1430217555 359989 0 0 0 2.317 -2.773 0 -2.4383 0 0
0 0 0 1430217555 379946 0 0 0 2.321 -2.77 0 -2.4383 0 0
0 0 0 1430217555 399988 0 0 0 2.324 -2.767 0 -2.43677 0 0
0 0 0 1430217555 419998 0 0 0 2.328 -2.764 0 -2.4383 0 0
0 0 0 1430217555 459976 0 0 0 2.335 -2.758 0 -2.4383 0 0
0 0 0 1430217555 500013 0 0 0 2.342 -2.751 0 -2.4383 0 0
0 0 0 1430217555 540128 0 0 0 2.349 -2.745 0 -2.43677 0 0
0 0 0 1430217555 580120 0 0 0 2.356 -2.739 0 -2.4383 0 0
0 0 0 1430217555 600108 0 0 0 2.36 -2.737 0 -2.4383 0 0
0 0 0 1430217555 620126 0 0 0 2.363 -2.734 0 -2.4383 0 0
0 0 0 1430217555 660091 0 0 0 2.369 -2.729 0 -2.4383 0 0
0 0 0 1430217555 700083 0 0 0 2.375 -2.724 0 -2.4383 0 0
0 0 0 1430217555 740115 0 0 0 2.38 -2.719 0 -2.4383 0 0
0 0 0 1430217555 780105 0 0 0 2.385 -2.714 0 -2.4383 0 0
0 0 0 1430217555 820146 0 0 0 2.39 -2.71 0 -2.43677 0 0
0 0 0 1430217555 840112 0 0 0 2.392 -2.709 0 -2.4383 0 0
0 0 0 1430217555 860275 0 0 0 2.394 -2.707 0 -2.4383 0 0
0 0 0 1430217555 900246 0 0 0 2.398 -2.704 0 -2.43677 0 0
0 0 0 1430217555 940245 0 0 0 2.401 -2.701 0 -2.43677 0 0
0 0 0 1430217555 960187 0 0 0 2.403 -2.699 0 -2.4383 0 0
0 0 0 1430217555 980238 0 0 0 2.404 -2.698 0 -2.4383 0 0
0 0 0 1430217556 20246 0 0 0 2.407 -2.696 0 -2.43677 0 0
0 0 0 1430217556 60251 0 0 0 2.409 -2.693 0 -2.4383 0 0
0 0 0 1430217556 100249 0 0 0 2.412 -2.692 0 -2.44136 0 0
0 0 0 1430217556 140245 0 0 0 2.413 -2.69 0 -2.44595 0 0
0 0 0 1430217556 180318 0 0 0 2.415 -2.689 0 -2.45054 0 0
0 0 0 1430217556 220344 0 0 0 2.416 -2.688 0 -2.46125 0 0
0 0 0 1430217556 260354 0 0 0 2.417 -2.687 0 -2.47349 0 0
0 0 0 1430217556 300313 0 0 0 2.417 -2.687 0 -2.49185 0 0
0 0 0 1430217556 340325 0 0 0 2.417 -2.687 0 -2.51174 0 0
0 0 0 1430217556 380379 0 0 0 2.417 -2.687 0 -2.53163 0 0
0 0 0 1430217556 420370 0 0 0 2.417 -2.687 0 -2.55152 0 0
0 0 0 1430217556 460491 0 0 0 2.417 -2.687 0 -2.56988 0 0
0 0 0 1430217556 500495 0 0 0 2.417 -2.687 0 -2.58824 0 0
0 0 0 1430217556 540494 0 0 0 2.417 -2.687 0 -2.60813 0 0
0 0 0 1430217556 580476 0 0 0 2.417 -2.687 0 -2.62802 0 0
0 0 0 1430217556 620455 0 0 0 2.417 -2.687 0 -2.64791 0 0
0 0 0 1430217556 660481 0 0 0 2.417 -2.687 0 -2.66933 0 0
0 0 0 1430217556 700472 0 0 0 2.417 -2.687 0 -2.69075 0 0
0 0 0 1430217556 740607 0 0 0 2.417 -2.687 0 -2.71217 0 0
0 0 0 1430217556 780599 0 0 0 2.417 -2.687 0 -2.73359 0 0
0 0 0 1430217556 820600 0 0 0 2.417 -2.687 0 -2.75654 0 0
0 0 0 1430217556 860661 0 0 0 2.417 -2.687 0 -2.77949 0 0
0 0 0 1430217556 900660 0 0 0 2.417 -2.687 0 -2.80397 0 0
0 0 0 1430217556 940649 0 0 0 2.417 -2.687 0 -2.83151 0 0
0 0 0 1430217556 980653 0 0 0 2.417 -2.687 0 -2.86058 0 0
0 0 0 1430217557 20666 0 0 0 2.417 -2.687 0 -2.89118 0 0
0 0 0 1430217557 60653 0 0 0 2.417 -2.687 0 -2.91872 0 0
0 0 0 1430217557 100673 0 0 0 2.417 -2.687 0 -2.94779 0 0
0 0 0 1430217557 140653 0 0 0 2.417 -2.687 0 -2.97839 0 0
0 0 0 1430217557 180655 0 0 0 2.417 -2.687 0 -3.00746 0 0
0 0 0 1430217557 220650 0 0 0 2.417 -2.687 0 -3.03347 0 0
0 0 0 1430217557 260773 0 0 0 2.417 -2.687 0 -3.06101 0 0
0 0 0 1430217557 300776 0 0 0 2.417 -2.687 0 -3.09161 0 0
0 0 0 1430217557 340771 0 0 0 2.417 -2.687 0 -3.11762 0 0
0 0 0 1430217557 380778 0 0 0 2.417 -2.687 0 3.1365 0 0
0 0 0 1430217557 420776 0 0 0 2.417 -2.687 0 3.1059 0 0
0 0 0 1430217557 460774 0 0 0 2.417 -2.687 0 3.07683 0 0
0 0 0 1430217557 500782 0 0 0 2.417 -2.687 0 3.04776 0 0
0 0 0 1430217557 540777 0 0 0 2.417 -2.687 0 3.01869 0 0
0 0 0 1430217557 580904 0 0 0 2.417 -2.687 0 2.99115 0 0
0 0 0 1430217557 620898 0 0 0 2.417 -2.687 0 2.96361 0 0
0 0 0 1430217557 660960 0 0 0 2.417 -2.687 0 2.93454 0 0
0 0 0 1430217557 700990 0 0 0 2.417 -2.687 0 2.90547 0 0
0 0 0 1430217557 740985 0 0 0 2.417 -2.687 0 2.8764 0 0
0 0 0 1430217557 780962 0 0 0 2.417 -2.687 0 2.84886 0 0
0 0 0 1430217557 820979 0 0 0 2.417 -2.687 0 2.81979 0 0
0 0 0 1430217557 861115 0 0 0 2.416 -2.687 0 2.79225 0 0
0 0 0 1430217557 901154 0 0 0 2.415 -2.686 0 2.76318 0 0
0 0 0 1430217557 941118 0 0 0 2.414 -2.686 0 2.73564 0 0
0 0 0 1430217557 981099 0 0 0 2.412 -2.685 0 2.70504 0 0
0 0 0 1430217558 21061 0 0 0 2.41 -2.684 0 2.67291 0 0
0 0 0 1430217558 61075 0 0 0 2.407 -2.683 0 2.6469 0 0
0 0 0 1430217558 101050 0 0 0 2.404 -2.681 0 2.62242 0 0
0 0 0 1430217558 141153 0 0 0 2.401 -2.679 0 2.59641 0 0
0 0 0 1430217558 181235 0 0 0 2.397 -2.677 0 2.57346 0 0
0 0 0 1430217558 221230 0 0 0 2.393 -2.674 0 2.55204 0 0
0 0 0 1430217558 261220 0 0 0 2.388 -2.671 0 2.53368 0 0
0 0 0 1430217558 301236 0 0 0 2.383 -2.667 0 2.51685 0 0
0 0 0 1430217558 341216 0 0 0 2.378 -2.664 0 2.50461 0 0
0 0 0 1430217558 381235 0 0 0 2.373 -2.66 0 2.49543 0 0
0 0 0 1430217558 421207 0 0 0 2.367 -2.655 0 2.48931 0 0
0 0 0 1430217558 461359 0 0 0 2.361 -2.651 0 2.48625 0 0
0 0 0 1430217558 501352 0 0 0 2.354 -2.646 0 2.48472 0 0
0 0 0 1430217558 541361 0 0 0 2.347 -2.64 0 2.48472 0 0
0 0 0 1430217558 581339 0 0 0 2.34 -2.635 0 2.48472 0 0
0 0 0 1430217558 621351 0 0 0 2.332 -2.629 0 2.48472 0 0
0 0 0 1430217558 661342 0 0 0 2.324 -2.623 0 2.48472 0 0
0 0 0 1430217558 701360 0 0 0 2.316 -2.616 0 2.48472 0 0
0 0 0 1430217558 741454 0 0 0 2.307 -2.61 0 2.48472 0 0
0 0 0 1430217558 781484 0 0 0 2.298 -2.603 0 2.48472 0 0
0 0 0 1430217558 821456 0 0 0 2.288 -2.595 0 2.48472 0 0
0 0 0 1430217558 861479 0 0 0 2.278 -2.588 0 2.48472 0 0
0 0 0 1430217558 901472 0 0 0 2.267 -2.58 0 2.48472 0 0
0 0 0 1430217558 941487 0 0 0 2.257 -2.571 0 2.48625 0 0
0 0 0 1430217558 981488 0 0 0 2.246 -2.563 0 2.48472 0 0
0 0 0 1430217559 21480 0 0 0 2.234 -2.554 0 2.48472 0 0
0 0 0 1430217559 61619 0 0 0 2.222 -2.545 0 2.48472 0 0
0 0 0 1430217559 101607 0 0 0 2.21 -2.536 0 2.48472 0 0
0 0 0 1430217559 141629 0 0 0 2.198 -2.527 0 2.48472 0 0
0 0 0 1430217559 181729 0 0 0 2.186 -2.518 0 2.48472 0 0
0 0 0 1430217559 221738 0 0 0 2.175 -2.509 0 2.48472 0 0
0 0 0 1430217559 261724 0 0 0 2.163 -2.5 0 2.48472 0 0
0 0 0 1430217559 301730 0 0 0 2.151 -2.491 0 2.48625 0 0
0 0 0 1430217559 341727 0 0 0 2.139 -2.482 0 2.48778 0 0
0 0 0 1430217559 381736 0 0 0 2.127 -2.473 0 2.48625 0 0
0 0 0 1430217559 421726 0 0 0 2.116 -2.464 0 2.48625 0 0
0 0 0 1430217559 461732 0 0 0 2.104 -2.455 0 2.48625 0 0
0 0 0 1430217559 501714 0 0 0 2.092 -2.446 0 2.48625 0 0
0 0 0 1430217559 541730 0 0 0 2.08 -2.438 0 2.48472 0 0
0 0 0 1430217559 581833 0 0 0 2.068 -2.429 0 2.48319 0 0
0 0 0 1430217559 621897 0 0 0 2.056 -2.419 0 2.48472 0 0
0 0 0 1430217559 661816 0 0 0 2.045 -2.41 0 2.48472 0 0
0 0 0 1430217559 701868 0 0 0 2.033 -2.401 0 2.48625 0 0
0 0 0 1430217559 741841 0 0 0 2.021 -2.392 0 2.48625 0 0
0 0 0 1430217559 781853 0 0 0 2.008 -2.383 0 2.48472 0 0
0 0 0 1430217559 821846 0 0 0 1.995 -2.373 0 2.48472 0 0
0 0 0 1430217559 861856 0 0 0 1.982 -2.363 0 2.48472 0 0
0 0 0 1430217559 901982 0 0 0 1.968 -2.352 0 2.48472 0 0
0 0 0 1430217559 942176 0 0 0 1.954 -2.342 0 2.48472 0 0
0 0 0 1430217559 981982 0 0 0 1.94 -2.331 0 2.48472 0 0
0 0 0 1430217560 21977 0 0 0 1.925 -2.32 0 2.48472 0 0
0 0 0 1430217560 61982 0 0 0 1.91 -2.308 0 2.48472 0 0
0 0 0 1430217560 101978 0 0 0 1.896 -2.297 0 2.48472 0 0
0 0 0 1430217560 141983 0 0 0 1.881 -2.286 0 2.48472 0 0
0 0 0 1430217560 182099 0 0 0 1.866 -2.275 0 2.48472 0 0
0 0 0 1430217560 222089 0 0 0 1.851 -2.264 0 2.48472 0 0
0 0 0 1430217560 262072 0 0 0 1.837 -2.252 0 2.48472 0 0
0 0 0 1430217560 302105 0 0 0 1.822 -2.241 0 2.48472 0 0
0 0 0 1430217560 342097 0 0 0 1.807 -2.23 0 2.48472 0 0
0 0 0 1430217560 382106 0 0 0 1.793 -2.219 0 2.48472 0 0
0 0 0 1430217560 422093 0 0 0 1.778 -2.208 0 2.48472 0 0
0 0 0 1430217560 462106 0 0 0 1.763 -2.196 0 2.48472 0 0
0 0 0 1430217560 502208 0 0 0 1.749 -2.185 0 2.48472 0 0
0 0 0 1430217560 542230 0 0 0 1.735 -2.175 0 2.48625 0 0
0 0 0 1430217560 582234 0 0 0 1.721 -2.164 0 2.48472 0 0
0 0 0 1430217560 622226 0 0 0 1.708 -2.154 0 2.48472 0 0
0 0 0 1430217560 662243 0 0 0 1.694 -2.144 0 2.48472 0 0
0 0 0 1430217560 702235 0 0 0 1.681 -2.134 0 2.48319 0 0
0 0 0 1430217560 742248 0 0 0 1.668 -2.124 0 2.48472 0 0
0 0 0 1430217560 782362 0 0 0 1.655 -2.114 0 2.48778 0 0
0 0 0 1430217560 822377 0 0 0 1.642 -2.105 0 2.48931 0 0
0 0 0 1430217560 862357 0 0 0 1.629 -2.095 0 2.49237 0 0
0 0 0 1430217560 902366 0 0 0 1.617 -2.085 0 2.49543 0 0
0 0 0 1430217560 942377 0 0 0 1.604 -2.076 0 2.49696 0 0
0 0 0 1430217560 982359 0 0 0 1.591 -2.066 0 2.49849 0 0
0 0 0 1430217561 22356 0 0 0 1.578 -2.057 0 2.50002 0 0
0 0 0 1430217561 62495 0 0 0 1.566 -2.048 0 2.50308 0 0
0 0 0 1430217561 102480 0 0 0 1.553 -2.038 0 2.50614 0 0
0 0 0 1430217561 142484 0 0 0 1.54 -2.029 0 2.5092 0 0
0 0 0 1430217561 182487 0 0 0 1.527 -2.02 0 2.51532 0 0
0 0 0 1430217561 222484 0 0 0 1.514 -2.011 0 2.5245 0 0
0 0 0 1430217561 262498 0 0 0 1.501 -2.002 0 2.53674 0 0
0 0 0 1430217561 302480 0 0 0 1.488 -1.993 0 2.55204 0 0
0 0 0 1430217561 342539 0 0 0 1.475 -1.984 0 2.56734 0 0
0 0 0 1430217561 382607 0 0 0 1.461 -1.976 0 2.58876 0 0
0 0 0 1430217561 422586 0 0 0 1.448 -1.968 0 2.61171 0 0
0 0 0 1430217561 462611 0 0 0 1.434 -1.96 0 2.63313 0 0
0 0 0 1430217561 502778 0 0 0 1.421 -1.953 0 2.65608 0 0
0 0 0 1430217561 542765 0 0 0 1.407 -1.946 0 2.6775 0 0
0 0 0 1430217561 582733 0 0 0 1.393 -1.939 0 2.70045 0 0
0 0 0 1430217561 622652 0 0 0 1.379 -1.933 0 2.7234 0 0
0 0 0 1430217561 662667 0 0 0 1.365 -1.927 0 2.74635 0 0
0 0 0 1430217561 702676 0 0 0 1.35 -1.922 0 2.76777 0 0
0 0 0 1430217561 742671 0 0 0 1.336 -1.916 0 2.78919 0 0
0 0 0 1430217561 782669 0 0 0 1.322 -1.911 0 2.81214 0 0
0 0 0 1430217561 822675 0 0 0 1.307 -1.907 0 2.83509 0 0
0 0 0 1430217561 862656 0 0 0 1.294 -1.903 0 2.85651 0 0
0 0 0 1430217561 902672 0 0 0 1.28 -1.899 0 2.87946 0 0
0 0 0 1430217561 942780 0 0 0 1.267 -1.896 0 2.90241 0 0
0 0 0 1430217561 982809 0 0 0 1.255 -1.893 0 2.92383 0 0
0 0 0 1430217562 22805 0 0 0 1.243 -1.891 0 2.94678 0 0
0 0 0 1430217562 62778 0 0 0 1.232 -1.889 0 2.97126 0 0
0 0 0 1430217562 102782 0 0 0 1.221 -1.887 0 2.99727 0 0
0 0 0 1430217562 142786 0 0 0 1.21 -1.886 0 3.02787 0 0
0 0 0 1430217562 182801 0 0 0 1.2 -1.885 0 3.05694 0 0
0 0 0 1430217562 222912 0 0 0 1.19 -1.884 0 3.08601 0 0
0 0 0 1430217562 262915 0 0 0 1.181 -1.884 0 3.11661 0 0
0 0 0 1430217562 302872 0 0 0 1.172 -1.884 0 -3.13445 0 0
0 0 0 1430217562 342903 0 0 0 1.164 -1.884 0 -3.10538 0 0
0 0 0 1430217562 382905 0 0 0 1.156 -1.885 0 -3.07478 0 0
0 0 0 1430217562 422905 0 0 0 1.148 -1.885 0 -3.04418 0 0
0 0 0 1430217562 463001 0 0 0 1.141 -1.886 0 -3.01511 0 0
0 0 0 1430217562 502912 0 0 0 1.135 -1.887 0 -2.98757 0 0
0 0 0 1430217562 543041 0 0 0 1.129 -1.888 0 -2.96156 0 0
0 0 0 1430217562 583049 0 0 0 1.123 -1.889 0 -2.93402 0 0
0 0 0 1430217562 623052 0 0 0 1.118 -1.89 0 -2.90495 0 0
0 0 0 1430217562 663031 0 0 0 1.114 -1.892 0 -2.87588 0 0
0 0 0 1430217562 703044 0 0 0 1.11 -1.893 0 -2.84528 0 0
0 0 0 1430217562 743040 0 0 0 1.107 -1.894 0 -2.81621 0 0
0 0 0 1430217562 783176 0 0 0 1.104 -1.895 0 -2.78561 0 0
0 0 0 1430217562 803164 0 0 0 1.102 -1.895 0 -2.77031 0 0
0 0 0 1430217562 843175 0 0 0 1.1 -1.896 0 -2.73818 0 0
0 0 0 1430217562 883157 0 0 0 1.098 -1.897 0 -2.70452 0 0
0 0 0 1430217562 903151 0 0 0 1.098 -1.898 0 -2.68769 0 0
0 0 0 1430217562 923159 0 0 0 1.097 -1.898 0 -2.67086 0 0
0 0 0 1430217562 963155 0 0 0 1.096 -1.898 0 -2.63873 0 0
0 0 0 1430217563 3153 0 0 0 1.096 -1.899 0 -2.60507 0 0
0 0 0 1430217563 43172 0 0 0 1.096 -1.899 0 -2.57141 0 0
0 0 0 1430217563 83153 0 0 0 1.096 -1.899 0 -2.53928 0 0
0 0 0 1430217563 123292 0 0 0 1.096 -1.899 0 -2.50715 0 0
0 0 0 1430217563 163278 0 0 0 1.096 -1.899 0 -2.47502 0 0
0 0 0 1430217563 203285 0 0 0 1.096 -1.898 0 -2.44442 0 0
0 0 0 1430217563 243411 0 0 0 1.096 -1.898 0 -2.41076 0 0
0 0 0 1430217563 283441 0 0 0 1.096 -1.899 0 -2.37863 0 0
0 0 0 1430217563 323363 0 0 0 1.095 -1.899 0 -2.34497 0 0
0 0 0 1430217563 343336 0 0 0 1.095 -1.9 0 -2.32661 0 0
0 0 0 1430217563 363346 0 0 0 1.094 -1.9 0 -2.30978 0 0
0 0 0 1430217563 403516 0 0 0 1.093 -1.901 0 -2.27459 0 0
0 0 0 1430217563 443522 0 0 0 1.092 -1.903 0 -2.24246 0 0
0 0 0 1430217563 483541 0 0 0 1.09 -1.905 0 -2.21033 0 0
0 0 0 1430217563 503543 0 0 0 1.089 -1.906 0 -2.1935 0 0
0 0 0 1430217563 523521 0 0 0 1.088 -1.908 0 -2.17973 0 0
0 0 0 1430217563 563442 0 0 0 1.086 -1.911 0 -2.14607 0 0
0 0 0 1430217563 603474 0 0 0 1.084 -1.914 0 -2.11394 0 0
0 0 0 1430217563 643516 0 0 0 1.083 -1.917 0 -2.08181 0 0
0 0 0 1430217563 683497 0 0 0 1.081 -1.919 0 -2.05121 0 0
0 0 0 1430217563 723653 0 0 0 1.08 -1.922 0 -2.01755 0 0
0 0 0 1430217563 763643 0 0 0 1.08 -1.923 0 -1.98389 0 0
0 0 0 1430217563 803636 0 0 0 1.079 -1.924 0 -1.95023 0 0
0 0 0 1430217563 843753 0 0 0 1.079 -1.924 0 -1.91657 0 0
0 0 0 1430217563 883762 0 0 0 1.079 -1.924 0 -1.88597 0 0
0 0 0 1430217563 923766 0 0 0 1.079 -1.924 0 -1.85384 0 0
0 0 0 1430217563 963766 0 0 0 1.08 -1.923 0 -1.82324 0 0
0 0 0 1430217564 3758 0 0 0 1.08 -1.923 0 -1.79111 0 0
0 0 0 1430217564 43748 0 0 0 1.08 -1.924 0 -1.75745 0 0
0 0 0 1430217564 83761 0 0 0 1.08 -1.924 0 -1.72379 0 0
0 0 0 1430217564 123805 0 0 0 1.08 -1.924 0 -1.69166 0 0
0 0 0 1430217564 143796 0 0 0 1.08 -1.924 0 -1.67636 0 0
0 0 0 1430217564 163797 0 0 0 1.08 -1.924 0 -1.66259 0 0
0 0 0 1430217564 203722 0 0 0 1.08 -1.924 0 -1.63505 0 0
0 0 0 1430217564 243886 0 0 0 1.08 -1.924 0 -1.61363 0 0
0 0 0 1430217564 283887 0 0 0 1.08 -1.924 0 -1.59221 0 0
0 0 0 1430217564 323896 0 0 0 1.08 -1.924 0 -1.57385 0 0
0 0 0 1430217564 363884 0 0 0 1.08 -1.924 0 -1.55855 0 0
0 0 0 1430217564 403885 0 0 0 1.08 -1.924 0 -1.54631 0 0
0 0 0 1430217564 443856 0 0 0 1.08 -1.924 0 -1.5356 0 0
0 0 0 1430217564 483889 0 0 0 1.08 -1.925 0 -1.52795 0 0
0 0 0 1430217564 523889 0 0 0 1.08 -1.926 0 -1.52336 0 0
0 0 0 1430217564 564012 0 0 0 1.08 -1.928 0 -1.52183 0 0
0 0 0 1430217564 604014 0 0 0 1.08 -1.931 0 -1.52183 0 0
0 0 0 1430217564 643999 0 0 0 1.08 -1.934 0 -1.52336 0 0
0 0 0 1430217564 684058 0 0 0 1.08 -1.938 0 -1.52336 0 0
0 0 0 1430217564 723995 0 0 0 1.081 -1.942 0 -1.52336 0 0
0 0 0 1430217564 763992 0 0 0 1.081 -1.946 0 -1.52336 0 0
0 0 0 1430217564 804004 0 0 0 1.081 -1.951 0 -1.52183 0 0
0 0 0 1430217564 844112 0 0 0 1.081 -1.956 0 -1.52183 0 0
0 0 0 1430217564 884112 0 0 0 1.082 -1.962 0 -1.52183 0 0
0 0 0 1430217564 924116 0 0 0 1.082 -1.969 0 -1.52336 0 0
0 0 0 1430217564 964090 0 0 0 1.082 -1.976 0 -1.52336 0 0
0 0 0 1430217565 4114 0 0 0 1.083 -1.983 0 -1.52183 0 0
0 0 0 1430217565 44117 0 0 0 1.083 -1.991 0 -1.52183 0 0
0 0 0 1430217565 84104 0 0 0 1.084 -1.999 0 -1.52183 0 0
0 0 0 1430217565 124235 0 0 0 1.084 -2.008 0 -1.52183 0 0
0 0 0 1430217565 164246 0 0 0 1.085 -2.017 0 -1.52183 0 0
0 0 0 1430217565 204234 0 0 0 1.086 -2.027 0 -1.52336 0 0
0 0 0 1430217565 244236 0 0 0 1.086 -2.037 0 -1.52183 0 0
0 0 0 1430217565 285345 0 0 0 1.087 -2.046 0 -1.52183 0 0
0 0 0 1430217565 324243 0 0 0 1.087 -2.055 0 -1.52183 0 0
0 0 0 1430217565 364391 0 0 0 1.088 -2.064 0 -1.52183 0 0
0 0 0 1430217565 404231 0 0 0 1.088 -2.073 0 -1.52183 0 0
0 0 0 1430217565 444362 0 0 0 1.089 -2.08 0 -1.52183 0 0
0 0 0 1430217565 484369 0 0 0 1.089 -2.086 0 -1.52183 0 0
0 0 0 1430217565 524332 0 0 0 1.089 -2.093 0 -1.52183 0 0
0 0 0 1430217565 564361 0 0 0 1.09 -2.099 0 -1.5203 0 0
0 0 0 1430217565 604379 0 0 0 1.09 -2.104 0 -1.5203 0 0
0 0 0 1430217565 644359 0 0 0 1.09 -2.109 0 -1.51265 0 0
0 0 0 1430217565 684343 0 0 0 1.091 -2.114 0 -1.50653 0 0
0 0 0 1430217565 724478 0 0 0 1.091 -2.118 0 -1.49276 0 0
0 0 0 1430217565 764493 0 0 0 1.092 -2.122 0 -1.48205 0 0
0 0 0 1430217565 804500 0 0 0 1.092 -2.126 0 -1.47134 0 0
0 0 0 1430217565 844508 0 0 0 1.092 -2.129 0 -1.45757 0 0
0 0 0 1430217565 884494 0 0 0 1.093 -2.132 0 -1.44227 0 0
0 0 0 1430217565 924493 0 0 0 1.093 -2.135 0 -1.4285 0 0
0 0 0 1430217565 964491 0 0 0 1.093 -2.138 0 -1.41014 0 0
0 0 0 1430217566 4622 0 0 0 1.094 -2.141 0 -1.39331 0 0
0 0 0 1430217566 44592 0 0 0 1.095 -2.145 0 -1.37648 0 0
0 0 0 1430217566 84611 0 0 0 1.096 -2.15 0 -1.36118 0 0
0 0 0 1430217566 124626 0 0 0 1.097 -2.155 0 -1.34741 0 0
0 0 0 1430217566 164750 0 0 0 1.098 -2.16 0 -1.33364 0 0
0 0 0 1430217566 204741 0 0 0 1.1 -2.165 0 -1.31987 0 0
0 0 0 1430217566 244608 0 0 0 1.101 -2.169 0 -1.30916 0 0
0 0 0 1430217566 284613 0 0 0 1.102 -2.175 0 -1.30151 0 0
0 0 0 1430217566 324730 0 0 0 1.104 -2.18 0 -1.29692 0 0
0 0 0 1430217566 364752 0 0 0 1.105 -2.185 0 -1.29386 0 0
0 0 0 1430217566 404743 0 0 0 1.107 -2.19 0 -1.29692 0 0
0 0 0 1430217566 444744 0 0 0 1.109 -2.196 0 -1.29845 0 0
0 0 0 1430217566 484748 0 0 0 1.11 -2.201 0 -1.29845 0 0
0 0 0 1430217566 524755 0 0 0 1.112 -2.206 0 -1.29692 0 0
0 0 0 1430217566 564856 0 0 0 1.113 -2.212 0 -1.29692 0 0
0 0 0 1430217566 604866 0 0 0 1.115 -2.217 0 -1.29539 0 0
0 0 0 1430217566 644873 0 0 0 1.116 -2.222 0 -1.29539 0 0
0 0 0 1430217566 684860 0 0 0 1.118 -2.227 0 -1.29692 0 0
0 0 0 1430217566 724869 0 0 0 1.119 -2.233 0 -1.29845 0 0
0 0 0 1430217566 764866 0 0 0 1.121 -2.238 0 -1.29692 0 0
0 0 0 1430217566 804888 0 0 0 1.123 -2.244 0 -1.29692 0 0
0 0 0 1430217566 844889 0 0 0 1.124 -2.249 0 -1.29539 0 0
0 0 0 1430217566 884882 0 0 0 1.126 -2.254 0 -1.29539 0 0
0 0 0 1430217566 924969 0 0 0 1.127 -2.26 0 -1.29692 0 0
0 0 0 1430217566 964917 0 0 0 1.129 -2.265 0 -1.29692 0 0
0 0 0 1430217567 4917 0 0 0 1.13 -2.27 0 -1.29692 0 0
0 0 0 1430217567 45047 0 0 0 1.132 -2.275 0 -1.29539 0 0
0 0 0 1430217567 85000 0 0 0 1.133 -2.281 0 -1.29233 0 0
0 0 0 1430217567 124912 0 0 0 1.135 -2.286 0 -1.28774 0 0
0 0 0 1430217567 165043 0 0 0 1.137 -2.291 0 -1.28009 0 0
0 0 0 1430217567 205037 0 0 0 1.138 -2.297 0 -1.27244 0 0
0 0 0 1430217567 245037 0 0 0 1.14 -2.302 0 -1.26632 0 0
0 0 0 1430217567 285036 0 0 0 1.142 -2.307 0 -1.25867 0 0
0 0 0 1430217567 325036 0 0 0 1.144 -2.312 0 -1.25102 0 0
0 0 0 1430217567 365035 0 0 0 1.145 -2.317 0 -1.24337 0 0
0 0 0 1430217567 405040 0 0 0 1.147 -2.323 0 -1.23572 0 0
0 0 0 1430217567 445043 0 0 0 1.149 -2.328 0 -1.22807 0 0
0 0 0 1430217567 485161 0 0 0 1.151 -2.333 0 -1.22042 0 0
0 0 0 1430217567 525158 0 0 0 1.153 -2.338 0 -1.21277 0 0
0 0 0 1430217567 565163 0 0 0 1.155 -2.344 0 -1.20512 0 0
0 0 0 1430217567 605160 0 0 0 1.157 -2.349 0 -1.19747 0 0
0 0 0 1430217567 645161 0 0 0 1.159 -2.354 0 -1.18982 0 0
0 0 0 1430217567 685202 0 0 0 1.161 -2.359 0 -1.18217 0 0
0 0 0 1430217567 725261 0 0 0 1.164 -2.364 0 -1.17452 0 0
0 0 0 1430217567 745302 0 0 0 1.165 -2.366 0 -1.16993 0 0
0 0 0 1430217567 765281 0 0 0 1.166 -2.369 0 -1.16687 0 0
0 0 0 1430217567 785218 0 0 0 1.167 -2.372 0 -1.16228 0 0
0 0 0 1430217567 805370 0 0 0 1.168 -2.374 0 -1.15922 0 0
0 0 0 1430217567 845381 0 0 0 1.17 -2.379 0 -1.15157 0 0
0 0 0 1430217567 885401 0 0 0 1.173 -2.384 0 -1.14392 0 0
0 0 0 1430217567 925369 0 0 0 1.175 -2.389 0 -1.13627 0 0
0 0 0 1430217567 965358 0 0 0 1.178 -2.394 0 -1.12862 0 0
0 0 0 1430217567 985364 0 0 0 1.179 -2.397 0 -1.12403 0 0
0 0 0 1430217568 5371 0 0 0 1.18 -2.399 0 -1.12097 0 0
0 0 0 1430217568 45503 0 0 0 1.182 -2.404 0 -1.11332 0 0
0 0 0 1430217568 65509 0 0 0 1.184 -2.406 0 -1.10873 0 0
0 0 0 1430217568 85468 0 0 0 1.185 -2.409 0 -1.10567 0 0
0 0 0 1430217568 125500 0 0 0 1.188 -2.414 0 -1.09955 0 0
0 0 0 1430217568 165488 0 0 0 1.19 -2.419 0 -1.09649 0 0
0 0 0 1430217568 205498 0 0 0 1.193 -2.424 0 -1.09649 0 0
0 0 0 1430217568 245488 0 0 0 1.195 -2.429 0 -1.09649 0 0
0 0 0 1430217568 285506 0 0 0 1.198 -2.434 0 -1.09802 0 0
0 0 0 1430217568 325508 0 0 0 1.201 -2.439 0 -1.09802 0 0
0 0 0 1430217568 365627 0 0 0 1.203 -2.443 0 -1.09802 0 0
0 0 0 1430217568 385626 0 0 0 1.204 -2.446 0 -1.09802 0 0
0 0 0 1430217568 405636 0 0 0 1.206 -2.448 0 -1.09802 0 0
0 0 0 1430217568 445576 0 0 0 1.208 -2.453 0 -1.09802 0 0
0 0 0 1430217568 485743 0 0 0 1.211 -2.458 0 -1.09802 0 0
0 0 0 1430217568 525623 0 0 0 1.213 -2.463 0 -1.09802 0 0
0 0 0 1430217568 565629 0 0 0 1.216 -2.468 0 -1.09802 0 0
0 0 0 1430217568 585746 0 0 0 1.217 -2.47 0 -1.09802 0 0
0 0 0 1430217568 605729 0 0 0 1.219 -2.473 0 -1.09802 0 0
0 0 0 1430217568 645615 0 0 0 1.221 -2.478 0 -1.09802 0 0
0 0 0 1430217568 685744 0 0 0 1.224 -2.483 0 -1.09802 0 0
0 0 0 1430217568 705750 0 0 0 1.225 -2.485 0 -1.09802 0 0
0 0 0 1430217568 725745 0 0 0 1.226 -2.488 0 -1.09802 0 0
0 0 0 1430217568 765736 0 0 0 1.229 -2.492 0 -1.09802 0 0
0 0 0 1430217568 785753 0 0 0 1.23 -2.495 0 -1.09955 0 0
0 0 0 1430217568 805713 0 0 0 1.231 -2.497 0 -1.09955 0 0
0 0 0 1430217568 845681 0 0 0 1.234 -2.502 0 -1.09802 0 0
0 0 0 1430217568 885874 0 0 0 1.237 -2.507 0 -1.09496 0 0
0 0 0 1430217568 925883 0 0 0 1.239 -2.512 0 -1.08884 0 0
0 0 0 1430217568 945866 0 0 0 1.241 -2.514 0 -1.08578 0 0
0 0 0 1430217568 965871 0 0 0 1.242 -2.517 0 -1.08119 0 0
0 0 0 1430217568 985877 0 0 0 1.243 -2.519 0 -1.0766 0 0
0 0 0 1430217569 5871 0 0 0 1.245 -2.522 0 -1.07048 0 0
0 0 0 1430217569 45857 0 0 0 1.247 -2.526 0 -1.05671 0 0
0 0 0 1430217569 65869 0 0 0 1.249 -2.529 0 -1.04906 0 0
0 0 0 1430217569 85868 0 0 0 1.25 -2.531 0 -1.04141 0 0
0 0 0 1430217569 125867 0 0 0 1.253 -2.536 0 -1.02764 0 0
0 0 0 1430217569 145874 0 0 0 1.255 -2.538 0 -1.01999 0 0
0 0 0 1430217569 165863 0 0 0 1.256 -2.541 0 -1.01387 0 0
0 0 0 1430217569 205855 0 0 0 1.259 -2.545 0 -1.0001 0 0
0 0 0 1430217569 246000 0 0 0 1.262 -2.55 0 -0.986325 0 0
0 0 0 1430217569 286001 0 0 0 1.265 -2.554 0 -0.972555 0 0
0 0 0 1430217569 326005 0 0 0 1.268 -2.559 0 -0.958785 0 0
0 0 0 1430217569 365998 0 0 0 1.272 -2.563 0 -0.945015 0 0
0 0 0 1430217569 405990 0 0 0 1.275 -2.568 0 -0.929715 0 0
0 0 0 1430217569 445999 0 0 0 1.278 -2.572 0 -0.915945 0 0
0 0 0 1430217569 485993 0 0 0 1.282 -2.576 0 -0.902175 0 0
0 0 0 1430217569 525995 0 0 0 1.285 -2.581 0 -0.888405 0 0
0 0 0 1430217569 566123 0 0 0 1.289 -2.585 0 -0.874635 0 0
0 0 0 1430217569 586114 0 0 0 1.291 -2.587 0 -0.868515 0 0
0 0 0 1430217569 606116 0 0 0 1.293 -2.589 0 -0.860865 0 0
0 0 0 1430217569 626136 0 0 0 1.294 -2.591 0 -0.854745 0 0
0 0 0 1430217569 646121 0 0 0 1.296 -2.593 0 -0.848625 0 0
0 0 0 1430217569 686102 0 0 0 1.3 -2.597 0 -0.839445 0 0
0 0 0 1430217569 706122 0 0 0 1.302 -2.599 0 -0.836385 0 0
0 0 0 1430217569 726136 0 0 0 1.304 -2.601 0 -0.834855 0 0
0 0 0 1430217569 766139 0 0 0 1.308 -2.606 0 -0.830265 0 0
0 0 0 1430217569 806120 0 0 0 1.312 -2.61 0 -0.828735 0 0
0 0 0 1430217569 846223 0 0 0 1.316 -2.614 0 -0.828735 0 0
0 0 0 1430217569 866256 0 0 0 1.317 -2.616 0 -0.831795 0 0
0 0 0 1430217569 886236 0 0 0 1.319 -2.618 0 -0.831795 0 0
0 0 0 1430217569 926187 0 0 0 1.323 -2.622 0 -0.831795 0 0
0 0 0 1430217569 946230 0 0 0 1.325 -2.624 0 -0.831795 0 0
0 0 0 1430217569 966234 0 0 0 1.327 -2.626 0 -0.831795 0 0
0 0 0 1430217569 986237 0 0 0 1.329 -2.628 0 -0.833325 0 0
0 0 0 1430217570 6228 0 0 0 1.33 -2.63 0 -0.834855 0 0
0 0 0 1430217570 46224 0 0 0 1.334 -2.634 0 -0.837915 0 0
0 0 0 1430217570 86240 0 0 0 1.338 -2.638 0 -0.844035 0 0
0 0 0 1430217570 126377 0 0 0 1.341 -2.642 0 -0.854745 0 0
0 0 0 1430217570 166379 0 0 0 1.345 -2.646 0 -0.865455 0 0
0 0 0 1430217570 206372 0 0 0 1.349 -2.65 0 -0.877695 0 0
0 0 0 1430217570 226378 0 0 0 1.351 -2.653 0 -0.883815 0 0
0 0 0 1430217570 246378 0 0 0 1.353 -2.655 0 -0.888405 0 0
0 0 0 1430217570 286368 0 0 0 1.356 -2.659 0 -0.900645 0 0
0 0 0 1430217570 326299 0 0 0 1.36 -2.663 0 -0.912885 0 0
0 0 0 1430217570 366409 0 0 0 1.363 -2.668 0 -0.925125 0 0
0 0 0 1430217570 406412 0 0 0 1.366 -2.671 0 -0.934305 0 0
0 0 0 1430217570 446407 0 0 0 1.369 -2.675 0 -0.946545 0 0
0 0 0 1430217570 486418 0 0 0 1.371 -2.679 0 -0.954195 0 0
0 0 0 1430217570 526420 0 0 0 1.374 -2.682 0 -0.964905 0 0
0 0 0 1430217570 566427 0 0 0 1.376 -2.685 0 -0.974085 0 0
0 0 0 1430217570 606419 0 0 0 1.377 -2.687 0 -0.986325 0 0
0 0 0 1430217570 646525 0 0 0 1.379 -2.689 0 -0.997035 0 0
0 0 0 1430217570 686544 0 0 0 1.379 -2.69 0 -1.01081 0 0
0 0 0 1430217570 726560 0 0 0 1.38 -2.691 0 -1.02305 0 0
0 0 0 1430217570 766577 0 0 0 1.38 -2.692 0 -1.03682 0 0
0 0 0 1430217570 806557 0 0 0 1.381 -2.692 0 -1.05365 0 0
0 0 0 1430217570 846548 0 0 0 1.381 -2.692 0 -1.07507 0 0
0 0 0 1430217570 886663 0 0 0 1.381 -2.692 0 -1.09955 0 0
0 0 0 1430217570 926665 0 0 0 1.38 -2.692 0 -1.12556 0 0
0 0 0 1430217570 966626 0 0 0 1.38 -2.692 0 -1.15463 0 0
0 0 0 1430217571 6751 0 0 0 1.381 -2.692 0 -1.18064 0 0
0 0 0 1430217571 46745 0 0 0 1.38 -2.692 0 -1.20818 0 0
0 0 0 1430217571 86711 0 0 0 1.38 -2.691 0 -1.2296 0 0
0 0 0 1430217571 126732 0 0 0 1.38 -2.691 0 -1.25102 0 0
0 0 0 1430217571 166748 0 0 0 1.38 -2.69 0 -1.26938 0 0
0 0 0 1430217571 206882 0 0 0 1.379 -2.689 0 -1.28315 0 0
0 0 0 1430217571 246838 0 0 0 1.379 -2.687 0 -1.29386 0 0
0 0 0 1430217571 286847 0 0 0 1.378 -2.684 0 -1.30304 0 0
0 0 0 1430217571 326803 0 0 0 1.377 -2.681 0 -1.30916 0 0
0 0 0 1430217571 366809 0 0 0 1.376 -2.677 0 -1.31222 0 0
0 0 0 1430217571 406829 0 0 0 1.375 -2.672 0 -1.31222 0 0
0 0 0 1430217571 446856 0 0 0 1.374 -2.668 0 -1.31069 0 0
0 0 0 1430217571 486852 0 0 0 1.372 -2.663 0 -1.3061 0 0
0 0 0 1430217571 526999 0 0 0 1.371 -2.658 0 -1.29692 0 0
0 0 0 1430217571 567000 0 0 0 1.369 -2.652 0 -1.28774 0 0
0 0 0 1430217571 606985 0 0 0 1.367 -2.646 0 -1.2755 0 0
0 0 0 1430217571 646995 0 0 0 1.365 -2.639 0 -1.26173 0 0
0 0 0 1430217571 687003 0 0 0 1.362 -2.632 0 -1.25102 0 0
0 0 0 1430217571 726996 0 0 0 1.36 -2.624 0 -1.24031 0 0
0 0 0 1430217571 767002 0 0 0 1.357 -2.616 0 -1.23419 0 0
0 0 0 1430217571 807101 0 0 0 1.354 -2.607 0 -1.23113 0 0
0 0 0 1430217571 847127 0 0 0 1.35 -2.599 0 -1.2296 0 0
0 0 0 1430217571 887121 0 0 0 1.347 -2.589 0 -1.23113 0 0
0 0 0 1430217571 927123 0 0 0 1.343 -2.58 0 -1.23113 0 0
0 0 0 1430217571 967118 0 0 0 1.34 -2.569 0 -1.23113 0 0
0 0 0 1430217572 7122 0 0 0 1.336 -2.559 0 -1.23113 0 0
0 0 0 1430217572 47113 0 0 0 1.332 -2.548 0 -1.23113 0 0
0 0 0 1430217572 87253 0 0 0 1.328 -2.537 0 -1.23113 0 0
0 0 0 1430217572 127231 0 0 0 1.324 -2.526 0 -1.23113 0 0
0 0 0 1430217572 167262 0 0 0 1.32 -2.515 0 -1.23113 0 0
0 0 0 1430217572 207291 0 0 0 1.316 -2.504 0 -1.23113 0 0
0 0 0 1430217572 247267 0 0 0 1.312 -2.493 0 -1.23113 0 0
0 0 0 1430217572 287264 0 0 0 1.308 -2.483 0 -1.23113 0 0
0 0 0 1430217572 327227 0 0 0 1.304 -2.472 0 -1.23113 0 0
0 0 0 1430217572 367379 0 0 0 1.3 -2.461 0 -1.23113 0 0
0 0 0 1430217572 407375 0 0 0 1.296 -2.45 0 -1.23113 0 0
0 0 0 1430217572 447368 0 0 0 1.292 -2.439 0 -1.23113 0 0
0 0 0 1430217572 487344 0 0 0 1.288 -2.428 0 -1.23113 0 0
0 0 0 1430217572 527420 0 0 0 1.284 -2.418 0 -1.23113 0 0
0 0 0 1430217572 567377 0 0 0 1.28 -2.407 0 -1.23113 0 0
0 0 0 1430217572 607368 0 0 0 1.276 -2.396 0 -1.23113 0 0
0 0 0 1430217572 647352 0 0 0 1.272 -2.385 0 -1.23113 0 0
0 0 0 1430217572 687508 0 0 0 1.268 -2.374 0 -1.2296 0 0
0 0 0 1430217572 727497 0 0 0 1.264 -2.363 0 -1.23113 0 0
0 0 0 1430217572 767501 0 0 0 1.26 -2.353 0 -1.23113 0 0
0 0 0 1430217572 807493 0 0 0 1.256 -2.342 0 -1.23113 0 0
0 0 0 1430217572 847501 0 0 0 1.252 -2.331 0 -1.23113 0 0
0 0 0 1430217572 887487 0 0 0 1.248 -2.32 0 -1.23113 0 0
0 0 0 1430217572 927489 0 0 0 1.244 -2.309 0 -1.23113 0 0
0 0 0 1430217572 967622 0 0 0 1.24 -2.298 0 -1.23113 0 0
0 0 0 1430217573 7656 0 0 0 1.236 -2.288 0 -1.23113 0 0
0 0 0 1430217573 47610 0 0 0 1.232 -2.277 0 -1.23113 0 0
0 0 0 1430217573 87606 0 0 0 1.228 -2.266 0 -1.23113 0 0
0 0 0 1430217573 127761 0 0 0 1.224 -2.255 0 -1.23113 0 0
0 0 0 1430217573 167751 0 0 0 1.221 -2.245 0 -1.23113 0 0
0 0 0 1430217573 207723 0 0 0 1.217 -2.235 0 -1.23266 0 0
0 0 0 1430217573 247742 0 0 0 1.213 -2.225 0 -1.23266 0 0
0 0 0 1430217573 287719 0 0 0 1.21 -2.216 0 -1.23113 0 0
0 0 0 1430217573 327752 0 0 0 1.207 -2.208 0 -1.2296 0 0
0 0 0 1430217573 367741 0 0 0 1.204 -2.2 0 -1.2296 0 0
0 0 0 1430217573 407888 0 0 0 1.201 -2.193 0 -1.23113 0 0
0 0 0 1430217573 447742 0 0 0 1.199 -2.186 0 -1.23113 0 0
0 0 0 1430217573 487751 0 0 0 1.196 -2.179 0 -1.23266 0 0
0 0 0 1430217573 527862 0 0 0 1.194 -2.173 0 -1.23266 0 0
0 0 0 1430217573 567871 0 0 0 1.192 -2.168 0 -1.23266 0 0
0 0 0 1430217573 607876 0 0 0 1.19 -2.162 0 -1.23266 0 0
0 0 0 1430217573 647881 0 0 0 1.188 -2.157 0 -1.23266 0 0
0 0 0 1430217573 687866 0 0 0 1.187 -2.153 0 -1.23266 0 0
0 0 0 1430217573 727892 0 0 0 1.185 -2.149 0 -1.23266 0 0
0 0 0 1430217573 767900 0 0 0 1.184 -2.146 0 -1.23266 0 0
0 0 0 1430217573 807874 0 0 0 1.183 -2.143 0 -1.23266 0 0
0 0 0 1430217573 847972 0 0 0 1.182 -2.14 0 -1.23266 0 0
0 0 0 1430217573 887997 0 0 0 1.181 -2.138 0 -1.23113 0 0
0 0 0 1430217573 927996 0 0 0 1.181 -2.136 0 -1.23266 0 0
0 0 0 1430217573 968005 0 0 0 1.18 -2.135 0 -1.23266 0 0
0 0 0 1430217574 8001 0 0 0 1.18 -2.134 0 -1.23419 0 0
0 0 0 1430217574 48013 0 0 0 1.18 -2.134 0 -1.23572 0 0
0 0 0 1430217574 87994 0 0 0 1.18 -2.134 0 -1.23572 0 0
0 0 0 1430217574 128003 0 0 0 1.18 -2.134 0 -1.23572 0 0
0 0 0 1430217574 168100 0 0 0 1.18 -2.134 0 -1.23572 0 0
0 0 0 1430217574 208120 0 0 0 1.18 -2.134 0 -1.23572 0 0
0 0 0 1430217574 248124 0 0 0 1.18 -2.134 0 -1.23572 0 0
0 0 0 1430217574 288135 0 0 0 1.18 -2.134 0 -1.23572 0 0
0 0 0 1430217574 328120 0 0 0 1.18 -2.134 0 -1.23572 0 0
0 0 0 1430217574 368122 0 0 0 1.18 -2.134 0 -1.23572 0 0
