0 0 0 1430216527 217530 0 0 0 -3.486 -6.1 0 3.07071 0 0
0 0 0 1430216527 237516 0 0 0 -3.486 -6.1 0 3.07071 0 0
0 0 0 1430216527 257503 0 0 0 -3.486 -6.1 0 3.07071 0 0
0 0 0 1430216527 277503 0 0 0 -3.486 -6.1 0 3.07071 0 0
0 0 0 1430216527 297519 0 0 0 -3.486 -6.1 0 3.07071 0 0
0 0 0 1430216527 317515 0 0 0 -3.486 -6.1 0 3.07071 0 0
0 0 0 1430216527 337524 0 0 0 -3.486 -6.1 0 3.07071 0 0
0 0 0 1430216527 357646 0 0 0 -3.486 -6.1 0 3.07071 0 0
0 0 0 1430216527 377645 0 0 0 -3.486 -6.1 0 3.07071 0 0
0 0 0 1430216527 397635 0 0 0 -3.486 -6.1 0 3.07071 0 0
0 0 0 1430216527 417627 0 0 0 -3.486 -6.1 0 3.07071 0 0
0 0 0 1430216527 437671 0 0 0 -3.486 -6.1 0 3.07071 0 0
0 0 0 1430216527 457633 0 0 0 -3.486 -6.1 0 3.07071 0 0
0 0 0 1430216527 477634 0 0 0 -3.486 -6.1 0 3.07071 0 0
0 0 0 1430216527 497596 0 0 0 -3.486 -6.1 0 3.07071 0 0
0 0 0 1430216527 517663 0 0 0 -3.486 -6.1 0 3.07071 0 0
0 0 0 1430216527 537644 0 0 0 -3.486 -6.1 0 3.07071 0 0
0 0 0 1430216527 557647 0 0 0 -3.486 -6.1 0 3.07071 0 0
0 0 0 1430216527 577573 0 0 0 -3.486 -6.1 0 3.07071 0 0
0 0 0 1430216527 597643 0 0 0 -3.486 -6.1 0 3.07071 0 0
0 0 0 1430216527 617654 0 0 0 -3.486 -6.1 0 3.07071 0 0
0 0 0 1430216527 637644 0 0 0 -3.486 -6.1 0 3.07071 0 0
0 0 0 1430216527 657763 0 0 0 -3.486 -6.1 0 3.07071 0 0
0 0 0 1430216527 677638 0 0 0 -3.486 -6.1 0 3.07071 0 0
0 0 0 1430216527 697727 0 0 0 -3.486 -6.1 0 3.07071 0 0
0 0 0 1430216527 717764 0 0 0 -3.486 -6.1 0 3.07071 0 0
0 0 0 1430216527 737762 0 0 0 -3.486 -6.1 0 3.07071 0 0
0 0 0 1430216527 757773 0 0 0 -3.486 -6.1 0 3.07071 0 0
0 0 0 1430216527 777746 0 0 0 -3.486 -6.1 0 3.07071 0 0
0 0 0 1430216527 797768 0 0 0 -3.486 -6.1 0 3.07071 0 0
0 0 0 1430216527 817776 0 0 0 -3.486 -6.1 0 3.07071 0 0
0 0 0 1430216527 837756 0 0 0 -3.486 -6.1 0 3.07071 0 0
0 0 0 1430216527 857768 0 0 0 -3.486 -6.1 0 3.07071 0 0
0 0 0 1430216527 877746 0 0 0 -3.486 -6.1 0 3.07071 0 0
0 0 0 1430216527 897863 0 0 0 -3.486 -6.1 0 3.07071 0 0
0 0 0 1430216527 917762 0 0 0 -3.486 -6.1 0 3.07071 0 0
0 0 0 1430216527 937874 0 0 0 -3.486 -6.1 0 3.07071 0 0
0 0 0 1430216527 957766 0 0 0 -3.486 -6.1 0 3.07071 0 0
0 0 0 1430216527 977844 0 0 0 -3.486 -6.1 0 3.07071 0 0
0 0 0 1430216527 997880 0 0 0 -3.486 -6.1 0 3.07071 0 0
0 0 0 1430216528 17896 0 0 0 -3.486 -6.1 0 3.07071 0 0
0 0 0 1430216528 37905 0 0 0 -3.486 -6.1 0 3.07071 0 0
0 0 0 1430216528 57910 0 0 0 -3.486 -6.1 0 3.07071 0 0
0 0 0 1430216528 77887 0 0 0 -3.486 -6.1 0 3.07071 0 0
0 0 0 1430216528 97891 0 0 0 -3.486 -6.1 0 3.07071 0 0
0 0 0 1430216528 117876 0 0 0 -3.486 -6.1 0 3.07071 0 0
0 0 0 1430216528 137884 0 0 0 -3.486 -6.1 0 3.07071 0 0
0 0 0 1430216528 157878 0 0 0 -3.486 -6.1 0 3.07071 0 0
0 0 0 1430216528 177892 0 0 0 -3.486 -6.1 0 3.07071 0 0
0 0 0 1430216528 198003 0 0 0 -3.486 -6.1 0 3.07071 0 0
0 0 0 1430216528 218028 0 0 0 -3.486 -6.1 0 3.07071 0 0
0 0 0 1430216528 237888 0 0 0 -3.486 -6.1 0 3.07071 0 0
0 0 0 1430216528 258011 0 0 0 -3.486 -6.1 0 3.07071 0 0
0 0 0 1430216528 277900 0 0 0 -3.486 -6.1 0 3.07071 0 0
0 0 0 1430216528 298039 0 0 0 -3.486 -6.1 0 3.07071 0 0
0 0 0 1430216528 318017 0 0 0 -3.486 -6.1 0 3.07071 0 0
0 0 0 1430216528 338012 0 0 0 -3.486 -6.1 0 3.07071 0 0
0 0 0 1430216528 358020 0 0 0 -3.486 -6.1 0 3.07071 0 0
0 0 0 1430216528 378345 0 0 0 -3.486 -6.1 0 3.07071 0 0
0 0 0 1430216528 397992 0 0 0 -3.486 -6.1 0 3.07071 0 0
0 0 0 1430216528 418012 0 0 0 -3.486 -6.1 0 3.07071 0 0
0 0 0 1430216528 438011 0 0 0 -3.486 -6.1 0 3.07071 0 0
0 0 0 1430216528 458002 0 0 0 -3.486 -6.1 0 3.07071 0 0
0 0 0 1430216528 478010 0 0 0 -3.486 -6.1 0 3.07071 0 0
0 0 0 1430216528 497999 0 0 0 -3.486 -6.1 0 3.07071 0 0
0 0 0 1430216528 518134 0 0 0 -3.486 -6.1 0 3.07071 0 0
0 0 0 1430216528 538035 0 0 0 -3.486 -6.1 0 3.07071 0 0
0 0 0 1430216528 558133 0 0 0 -3.486 -6.1 0 3.07071 0 0
0 0 0 1430216528 578139 0 0 0 -3.486 -6.1 0 3.07071 0 0
0 0 0 1430216528 598230 0 0 0 -3.486 -6.1 0 3.07071 0 0
0 0 0 1430216528 618152 0 0 0 -3.486 -6.1 0 3.07071 0 0
0 0 0 1430216528 638125 0 0 0 -3.486 -6.1 0 3.07071 0 0
0 0 0 1430216528 658145 0 0 0 -3.486 -6.1 0 3.07071 0 0
0 0 0 1430216528 678296 0 0 0 -3.486 -6.1 0 3.07071 0 0
0 0 0 1430216528 698262 0 0 0 -3.486 -6.1 0 3.07071 0 0
0 0 0 1430216528 718136 0 0 0 -3.486 -6.1 0 3.07071 0 0
0 0 0 1430216528 738136 0 0 0 -3.486 -6.1 0 3.07071 0 0
0 0 0 1430216528 758123 0 0 0 -3.486 -6.1 0 3.07071 0 0
0 0 0 1430216528 778276 0 0 0 -3.486 -6.1 0 3.07071 0 0
0 0 0 1430216528 798136 0 0 0 -3.486 -6.1 0 3.07071 0 0
0 0 0 1430216528 818154 0 0 0 -3.486 -6.1 0 3.07071 0 0
0 0 0 1430216528 838143 0 0 0 -3.486 -6.1 0 3.07071 0 0
0 0 0 1430216528 858280 0 0 0 -3.486 -6.1 0 3.07071 0 0
0 0 0 1430216528 878260 0 0 0 -3.486 -6.1 0 3.07071 0 0
0 0 0 1430216528 898222 0 0 0 -3.486 -6.1 0 3.07071 0 0
0 0 0 1430216528 918265 0 0 0 -3.486 -6.1 0 3.07071 0 0
0 0 0 1430216528 938262 0 0 0 -3.486 -6.1 0 3.07071 0 0
0 0 0 1430216528 958247 0 0 0 -3.486 -6.1 0 3.07071 0 0
0 0 0 1430216528 978276 0 0 0 -3.486 -6.1 0 3.07071 0 0
0 0 0 1430216528 998264 0 0 0 -3.486 -6.1 0 3.07071 0 0
0 0 0 1430216529 18277 0 0 0 -3.486 -6.1 0 3.07071 0 0
0 0 0 1430216529 38280 0 0 0 -3.486 -6.1 0 3.07071 0 0
0 0 0 1430216529 58252 0 0 0 -3.486 -6.1 0 3.07071 0 0
0 0 0 1430216529 78266 0 0 0 -3.486 -6.1 0 3.07071 0 0
0 0 0 1430216529 98377 0 0 0 -3.486 -6.1 0 3.07071 0 0
0 0 0 1430216529 118400 0 0 0 -3.486 -6.1 0 3.07071 0 0
0 0 0 1430216529 138393 0 0 0 -3.486 -6.1 0 3.07071 0 0
0 0 0 1430216529 158400 0 0 0 -3.486 -6.1 0 3.07071 0 0
0 0 0 1430216529 178382 0 0 0 -3.486 -6.1 0 3.07071 0 0
0 0 0 1430216529 198401 0 0 0 -3.486 -6.1 0 3.07071 0 0
0 0 0 1430216529 218376 0 0 0 -3.486 -6.1 0 3.07071 0 0
0 0 0 1430216529 238364 0 0 0 -3.486 -6.1 0 3.07071 0 0
0 0 0 1430216529 258396 0 0 0 -3.486 -6.1 0 3.07071 0 0
0 0 0 1430216529 278392 0 0 0 -3.486 -6.1 0 3.07071 0 0
0 0 0 1430216529 298390 0 0 0 -3.486 -6.1 0 3.07071 0 0
0 0 0 1430216529 318395 0 0 0 -3.486 -6.1 0 3.07071 0 0
0 0 0 1430216529 338393 0 0 0 -3.486 -6.1 0 3.07071 0 0
0 0 0 1430216529 358371 0 0 0 -3.486 -6.1 0 3.07071 0 0
0 0 0 1430216529 378395 0 0 0 -3.486 -6.1 0 3.07071 0 0
0 0 0 1430216529 398515 0 0 0 -3.486 -6.1 0 3.07071 0 0
0 0 0 1430216529 418377 0 0 0 -3.486 -6.1 0 3.07071 0 0
0 0 0 1430216529 438384 0 0 0 -3.486 -6.1 0 3.07071 0 0
0 0 0 1430216529 458530 0 0 0 -3.486 -6.1 0 3.07071 0 0
0 0 0 1430216529 478498 0 0 0 -3.486 -6.1 0 3.07071 0 0
0 0 0 1430216529 498540 0 0 0 -3.486 -6.1 0 3.07071 0 0
0 0 0 1430216529 518510 0 0 0 -3.486 -6.1 0 3.07071 0 0
0 0 0 1430216529 538516 0 0 0 -3.486 -6.1 0 3.07071 0 0
0 0 0 1430216529 558480 0 0 0 -3.486 -6.1 0 3.07071 0 0
0 0 0 1430216529 578493 0 0 0 -3.486 -6.1 0 3.07071 0 0
0 0 0 1430216529 598495 0 0 0 -3.486 -6.1 0 3.07071 0 0
0 0 0 1430216529 618510 0 0 0 -3.486 -6.1 0 3.07071 0 0
0 0 0 1430216529 638479 0 0 0 -3.486 -6.1 0 3.07071 0 0
0 0 0 1430216529 658513 0 0 0 -3.486 -6.1 0 3.07071 0 0
0 0 0 1430216529 678501 0 0 0 -3.486 -6.1 0 3.07071 0 0
0 0 0 1430216529 698511 0 0 0 -3.486 -6.1 0 3.07071 0 0
0 0 0 1430216529 718518 0 0 0 -3.486 -6.1 0 3.07071 0 0
0 0 0 1430216529 738627 0 0 0 -3.486 -6.1 0 3.07071 0 0
0 0 0 1430216529 758628 0 0 0 -3.486 -6.1 0 3.07071 0 0
0 0 0 1430216529 778627 0 0 0 -3.486 -6.1 0 3.07071 0 0
0 0 0 1430216529 798644 0 0 0 -3.486 -6.1 0 3.07071 0 0
0 0 0 1430216529 818625 0 0 0 -3.486 -6.1 0 3.07071 0 0
0 0 0 1430216529 838630 0 0 0 -3.486 -6.1 0 3.07071 0 0
0 0 0 1430216529 858638 0 0 0 -3.486 -6.1 0 3.07071 0 0
0 0 0 1430216529 878626 0 0 0 -3.486 -6.1 0 3.07071 0 0
0 0 0 1430216529 898648 0 0 0 -3.486 -6.1 0 3.07071 0 0
0 0 0 1430216529 918651 0 0 0 -3.486 -6.1 0 3.07071 0 0
0 0 0 1430216529 938661 0 0 0 -3.486 -6.1 0 3.07071 0 0
0 0 0 1430216529 958636 0 0 0 -3.486 -6.1 0 3.07071 0 0
0 0 0 1430216529 978615 0 0 0 -3.486 -6.1 0 3.07071 0 0
0 0 0 1430216529 998626 0 0 0 -3.486 -6.1 0 3.07071 0 0
0 0 0 1430216530 18723 0 0 0 -3.486 -6.1 0 3.07071 0 0
0 0 0 1430216530 38766 0 0 0 -3.486 -6.1 0 3.07071 0 0
0 0 0 1430216530 58771 0 0 0 -3.486 -6.1 0 3.07071 0 0
0 0 0 1430216530 78752 0 0 0 -3.486 -6.1 0 3.07071 0 0
0 0 0 1430216530 98792 0 0 0 -3.486 -6.1 0 3.07071 0 0
0 0 0 1430216530 118738 0 0 0 -3.486 -6.1 0 3.07071 0 0
0 0 0 1430216530 138768 0 0 0 -3.486 -6.1 0 3.07071 0 0
0 0 0 1430216530 158764 0 0 0 -3.486 -6.1 0 3.07071 0 0
0 0 0 1430216530 178756 0 0 0 -3.486 -6.1 0 3.07071 0 0
0 0 0 1430216530 198764 0 0 0 -3.486 -6.1 0 3.07071 0 0
0 0 0 1430216530 218750 0 0 0 -3.486 -6.1 0 3.07071 0 0
0 0 0 1430216530 238743 0 0 0 -3.486 -6.1 0 3.07071 0 0
0 0 0 1430216530 258788 0 0 0 -3.486 -6.1 0 3.07071 0 0
0 0 0 1430216530 278764 0 0 0 -3.486 -6.1 0 3.07071 0 0
0 0 0 1430216530 298878 0 0 0 -3.486 -6.1 0 3.07071 0 0
0 0 0 1430216530 318893 0 0 0 -3.486 -6.1 0 3.07071 0 0
0 0 0 1430216530 338884 0 0 0 -3.486 -6.1 0 3.07071 0 0
0 0 0 1430216530 358901 0 0 0 -3.486 -6.1 0 3.07071 0 0
0 0 0 1430216530 378900 0 0 0 -3.486 -6.1 0 3.07071 0 0
0 0 0 1430216530 398885 0 0 0 -3.486 -6.1 0 3.07071 0 0
0 0 0 1430216530 418892 0 0 0 -3.486 -6.1 0 3.07071 0 0
0 0 0 1430216530 438869 0 0 0 -3.486 -6.1 0 3.07071 0 0
0 0 0 1430216530 458898 0 0 0 -3.486 -6.1 0 3.07071 0 0
0 0 0 1430216530 478886 0 0 0 -3.486 -6.1 0 3.07071 0 0
0 0 0 1430216530 498850 0 0 0 -3.486 -6.1 0 3.07071 0 0
0 0 0 1430216530 518896 0 0 0 -3.486 -6.1 0 3.07071 0 0
0 0 0 1430216530 538886 0 0 0 -3.486 -6.1 0 3.07071 0 0
0 0 0 1430216530 558950 0 0 0 -3.486 -6.1 0 3.07071 0 0
0 0 0 1430216530 578901 0 0 0 -3.486 -6.1 0 3.07071 0 0
0 0 0 1430216530 599016 0 0 0 -3.486 -6.1 0 3.07071 0 0
0 0 0 1430216530 618902 0 0 0 -3.486 -6.1 0 3.07071 0 0
0 0 0 1430216530 638995 0 0 0 -3.486 -6.1 0 3.07071 0 0
0 0 0 1430216530 659011 0 0 0 -3.486 -6.1 0 3.07071 0 0
0 0 0 1430216530 679019 0 0 0 -3.486 -6.1 0 3.07071 0 0
0 0 0 1430216530 699029 0 0 0 -3.486 -6.1 0 3.07071 0 0
0 0 0 1430216530 719030 0 0 0 -3.486 -6.1 0 3.07071 0 0
0 0 0 1430216530 739260 0 0 0 -3.486 -6.1 0 3.07071 0 0
0 0 0 1430216530 759013 0 0 0 -3.486 -6.1 0 3.07071 0 0
0 0 0 1430216530 779015 0 0 0 -3.486 -6.1 0 3.07071 0 0
0 0 0 1430216530 799018 0 0 0 -3.486 -6.1 0 3.07071 0 0
0 0 0 1430216530 818991 0 0 0 -3.486 -6.1 0 3.07071 0 0
0 0 0 1430216530 839020 0 0 0 -3.486 -6.1 0 3.07071 0 0
0 0 0 1430216530 859017 0 0 0 -3.486 -6.1 0 3.07071 0 0
0 0 0 1430216530 879029 0 0 0 -3.486 -6.1 0 3.07071 0 0
0 0 0 1430216530 899136 0 0 0 -3.486 -6.1 0 3.07071 0 0
0 0 0 1430216530 919091 0 0 0 -3.486 -6.1 0 3.07071 0 0
0 0 0 1430216530 939128 0 0 0 -3.486 -6.1 0 3.07071 0 0
0 0 0 1430216530 959104 0 0 0 -3.486 -6.1 0 3.07071 0 0
0 0 0 1430216530 979142 0 0 0 -3.486 -6.1 0 3.07071 0 0
0 0 0 1430216530 999268 0 0 0 -3.486 -6.1 0 3.07071 0 0
0 0 0 1430216531 19251 0 0 0 -3.486 -6.1 0 3.07071 0 0
0 0 0 1430216531 39282 0 0 0 -3.486 -6.1 0 3.07071 0 0
0 0 0 1430216531 59282 0 0 0 -3.486 -6.1 0 3.07071 0 0
0 0 0 1430216531 79276 0 0 0 -3.486 -6.1 0 3.07071 0 0
0 0 0 1430216531 99130 0 0 0 -3.486 -6.1 0 3.07071 0 0
0 0 0 1430216531 119237 0 0 0 -3.486 -6.1 0 3.07071 0 0
0 0 0 1430216531 139147 0 0 0 -3.486 -6.1 0 3.07071 0 0
0 0 0 1430216531 159137 0 0 0 -3.486 -6.1 0 3.07071 0 0
0 0 0 1430216531 179263 0 0 0 -3.486 -6.1 0 3.07071 0 0
0 0 0 1430216531 199260 0 0 0 -3.486 -6.1 0 3.07071 0 0
0 0 0 1430216531 219266 0 0 0 -3.486 -6.1 0 3.07071 0 0
0 0 0 1430216531 239262 0 0 0 -3.486 -6.1 0 3.07071 0 0
0 0 0 1430216531 259307 0 0 0 -3.486 -6.1 0 3.07071 0 0
0 0 0 1430216531 279264 0 0 0 -3.486 -6.1 0 3.07071 0 0
0 0 0 1430216531 299513 0 0 0 -3.486 -6.1 0 3.07071 0 0
0 0 0 1430216531 319290 0 0 0 -3.486 -6.1 0 3.07071 0 0
0 0 0 1430216531 339267 0 0 0 -3.486 -6.1 0 3.07071 0 0
0 0 0 1430216531 359279 0 0 0 -3.486 -6.1 0 3.07071 0 0
0 0 0 1430216531 399305 0 0 0 -3.486 -6.1 0 3.07071 0 0
0 0 0 1430216531 439358 0 0 0 -3.486 -6.1 0 3.07071 0 0
0 0 0 1430216531 479406 0 0 0 -3.486 -6.1 0 3.07071 0 0
0 0 0 1430216531 519390 0 0 0 -3.487 -6.1 0 3.07071 0 0
0 0 0 1430216531 559345 0 0 0 -3.488 -6.1 0 3.07071 0 0
0 0 0 1430216531 599393 0 0 0 -3.489 -6.1 0 3.07071 0 0
0 0 0 1430216531 639387 0 0 0 -3.492 -6.1 0 3.07071 0 0
0 0 0 1430216531 679397 0 0 0 -3.494 -6.1 0 3.07071 0 0
0 0 0 1430216531 719413 0 0 0 -3.498 -6.099 0 3.07071 0 0
0 0 0 1430216531 759524 0 0 0 -3.502 -6.099 0 3.07071 0 0
0 0 0 1430216531 799465 0 0 0 -3.506 -6.099 0 3.07071 0 0
0 0 0 1430216531 839508 0 0 0 -3.51 -6.099 0 3.07071 0 0
0 0 0 1430216531 879509 0 0 0 -3.515 -6.098 0 3.07071 0 0
0 0 0 1430216531 919485 0 0 0 -3.519 -6.098 0 3.07071 0 0
0 0 0 1430216531 959497 0 0 0 -3.524 -6.098 0 3.07071 0 0
0 0 0 1430216531 979553 0 0 0 -3.526 -6.098 0 3.07071 0 0
0 0 0 1430216531 999595 0 0 0 -3.529 -6.098 0 3.07071 0 0
0 0 0 1430216532 39514 0 0 0 -3.533 -6.097 0 3.07071 0 0
0 0 0 1430216532 79640 0 0 0 -3.538 -6.097 0 3.07071 0 0
0 0 0 1430216532 119638 0 0 0 -3.542 -6.097 0 3.07071 0 0
0 0 0 1430216532 159640 0 0 0 -3.547 -6.097 0 3.07071 0 0
0 0 0 1430216532 199638 0 0 0 -3.551 -6.096 0 3.07071 0 0
0 0 0 1430216532 239649 0 0 0 -3.556 -6.096 0 3.07071 0 0
0 0 0 1430216532 279646 0 0 0 -3.56 -6.096 0 3.07071 0 0
0 0 0 1430216532 319638 0 0 0 -3.565 -6.095 0 3.07071 0 0
0 0 0 1430216532 359765 0 0 0 -3.57 -6.095 0 3.07071 0 0
0 0 0 1430216532 399713 0 0 0 -3.574 -6.095 0 3.07071 0 0
0 0 0 1430216532 439761 0 0 0 -3.579 -6.095 0 3.07071 0 0
0 0 0 1430216532 479742 0 0 0 -3.583 -6.094 0 3.07071 0 0
0 0 0 1430216532 519763 0 0 0 -3.587 -6.094 0 3.07071 0 0
0 0 0 1430216532 559772 0 0 0 -3.592 -6.094 0 3.07071 0 0
0 0 0 1430216532 599751 0 0 0 -3.596 -6.094 0 3.07071 0 0
0 0 0 1430216532 619846 0 0 0 -3.599 -6.093 0 3.07071 0 0
0 0 0 1430216532 639890 0 0 0 -3.601 -6.093 0 3.07224 0 0
0 0 0 1430216532 679892 0 0 0 -3.606 -6.093 0 3.07071 0 0
0 0 0 1430216532 719817 0 0 0 -3.61 -6.093 0 3.07071 0 0
0 0 0 1430216532 739910 0 0 0 -3.612 -6.093 0 3.07071 0 0
0 0 0 1430216532 759893 0 0 0 -3.615 -6.092 0 3.07071 0 0
0 0 0 1430216532 799885 0 0 0 -3.619 -6.092 0 3.07071 0 0
0 0 0 1430216532 819842 0 0 0 -3.622 -6.092 0 3.07071 0 0
0 0 0 1430216532 839885 0 0 0 -3.624 -6.092 0 3.07071 0 0
0 0 0 1430216532 879895 0 0 0 -3.628 -6.092 0 3.07071 0 0
0 0 0 1430216532 919887 0 0 0 -3.633 -6.091 0 3.07224 0 0
0 0 0 1430216532 960017 0 0 0 -3.637 -6.091 0 3.07071 0 0
0 0 0 1430216533 8 0 0 0 -3.642 -6.091 0 3.07071 0 0
0 0 0 1430216533 40012 0 0 0 -3.646 -6.091 0 3.07071 0 0
0 0 0 1430216533 60028 0 0 0 -3.649 -6.09 0 3.07071 0 0
0 0 0 1430216533 80016 0 0 0 -3.651 -6.09 0 3.07071 0 0
0 0 0 1430216533 99986 0 0 0 -3.653 -6.09 0 3.07071 0 0
0 0 0 1430216533 119994 0 0 0 -3.655 -6.09 0 3.07071 0 0
0 0 0 1430216533 160017 0 0 0 -3.66 -6.09 0 3.07071 0 0
0 0 0 1430216533 180025 0 0 0 -3.662 -6.09 0 3.07071 0 0
0 0 0 1430216533 200016 0 0 0 -3.664 -6.089 0 3.07071 0 0
0 0 0 1430216533 240109 0 0 0 -3.669 -6.089 0 3.07071 0 0
0 0 0 1430216533 280151 0 0 0 -3.673 -6.089 0 3.07071 0 0
0 0 0 1430216533 300117 0 0 0 -3.676 -6.089 0 3.07071 0 0
0 0 0 1430216533 320159 0 0 0 -3.678 -6.089 0 3.07071 0 0
0 0 0 1430216533 360264 0 0 0 -3.683 -6.088 0 3.07071 0 0
0 0 0 1430216533 380136 0 0 0 -3.685 -6.088 0 3.07071 0 0
0 0 0 1430216533 400142 0 0 0 -3.687 -6.088 0 3.07224 0 0
0 0 0 1430216533 440139 0 0 0 -3.692 -6.088 0 3.07224 0 0
0 0 0 1430216533 480145 0 0 0 -3.696 -6.088 0 3.07224 0 0
0 0 0 1430216533 520248 0 0 0 -3.701 -6.087 0 3.07224 0 0
0 0 0 1430216533 560263 0 0 0 -3.705 -6.087 0 3.07071 0 0
0 0 0 1430216533 600265 0 0 0 -3.711 -6.087 0 3.07071 0 0
0 0 0 1430216533 640279 0 0 0 -3.716 -6.086 0 3.07071 0 0
0 0 0 1430216533 680204 0 0 0 -3.722 -6.086 0 3.07071 0 0
0 0 0 1430216533 720319 0 0 0 -3.729 -6.086 0 3.07224 0 0
0 0 0 1430216533 760380 0 0 0 -3.736 -6.085 0 3.07224 0 0
0 0 0 1430216533 800394 0 0 0 -3.743 -6.085 0 3.07224 0 0
0 0 0 1430216533 840376 0 0 0 -3.749 -6.084 0 3.07071 0 0
0 0 0 1430216533 880379 0 0 0 -3.755 -6.084 0 3.07071 0 0
0 0 0 1430216533 900400 0 0 0 -3.758 -6.084 0 3.06918 0 0
0 0 0 1430216533 920388 0 0 0 -3.76 -6.084 0 3.06918 0 0
0 0 0 1430216533 960386 0 0 0 -3.765 -6.083 0 3.06765 0 0
0 0 0 1430216534 402 0 0 0 -3.769 -6.083 0 3.06918 0 0
0 0 0 1430216534 40395 0 0 0 -3.772 -6.083 0 3.07071 0 0
0 0 0 1430216534 80388 0 0 0 -3.774 -6.083 0 3.07071 0 0
0 0 0 1430216534 120509 0 0 0 -3.777 -6.083 0 3.07071 0 0
0 0 0 1430216534 140523 0 0 0 -3.778 -6.083 0 3.07071 0 0
0 0 0 1430216534 160503 0 0 0 -3.779 -6.083 0 3.07071 0 0
0 0 0 1430216534 200472 0 0 0 -3.781 -6.082 0 3.07071 0 0
0 0 0 1430216534 240514 0 0 0 -3.782 -6.082 0 3.07071 0 0
0 0 0 1430216534 260483 0 0 0 -3.783 -6.082 0 3.07071 0 0
0 0 0 1430216534 280518 0 0 0 -3.783 -6.082 0 3.07071 0 0
0 0 0 1430216534 320544 0 0 0 -3.783 -6.082 0 3.07071 0 0
0 0 0 1430216534 340603 0 0 0 -3.784 -6.082 0 3.06918 0 0
0 0 0 1430216534 360615 0 0 0 -3.784 -6.082 0 3.06918 0 0
0 0 0 1430216534 400637 0 0 0 -3.785 -6.082 0 3.07071 0 0
0 0 0 1430216534 420649 0 0 0 -3.784 -6.082 0 3.07071 0 0
0 0 0 1430216534 440630 0 0 0 -3.784 -6.082 0 3.07071 0 0
0 0 0 1430216534 480640 0 0 0 -3.784 -6.082 0 3.07071 0 0
0 0 0 1430216534 520607 0 0 0 -3.784 -6.082 0 3.07071 0 0
0 0 0 1430216534 560681 0 0 0 -3.784 -6.082 0 3.07071 0 0
0 0 0 1430216534 600654 0 0 0 -3.784 -6.082 0 3.07071 0 0
0 0 0 1430216534 640646 0 0 0 -3.784 -6.082 0 3.07071 0 0
0 0 0 1430216534 680806 0 0 0 -3.785 -6.082 0 3.07071 0 0
0 0 0 1430216534 720771 0 0 0 -3.786 -6.082 0 3.07071 0 0
0 0 0 1430216534 760775 0 0 0 -3.788 -6.082 0 3.07071 0 0
0 0 0 1430216534 800757 0 0 0 -3.79 -6.082 0 3.07071 0 0
0 0 0 1430216534 840768 0 0 0 -3.793 -6.082 0 3.07071 0 0
0 0 0 1430216534 880777 0 0 0 -3.797 -6.082 0 3.07071 0 0
0 0 0 1430216534 920791 0 0 0 -3.801 -6.081 0 3.07071 0 0
0 0 0 1430216534 960877 0 0 0 -3.806 -6.081 0 3.07071 0 0
0 0 0 1430216535 891 0 0 0 -3.811 -6.081 0 3.07071 0 0
0 0 0 1430216535 20893 0 0 0 -3.813 -6.081 0 3.07071 0 0
0 0 0 1430216535 40889 0 0 0 -3.816 -6.08 0 3.07071 0 0
0 0 0 1430216535 80892 0 0 0 -3.822 -6.08 0 3.07071 0 0
0 0 0 1430216535 120874 0 0 0 -3.828 -6.08 0 3.07071 0 0
0 0 0 1430216535 160877 0 0 0 -3.834 -6.079 0 3.07071 0 0
0 0 0 1430216535 200889 0 0 0 -3.842 -6.079 0 3.07071 0 0
0 0 0 1430216535 220900 0 0 0 -3.846 -6.079 0 3.07071 0 0
0 0 0 1430216535 241019 0 0 0 -3.85 -6.078 0 3.07071 0 0
0 0 0 1430216535 281005 0 0 0 -3.857 -6.078 0 3.07071 0 0
0 0 0 1430216535 321019 0 0 0 -3.864 -6.078 0 3.07071 0 0
0 0 0 1430216535 361019 0 0 0 -3.871 -6.077 0 3.07071 0 0
0 0 0 1430216535 401003 0 0 0 -3.879 -6.077 0 3.07071 0 0
0 0 0 1430216535 441036 0 0 0 -3.885 -6.076 0 3.07377 0 0
0 0 0 1430216535 480999 0 0 0 -3.891 -6.076 0 3.07224 0 0
0 0 0 1430216535 521071 0 0 0 -3.897 -6.076 0 3.07224 0 0
0 0 0 1430216535 561132 0 0 0 -3.902 -6.075 0 3.07224 0 0
0 0 0 1430216535 581103 0 0 0 -3.905 -6.075 0 3.07224 0 0
0 0 0 1430216535 601118 0 0 0 -3.907 -6.075 0 3.07071 0 0
0 0 0 1430216535 641128 0 0 0 -3.912 -6.075 0 3.07071 0 0
0 0 0 1430216535 681226 0 0 0 -3.916 -6.074 0 3.07071 0 0
0 0 0 1430216535 721278 0 0 0 -3.92 -6.074 0 3.06918 0 0
0 0 0 1430216535 761154 0 0 0 -3.923 -6.074 0 3.06765 0 0
0 0 0 1430216535 781243 0 0 0 -3.924 -6.074 0 3.06765 0 0
0 0 0 1430216535 801137 0 0 0 -3.925 -6.074 0 3.06765 0 0
0 0 0 1430216535 841138 0 0 0 -3.927 -6.074 0 3.06918 0 0
0 0 0 1430216535 881239 0 0 0 -3.929 -6.074 0 3.06918 0 0
0 0 0 1430216535 921265 0 0 0 -3.93 -6.074 0 3.07071 0 0
0 0 0 1430216535 961282 0 0 0 -3.931 -6.074 0 3.07071 0 0
0 0 0 1430216536 1411 0 0 0 -3.931 -6.074 0 3.07071 0 0
0 0 0 1430216536 41231 0 0 0 -3.932 -6.073 0 3.07071 0 0
0 0 0 1430216536 81262 0 0 0 -3.934 -6.073 0 3.07071 0 0
0 0 0 1430216536 121418 0 0 0 -3.935 -6.073 0 3.07071 0 0
0 0 0 1430216536 161392 0 0 0 -3.937 -6.073 0 3.07071 0 0
0 0 0 1430216536 201381 0 0 0 -3.939 -6.073 0 3.07071 0 0
0 0 0 1430216536 241391 0 0 0 -3.941 -6.073 0 3.07071 0 0
0 0 0 1430216536 281393 0 0 0 -3.944 -6.073 0 3.07071 0 0
0 0 0 1430216536 321378 0 0 0 -3.947 -6.073 0 3.07071 0 0
0 0 0 1430216536 361398 0 0 0 -3.95 -6.072 0 3.07071 0 0
0 0 0 1430216536 401394 0 0 0 -3.953 -6.072 0 3.07071 0 0
0 0 0 1430216536 441524 0 0 0 -3.956 -6.072 0 3.07071 0 0
0 0 0 1430216536 481480 0 0 0 -3.959 -6.072 0 3.07071 0 0
0 0 0 1430216536 521497 0 0 0 -3.962 -6.072 0 3.07071 0 0
0 0 0 1430216536 561480 0 0 0 -3.966 -6.072 0 3.07071 0 0
0 0 0 1430216536 601535 0 0 0 -3.969 -6.071 0 3.07071 0 0
0 0 0 1430216536 641508 0 0 0 -3.972 -6.071 0 3.07071 0 0
0 0 0 1430216536 681506 0 0 0 -3.975 -6.071 0 3.07071 0 0
0 0 0 1430216536 721666 0 0 0 -3.977 -6.071 0 3.07071 0 0
0 0 0 1430216536 761637 0 0 0 -3.978 -6.071 0 3.07071 0 0
0 0 0 1430216536 801641 0 0 0 -3.98 -6.071 0 3.06918 0 0
0 0 0 1430216536 841645 0 0 0 -3.981 -6.071 0 3.06918 0 0
0 0 0 1430216536 881651 0 0 0 -3.981 -6.071 0 3.07071 0 0
0 0 0 1430216536 921627 0 0 0 -3.981 -6.071 0 3.07071 0 0
0 0 0 1430216536 961662 0 0 0 -3.981 -6.071 0 3.07071 0 0
0 0 0 1430216537 1677 0 0 0 -3.981 -6.071 0 3.07071 0 0
0 0 0 1430216537 41675 0 0 0 -3.981 -6.071 0 3.07071 0 0
0 0 0 1430216537 81675 0 0 0 -3.981 -6.071 0 3.07071 0 0
0 0 0 1430216537 121693 0 0 0 -3.981 -6.071 0 3.07071 0 0
0 0 0 1430216537 161676 0 0 0 -3.981 -6.071 0 3.07071 0 0
0 0 0 1430216537 201679 0 0 0 -3.981 -6.071 0 3.07071 0 0
0 0 0 1430216537 241798 0 0 0 -3.981 -6.071 0 3.07071 0 0
0 0 0 1430216537 281798 0 0 0 -3.981 -6.071 0 3.07071 0 0
0 0 0 1430216537 321837 0 0 0 -3.981 -6.071 0 3.07071 0 0
0 0 0 1430216537 361807 0 0 0 -3.981 -6.071 0 3.07071 0 0
0 0 0 1430216537 401800 0 0 0 -3.981 -6.071 0 3.07071 0 0
0 0 0 1430216537 441806 0 0 0 -3.981 -6.071 0 3.07071 0 0
0 0 0 1430216537 481932 0 0 0 -3.981 -6.071 0 3.07071 0 0
0 0 0 1430216537 522008 0 0 0 -3.981 -6.071 0 3.07071 0 0
0 0 0 1430216537 562011 0 0 0 -3.981 -6.071 0 3.07071 0 0
0 0 0 1430216537 602005 0 0 0 -3.981 -6.071 0 3.07071 0 0
0 0 0 1430216537 642010 0 0 0 -3.981 -6.071 0 3.07071 0 0
0 0 0 1430216537 682014 0 0 0 -3.981 -6.071 0 3.07071 0 0
0 0 0 1430216537 722012 0 0 0 -3.981 -6.071 0 3.07071 0 0
0 0 0 1430216537 762015 0 0 0 -3.981 -6.071 0 3.07071 0 0
0 0 0 1430216537 802129 0 0 0 -3.981 -6.071 0 3.07071 0 0
0 0 0 1430216537 842174 0 0 0 -3.981 -6.071 0 3.07071 0 0
0 0 0 1430216537 882162 0 0 0 -3.981 -6.071 0 3.07071 0 0
0 0 0 1430216537 922173 0 0 0 -3.981 -6.071 0 3.07071 0 0
0 0 0 1430216537 962132 0 0 0 -3.981 -6.071 0 3.07071 0 0
0 0 0 1430216538 2265 0 0 0 -3.981 -6.071 0 3.07071 0 0
0 0 0 1430216538 22217 0 0 0 -3.981 -6.071 0 3.07071 0 0
0 0 0 1430216538 42261 0 0 0 -3.981 -6.071 0 3.07071 0 0
0 0 0 1430216538 82268 0 0 0 -3.981 -6.071 0 3.07071 0 0
0 0 0 1430216538 122259 0 0 0 -3.981 -6.071 0 3.07071 0 0
0 0 0 1430216538 162269 0 0 0 -3.981 -6.071 0 3.07071 0 0
0 0 0 1430216538 202263 0 0 0 -3.981 -6.071 0 3.07071 0 0
0 0 0 1430216538 242266 0 0 0 -3.981 -6.071 0 3.07071 0 0
0 0 0 1430216538 282263 0 0 0 -3.981 -6.071 0 3.07071 0 0
0 0 0 1430216538 322264 0 0 0 -3.981 -6.071 0 3.07071 0 0
0 0 0 1430216538 342302 0 0 0 -3.981 -6.071 0 3.07071 0 0
0 0 0 1430216538 362258 0 0 0 -3.981 -6.071 0 3.07071 0 0
0 0 0 1430216538 402431 0 0 0 -3.981 -6.071 0 3.07224 0 0
0 0 0 1430216538 442373 0 0 0 -3.981 -6.071 0 3.07377 0 0
0 0 0 1430216538 482390 0 0 0 -3.981 -6.071 0 3.0753 0 0
0 0 0 1430216538 522369 0 0 0 -3.981 -6.071 0 3.07836 0 0
0 0 0 1430216538 562389 0 0 0 -3.981 -6.071 0 3.08295 0 0
0 0 0 1430216538 602356 0 0 0 -3.981 -6.071 0 3.08754 0 0
0 0 0 1430216538 642371 0 0 0 -3.981 -6.071 0 3.0906 0 0
0 0 0 1430216538 682360 0 0 0 -3.981 -6.071 0 3.09519 0 0
0 0 0 1430216538 722511 0 0 0 -3.981 -6.071 0 3.09978 0 0
0 0 0 1430216538 762488 0 0 0 -3.981 -6.071 0 3.10284 0 0
0 0 0 1430216538 802509 0 0 0 -3.981 -6.071 0 3.10743 0 0
0 0 0 1430216538 842488 0 0 0 -3.981 -6.071 0 3.11202 0 0
0 0 0 1430216538 882545 0 0 0 -3.981 -6.071 0 3.11661 0 0
0 0 0 1430216538 922527 0 0 0 -3.981 -6.071 0 3.12273 0 0
0 0 0 1430216538 962511 0 0 0 -3.981 -6.071 0 3.12732 0 0
0 0 0 1430216539 2654 0 0 0 -3.981 -6.071 0 3.13497 0 0
0 0 0 1430216539 42701 0 0 0 -3.981 -6.071 0 3.13956 0 0
0 0 0 1430216539 82639 0 0 0 -3.981 -6.071 0 -3.13904 0 0
0 0 0 1430216539 122638 0 0 0 -3.981 -6.071 0 -3.13445 0 0
0 0 0 1430216539 162643 0 0 0 -3.981 -6.071 0 -3.12833 0 0
0 0 0 1430216539 202632 0 0 0 -3.981 -6.071 0 -3.12221 0 0
0 0 0 1430216539 242640 0 0 0 -3.981 -6.071 0 -3.11609 0 0
0 0 0 1430216539 282755 0 0 0 -3.981 -6.071 0 -3.10844 0 0
0 0 0 1430216539 322761 0 0 0 -3.981 -6.071 0 -3.10079 0 0
0 0 0 1430216539 362757 0 0 0 -3.981 -6.071 0 -3.09467 0 0
0 0 0 1430216539 402795 0 0 0 -3.981 -6.071 0 -3.08702 0 0
0 0 0 1430216539 442744 0 0 0 -3.981 -6.071 0 -3.07937 0 0
0 0 0 1430216539 482766 0 0 0 -3.981 -6.071 0 -3.07172 0 0
0 0 0 1430216539 522719 0 0 0 -3.981 -6.071 0 -3.06254 0 0
0 0 0 1430216539 562771 0 0 0 -3.981 -6.071 0 -3.05489 0 0
0 0 0 1430216539 602856 0 0 0 -3.981 -6.071 0 -3.04724 0 0
0 0 0 1430216539 622900 0 0 0 -3.981 -6.071 0 -3.04418 0 0
0 0 0 1430216539 642923 0 0 0 -3.981 -6.071 0 -3.03959 0 0
0 0 0 1430216539 682864 0 0 0 -3.981 -6.071 0 -3.03194 0 0
0 0 0 1430216539 722869 0 0 0 -3.981 -6.071 0 -3.02429 0 0
0 0 0 1430216539 762861 0 0 0 -3.981 -6.071 0 -3.01664 0 0
0 0 0 1430216539 802893 0 0 0 -3.981 -6.071 0 -3.00899 0 0
0 0 0 1430216539 842880 0 0 0 -3.981 -6.071 0 -3.00287 0 0
0 0 0 1430216539 883044 0 0 0 -3.981 -6.071 0 -2.99522 0 0
0 0 0 1430216539 923050 0 0 0 -3.981 -6.071 0 -2.98757 0 0
0 0 0 1430216539 963018 0 0 0 -3.981 -6.071 0 -2.97992 0 0
0 0 0 1430216540 2993 0 0 0 -3.981 -6.071 0 -2.97074 0 0
0 0 0 1430216540 43019 0 0 0 -3.981 -6.071 0 -2.96309 0 0
0 0 0 1430216540 82994 0 0 0 -3.981 -6.071 0 -2.95391 0 0
0 0 0 1430216540 123011 0 0 0 -3.981 -6.071 0 -2.94626 0 0
0 0 0 1430216540 163101 0 0 0 -3.981 -6.071 0 -2.93861 0 0
0 0 0 1430216540 203141 0 0 0 -3.981 -6.071 0 -2.92943 0 0
0 0 0 1430216540 243115 0 0 0 -3.981 -6.071 0 -2.92178 0 0
0 0 0 1430216540 283138 0 0 0 -3.981 -6.071 0 -2.9126 0 0
0 0 0 1430216540 323102 0 0 0 -3.981 -6.071 0 -2.90495 0 0
0 0 0 1430216540 363269 0 0 0 -3.981 -6.071 0 -2.89577 0 0
0 0 0 1430216540 403282 0 0 0 -3.981 -6.071 0 -2.88812 0 0
0 0 0 1430216540 443283 0 0 0 -3.981 -6.071 0 -2.87894 0 0
0 0 0 1430216540 483273 0 0 0 -3.981 -6.071 0 -2.86976 0 0
0 0 0 1430216540 523274 0 0 0 -3.981 -6.071 0 -2.86058 0 0
0 0 0 1430216540 563247 0 0 0 -3.981 -6.071 0 -2.8514 0 0
0 0 0 1430216540 603272 0 0 0 -3.981 -6.071 0 -2.84222 0 0
0 0 0 1430216540 643255 0 0 0 -3.981 -6.071 0 -2.83304 0 0
0 0 0 1430216540 683390 0 0 0 -3.981 -6.071 0 -2.82386 0 0
0 0 0 1430216540 723387 0 0 0 -3.981 -6.071 0 -2.81468 0 0
0 0 0 1430216540 763395 0 0 0 -3.981 -6.071 0 -2.8055 0 0
0 0 0 1430216540 803380 0 0 0 -3.981 -6.071 0 -2.79785 0 0
0 0 0 1430216540 843394 0 0 0 -3.981 -6.071 0 -2.78867 0 0
0 0 0 1430216540 883410 0 0 0 -3.981 -6.071 0 -2.77949 0 0
0 0 0 1430216540 923411 0 0 0 -3.981 -6.071 0 -2.77031 0 0
0 0 0 1430216540 963393 0 0 0 -3.981 -6.071 0 -2.76113 0 0
0 0 0 1430216541 3525 0 0 0 -3.981 -6.071 0 -2.75195 0 0
0 0 0 1430216541 43388 0 0 0 -3.981 -6.071 0 -2.74277 0 0
0 0 0 1430216541 83494 0 0 0 -3.981 -6.071 0 -2.73359 0 0
0 0 0 1430216541 123497 0 0 0 -3.981 -6.071 0 -2.72441 0 0
0 0 0 1430216541 163509 0 0 0 -3.981 -6.071 0 -2.71676 0 0
0 0 0 1430216541 203504 0 0 0 -3.981 -6.071 0 -2.70605 0 0
0 0 0 1430216541 243514 0 0 0 -3.981 -6.071 0 -2.6984 0 0
0 0 0 1430216541 283438 0 0 0 -3.981 -6.071 0 -2.68922 0 0
0 0 0 1430216541 323560 0 0 0 -3.981 -6.071 0 -2.68004 0 0
0 0 0 1430216541 363557 0 0 0 -3.981 -6.071 0 -2.67086 0 0
0 0 0 1430216541 403556 0 0 0 -3.981 -6.071 0 -2.66168 0 0
0 0 0 1430216541 443557 0 0 0 -3.981 -6.071 0 -2.6525 0 0
0 0 0 1430216541 483557 0 0 0 -3.981 -6.071 0 -2.64332 0 0
0 0 0 1430216541 523561 0 0 0 -3.981 -6.071 0 -2.63414 0 0
0 0 0 1430216541 563559 0 0 0 -3.981 -6.071 0 -2.62649 0 0
0 0 0 1430216541 603560 0 0 0 -3.981 -6.071 0 -2.61731 0 0
0 0 0 1430216541 643685 0 0 0 -3.981 -6.071 0 -2.60813 0 0
0 0 0 1430216541 684181 0 0 0 -3.981 -6.071 0 -2.59742 0 0
0 0 0 1430216541 723682 0 0 0 -3.981 -6.071 0 -2.58671 0 0
0 0 0 1430216541 763684 0 0 0 -3.981 -6.071 0 -2.57753 0 0
0 0 0 1430216541 803685 0 0 0 -3.981 -6.071 0 -2.56835 0 0
0 0 0 1430216541 843689 0 0 0 -3.981 -6.071 0 -2.55764 0 0
0 0 0 1430216541 883905 0 0 0 -3.981 -6.071 0 -2.54846 0 0
0 0 0 1430216541 923776 0 0 0 -3.981 -6.071 0 -2.53928 0 0
0 0 0 1430216541 963892 0 0 0 -3.981 -6.071 0 -2.5301 0 0
0 0 0 1430216542 3916 0 0 0 -3.981 -6.071 0 -2.51939 0 0
0 0 0 1430216542 43893 0 0 0 -3.981 -6.071 0 -2.51021 0 0
0 0 0 1430216542 83880 0 0 0 -3.981 -6.071 0 -2.4995 0 0
0 0 0 1430216542 103896 0 0 0 -3.981 -6.071 0 -2.49491 0 0
0 0 0 1430216542 123898 0 0 0 -3.981 -6.071 0 -2.49032 0 0
0 0 0 1430216542 164028 0 0 0 -3.981 -6.071 0 -2.47961 0 0
0 0 0 1430216542 203890 0 0 0 -3.981 -6.071 0 -2.47043 0 0
0 0 0 1430216542 243985 0 0 0 -3.981 -6.071 0 -2.46125 0 0
0 0 0 1430216542 284011 0 0 0 -3.981 -6.071 0 -2.45207 0 0
0 0 0 1430216542 324027 0 0 0 -3.981 -6.071 0 -2.44136 0 0
0 0 0 1430216542 344032 0 0 0 -3.981 -6.071 0 -2.43677 0 0
0 0 0 1430216542 364009 0 0 0 -3.981 -6.071 0 -2.43065 0 0
0 0 0 1430216542 404025 0 0 0 -3.981 -6.071 0 -2.42147 0 0
0 0 0 1430216542 444026 0 0 0 -3.981 -6.071 0 -2.41229 0 0
0 0 0 1430216542 484035 0 0 0 -3.981 -6.071 0 -2.40311 0 0
0 0 0 1430216542 524149 0 0 0 -3.981 -6.071 0 -2.39393 0 0
0 0 0 1430216542 564150 0 0 0 -3.981 -6.071 0 -2.38322 0 0
0 0 0 1430216542 604097 0 0 0 -3.981 -6.071 0 -2.37251 0 0
0 0 0 1430216542 644270 0 0 0 -3.981 -6.071 0 -2.36333 0 0
0 0 0 1430216542 684275 0 0 0 -3.981 -6.071 0 -2.35415 0 0
0 0 0 1430216542 724149 0 0 0 -3.981 -6.071 0 -2.34344 0 0
0 0 0 1430216542 764256 0 0 0 -3.981 -6.071 0 -2.33579 0 0
0 0 0 1430216542 804146 0 0 0 -3.981 -6.071 0 -2.32508 0 0
0 0 0 1430216542 844276 0 0 0 -3.981 -6.071 0 -2.3159 0 0
0 0 0 1430216542 884266 0 0 0 -3.981 -6.071 0 -2.30519 0 0
0 0 0 1430216542 924280 0 0 0 -3.981 -6.071 0 -2.29601 0 0
0 0 0 1430216542 964274 0 0 0 -3.981 -6.071 0 -2.2853 0 0
0 0 0 1430216543 4273 0 0 0 -3.981 -6.071 0 -2.27612 0 0
0 0 0 1430216543 44372 0 0 0 -3.981 -6.071 0 -2.26694 0 0
0 0 0 1430216543 84268 0 0 0 -3.981 -6.071 0 -2.25623 0 0
0 0 0 1430216543 124392 0 0 0 -3.981 -6.071 0 -2.24705 0 0
0 0 0 1430216543 164410 0 0 0 -3.981 -6.071 0 -2.23787 0 0
0 0 0 1430216543 204395 0 0 0 -3.981 -6.071 0 -2.22716 0 0
0 0 0 1430216543 244358 0 0 0 -3.981 -6.071 0 -2.21798 0 0
0 0 0 1430216543 264388 0 0 0 -3.981 -6.071 0 -2.21339 0 0
0 0 0 1430216543 284390 0 0 0 -3.981 -6.071 0 -2.20727 0 0
0 0 0 1430216543 324393 0 0 0 -3.981 -6.071 0 -2.19809 0 0
0 0 0 1430216543 364502 0 0 0 -3.981 -6.071 0 -2.18891 0 0
0 0 0 1430216543 404439 0 0 0 -3.981 -6.071 0 -2.17973 0 0
0 0 0 1430216543 444447 0 0 0 -3.981 -6.071 0 -2.16902 0 0
0 0 0 1430216543 484539 0 0 0 -3.981 -6.071 0 -2.15984 0 0
0 0 0 1430216543 524429 0 0 0 -3.981 -6.071 0 -2.14913 0 0
0 0 0 1430216543 564433 0 0 0 -3.981 -6.071 0 -2.13995 0 0
0 0 0 1430216543 604452 0 0 0 -3.981 -6.071 0 -2.13077 0 0
0 0 0 1430216543 644559 0 0 0 -3.981 -6.071 0 -2.12006 0 0
0 0 0 1430216543 684561 0 0 0 -3.981 -6.071 0 -2.11088 0 0
0 0 0 1430216543 724560 0 0 0 -3.981 -6.071 0 -2.1017 0 0
0 0 0 1430216543 764556 0 0 0 -3.981 -6.071 0 -2.09252 0 0
0 0 0 1430216543 804562 0 0 0 -3.981 -6.071 0 -2.08181 0 0
0 0 0 1430216543 844560 0 0 0 -3.981 -6.071 0 -2.07263 0 0
0 0 0 1430216543 891002 0 0 0 -3.981 -6.071 0 -2.06192 0 0
0 0 0 1430216543 924781 0 0 0 -3.981 -6.071 0 -2.05274 0 0
0 0 0 1430216543 964782 0 0 0 -3.981 -6.071 0 -2.04203 0 0
0 0 0 1430216544 4792 0 0 0 -3.981 -6.071 0 -2.03285 0 0
0 0 0 1430216544 44754 0 0 0 -3.981 -6.071 0 -2.02367 0 0
0 0 0 1430216544 84737 0 0 0 -3.981 -6.071 0 -2.01449 0 0
0 0 0 1430216544 124763 0 0 0 -3.981 -6.071 0 -2.00378 0 0
0 0 0 1430216544 164776 0 0 0 -3.981 -6.071 0 -1.99307 0 0
0 0 0 1430216544 204766 0 0 0 -3.981 -6.071 0 -1.98389 0 0
0 0 0 1430216544 244886 0 0 0 -3.981 -6.071 0 -1.97471 0 0
0 0 0 1430216544 284870 0 0 0 -3.981 -6.071 0 -1.964 0 0
0 0 0 1430216544 324887 0 0 0 -3.981 -6.071 0 -1.95482 0 0
0 0 0 1430216544 364872 0 0 0 -3.981 -6.071 0 -1.94564 0 0
0 0 0 1430216544 404872 0 0 0 -3.981 -6.071 0 -1.93646 0 0
0 0 0 1430216544 444891 0 0 0 -3.981 -6.071 0 -1.92575 0 0
0 0 0 1430216544 484901 0 0 0 -3.981 -6.071 0 -1.91657 0 0
0 0 0 1430216544 525021 0 0 0 -3.981 -6.071 0 -1.90586 0 0
0 0 0 1430216544 565026 0 0 0 -3.981 -6.071 0 -1.89668 0 0
0 0 0 1430216544 604948 0 0 0 -3.981 -6.071 0 -1.8875 0 0
0 0 0 1430216544 645016 0 0 0 -3.981 -6.071 0 -1.87679 0 0
0 0 0 1430216544 685025 0 0 0 -3.981 -6.071 0 -1.86761 0 0
0 0 0 1430216544 725016 0 0 0 -3.981 -6.071 0 -1.85843 0 0
0 0 0 1430216544 765022 0 0 0 -3.981 -6.071 0 -1.84925 0 0
0 0 0 1430216544 805012 0 0 0 -3.981 -6.071 0 -1.83854 0 0
0 0 0 1430216544 845135 0 0 0 -3.981 -6.071 0 -1.82783 0 0
0 0 0 1430216544 885141 0 0 0 -3.981 -6.071 0 -1.81865 0 0
0 0 0 1430216544 925129 0 0 0 -3.981 -6.071 0 -1.80947 0 0
0 0 0 1430216544 965152 0 0 0 -3.981 -6.071 0 -1.80029 0 0
0 0 0 1430216545 5277 0 0 0 -3.981 -6.071 0 -1.78958 0 0
0 0 0 1430216545 45277 0 0 0 -3.981 -6.071 0 -1.7804 0 0
0 0 0 1430216545 85265 0 0 0 -3.981 -6.071 0 -1.76969 0 0
0 0 0 1430216545 125255 0 0 0 -3.981 -6.071 0 -1.76051 0 0
0 0 0 1430216545 165262 0 0 0 -3.981 -6.071 0 -1.75133 0 0
0 0 0 1430216545 205267 0 0 0 -3.981 -6.071 0 -1.74062 0 0
0 0 0 1430216545 245245 0 0 0 -3.981 -6.071 0 -1.73144 0 0
0 0 0 1430216545 285263 0 0 0 -3.981 -6.071 0 -1.72226 0 0
0 0 0 1430216545 325269 0 0 0 -3.981 -6.071 0 -1.71155 0 0
0 0 0 1430216545 365263 0 0 0 -3.981 -6.071 0 -1.70237 0 0
0 0 0 1430216545 405394 0 0 0 -3.981 -6.071 0 -1.69166 0 0
0 0 0 1430216545 445392 0 0 0 -3.981 -6.071 0 -1.68248 0 0
0 0 0 1430216545 485398 0 0 0 -3.981 -6.071 0 -1.6733 0 0
0 0 0 1430216545 525403 0 0 0 -3.981 -6.071 0 -1.66565 0 0
0 0 0 1430216545 565385 0 0 0 -3.981 -6.071 0 -1.658 0 0
0 0 0 1430216545 605362 0 0 0 -3.981 -6.071 0 -1.65188 0 0
0 0 0 1430216545 645392 0 0 0 -3.981 -6.071 0 -1.64576 0 0
0 0 0 1430216545 685391 0 0 0 -3.981 -6.071 0 -1.64423 0 0
0 0 0 1430216545 725515 0 0 0 -3.981 -6.071 0 -1.64423 0 0
0 0 0 1430216545 765526 0 0 0 -3.981 -6.071 0 -1.64423 0 0
0 0 0 1430216545 805559 0 0 0 -3.981 -6.071 0 -1.64423 0 0
0 0 0 1430216545 845517 0 0 0 -3.981 -6.071 0 -1.64423 0 0
0 0 0 1430216545 885496 0 0 0 -3.981 -6.071 0 -1.64423 0 0
0 0 0 1430216545 925515 0 0 0 -3.981 -6.071 0 -1.64423 0 0
0 0 0 1430216545 965521 0 0 0 -3.981 -6.071 0 -1.64423 0 0
0 0 0 1430216546 5647 0 0 0 -3.981 -6.071 0 -1.64423 0 0
0 0 0 1430216546 45640 0 0 0 -3.981 -6.071 0 -1.64423 0 0
0 0 0 1430216546 85712 0 0 0 -3.981 -6.071 0 -1.64423 0 0
0 0 0 1430216546 125639 0 0 0 -3.981 -6.071 0 -1.6427 0 0
0 0 0 1430216546 165667 0 0 0 -3.981 -6.072 0 -1.64117 0 0
0 0 0 1430216546 205629 0 0 0 -3.981 -6.073 0 -1.64117 0 0
0 0 0 1430216546 245643 0 0 0 -3.981 -6.075 0 -1.63964 0 0
0 0 0 1430216546 285773 0 0 0 -3.981 -6.078 0 -1.63964 0 0
0 0 0 1430216546 326149 0 0 0 -3.981 -6.081 0 -1.63964 0 0
0 0 0 1430216546 365745 0 0 0 -3.981 -6.084 0 -1.64117 0 0
0 0 0 1430216546 405732 0 0 0 -3.981 -6.089 0 -1.64117 0 0
0 0 0 1430216546 445769 0 0 0 -3.982 -6.093 0 -1.64117 0 0
0 0 0 1430216546 485797 0 0 0 -3.982 -6.098 0 -1.63964 0 0
0 0 0 1430216546 525750 0 0 0 -3.982 -6.103 0 -1.63964 0 0
0 0 0 1430216546 565894 0 0 0 -3.983 -6.109 0 -1.63964 0 0
0 0 0 1430216546 605901 0 0 0 -3.983 -6.115 0 -1.63964 0 0
0 0 0 1430216546 645902 0 0 0 -3.983 -6.122 0 -1.63964 0 0
0 0 0 1430216546 685888 0 0 0 -3.984 -6.13 0 -1.63964 0 0
0 0 0 1430216546 725860 0 0 0 -3.984 -6.138 0 -1.63964 0 0
0 0 0 1430216546 765893 0 0 0 -3.985 -6.146 0 -1.63964 0 0
0 0 0 1430216546 805894 0 0 0 -3.985 -6.155 0 -1.63964 0 0
0 0 0 1430216546 845881 0 0 0 -3.986 -6.163 0 -1.63964 0 0
0 0 0 1430216546 886018 0 0 0 -3.986 -6.172 0 -1.63964 0 0
0 0 0 1430216546 926027 0 0 0 -3.987 -6.18 0 -1.63964 0 0
0 0 0 1430216546 966015 0 0 0 -3.987 -6.189 0 -1.63964 0 0
0 0 0 1430216547 6015 0 0 0 -3.987 -6.197 0 -1.63964 0 0
0 0 0 1430216547 46014 0 0 0 -3.988 -6.206 0 -1.63964 0 0
0 0 0 1430216547 86038 0 0 0 -3.988 -6.214 0 -1.63964 0 0
0 0 0 1430216547 126035 0 0 0 -3.989 -6.223 0 -1.63964 0 0
0 0 0 1430216547 166108 0 0 0 -3.989 -6.231 0 -1.63964 0 0
0 0 0 1430216547 206066 0 0 0 -3.99 -6.24 0 -1.63964 0 0
0 0 0 1430216547 246058 0 0 0 -3.99 -6.248 0 -1.63964 0 0
0 0 0 1430216547 286189 0 0 0 -3.991 -6.257 0 -1.63964 0 0
0 0 0 1430216547 326187 0 0 0 -3.991 -6.265 0 -1.63964 0 0
0 0 0 1430216547 366190 0 0 0 -3.992 -6.274 0 -1.63964 0 0
0 0 0 1430216547 406161 0 0 0 -3.992 -6.282 0 -1.63964 0 0
0 0 0 1430216547 446186 0 0 0 -3.993 -6.291 0 -1.63964 0 0
0 0 0 1430216547 486062 0 0 0 -3.993 -6.299 0 -1.63964 0 0
0 0 0 1430216547 526187 0 0 0 -3.993 -6.306 0 -1.63964 0 0
0 0 0 1430216547 566205 0 0 0 -3.994 -6.313 0 -1.63964 0 0
0 0 0 1430216547 606192 0 0 0 -3.994 -6.32 0 -1.63811 0 0
0 0 0 1430216547 646205 0 0 0 -3.995 -6.327 0 -1.63964 0 0
0 0 0 1430216547 686187 0 0 0 -3.995 -6.334 0 -1.63964 0 0
0 0 0 1430216547 726187 0 0 0 -3.995 -6.339 0 -1.63964 0 0
0 0 0 1430216547 766310 0 0 0 -3.996 -6.344 0 -1.64117 0 0
0 0 0 1430216547 806458 0 0 0 -3.996 -6.349 0 -1.63964 0 0
0 0 0 1430216547 846398 0 0 0 -3.996 -6.353 0 -1.63811 0 0
0 0 0 1430216547 886393 0 0 0 -3.996 -6.358 0 -1.63964 0 0
0 0 0 1430216547 926400 0 0 0 -3.996 -6.361 0 -1.64117 0 0
0 0 0 1430216547 966392 0 0 0 -3.997 -6.365 0 -1.64117 0 0
0 0 0 1430216548 6398 0 0 0 -3.997 -6.369 0 -1.64576 0 0
0 0 0 1430216548 46408 0 0 0 -3.997 -6.372 0 -1.65341 0 0
0 0 0 1430216548 86527 0 0 0 -3.997 -6.375 0 -1.66412 0 0
0 0 0 1430216548 126485 0 0 0 -3.998 -6.379 0 -1.67483 0 0
0 0 0 1430216548 166456 0 0 0 -3.998 -6.382 0 -1.6886 0 0
0 0 0 1430216548 206498 0 0 0 -3.998 -6.385 0 -1.70543 0 0
0 0 0 1430216548 246523 0 0 0 -3.998 -6.387 0 -1.72532 0 0
0 0 0 1430216548 286530 0 0 0 -3.999 -6.389 0 -1.74521 0 0
0 0 0 1430216548 326644 0 0 0 -3.999 -6.392 0 -1.76357 0 0
0 0 0 1430216548 366642 0 0 0 -4 -6.394 0 -1.78346 0 0
0 0 0 1430216548 406648 0 0 0 -4 -6.395 0 -1.80335 0 0
0 0 0 1430216548 446600 0 0 0 -4 -6.397 0 -1.82324 0 0
0 0 0 1430216548 486648 0 0 0 -4.001 -6.399 0 -1.84007 0 0
0 0 0 1430216548 526655 0 0 0 -4.001 -6.401 0 -1.8569 0 0
0 0 0 1430216548 566662 0 0 0 -4.002 -6.403 0 -1.87526 0 0
0 0 0 1430216548 606652 0 0 0 -4.002 -6.405 0 -1.89362 0 0
0 0 0 1430216548 646649 0 0 0 -4.003 -6.407 0 -1.91198 0 0
0 0 0 1430216548 686821 0 0 0 -4.004 -6.408 0 -1.93187 0 0
0 0 0 1430216548 726751 0 0 0 -4.004 -6.41 0 -1.95023 0 0
0 0 0 1430216548 766727 0 0 0 -4.005 -6.412 0 -1.96859 0 0
0 0 0 1430216548 806778 0 0 0 -4.006 -6.413 0 -1.98695 0 0
0 0 0 1430216548 846779 0 0 0 -4.006 -6.414 0 -2.00684 0 0
0 0 0 1430216548 886763 0 0 0 -4.006 -6.415 0 -2.0252 0 0
0 0 0 1430216548 926775 0 0 0 -4.007 -6.416 0 -2.04509 0 0
0 0 0 1430216548 966905 0 0 0 -4.008 -6.418 0 -2.06345 0 0
0 0 0 1430216549 6901 0 0 0 -4.008 -6.419 0 -2.08181 0 0
0 0 0 1430216549 46904 0 0 0 -4.009 -6.42 0 -2.1017 0 0
0 0 0 1430216549 86897 0 0 0 -4.009 -6.421 0 -2.12159 0 0
0 0 0 1430216549 126866 0 0 0 -4.01 -6.422 0 -2.14148 0 0
0 0 0 1430216549 166886 0 0 0 -4.01 -6.423 0 -2.15984 0 0
0 0 0 1430216549 206976 0 0 0 -4.011 -6.424 0 -2.17667 0 0
0 0 0 1430216549 246916 0 0 0 -4.012 -6.425 0 -2.19503 0 0
0 0 0 1430216549 286933 0 0 0 -4.013 -6.426 0 -2.21186 0 0
0 0 0 1430216549 326927 0 0 0 -4.013 -6.427 0 -2.23175 0 0
0 0 0 1430216549 366933 0 0 0 -4.014 -6.428 0 -2.25011 0 0
0 0 0 1430216549 406937 0 0 0 -4.015 -6.429 0 -2.27 0 0
0 0 0 1430216549 446936 0 0 0 -4.016 -6.43 0 -2.28836 0 0
0 0 0 1430216549 487061 0 0 0 -4.016 -6.431 0 -2.30825 0 0
0 0 0 1430216549 527057 0 0 0 -4.017 -6.431 0 -2.32661 0 0
0 0 0 1430216549 567056 0 0 0 -4.018 -6.432 0 -2.34497 0 0
0 0 0 1430216549 607053 0 0 0 -4.019 -6.433 0 -2.36333 0 0
0 0 0 1430216549 647221 0 0 0 -4.02 -6.434 0 -2.38169 0 0
0 0 0 1430216549 687181 0 0 0 -4.021 -6.435 0 -2.40158 0 0
0 0 0 1430216549 727181 0 0 0 -4.022 -6.436 0 -2.41994 0 0
0 0 0 1430216549 767178 0 0 0 -4.023 -6.436 0 -2.4383 0 0
0 0 0 1430216549 807181 0 0 0 -4.023 -6.437 0 -2.45666 0 0
0 0 0 1430216549 847293 0 0 0 -4.024 -6.438 0 -2.47655 0 0
0 0 0 1430216549 887281 0 0 0 -4.025 -6.439 0 -2.49491 0 0
0 0 0 1430216549 927291 0 0 0 -4.026 -6.439 0 -2.5148 0 0
0 0 0 1430216549 967338 0 0 0 -4.027 -6.44 0 -2.53163 0 0
0 0 0 1430216550 7260 0 0 0 -4.028 -6.441 0 -2.55152 0 0
0 0 0 1430216550 47387 0 0 0 -4.029 -6.442 0 -2.56988 0 0
0 0 0 1430216550 87358 0 0 0 -4.03 -6.442 0 -2.58824 0 0
0 0 0 1430216550 127389 0 0 0 -4.031 -6.443 0 -2.6066 0 0
0 0 0 1430216550 167358 0 0 0 -4.032 -6.443 0 -2.62649 0 0
0 0 0 1430216550 207386 0 0 0 -4.033 -6.444 0 -2.64485 0 0
0 0 0 1430216550 247353 0 0 0 -4.035 -6.445 0 -2.66321 0 0
0 0 0 1430216550 287370 0 0 0 -4.036 -6.445 0 -2.6831 0 0
0 0 0 1430216550 327433 0 0 0 -4.037 -6.446 0 -2.70146 0 0
0 0 0 1430216550 367484 0 0 0 -4.038 -6.446 0 -2.72135 0 0
0 0 0 1430216550 407511 0 0 0 -4.039 -6.447 0 -2.73971 0 0
0 0 0 1430216550 447505 0 0 0 -4.04 -6.447 0 -2.75807 0 0
0 0 0 1430216550 487517 0 0 0 -4.041 -6.448 0 -2.77796 0 0
0 0 0 1430216550 527549 0 0 0 -4.042 -6.448 0 -2.79632 0 0
0 0 0 1430216550 567530 0 0 0 -4.043 -6.448 0 -2.81468 0 0
0 0 0 1430216550 607522 0 0 0 -4.045 -6.449 0 -2.83304 0 0
0 0 0 1430216550 647635 0 0 0 -4.046 -6.449 0 -2.8514 0 0
0 0 0 1430216550 687638 0 0 0 -4.047 -6.45 0 -2.86976 0 0
0 0 0 1430216550 727634 0 0 0 -4.048 -6.45 0 -2.88965 0 0
0 0 0 1430216550 767648 0 0 0 -4.049 -6.45 0 -2.90801 0 0
0 0 0 1430216550 807634 0 0 0 -4.05 -6.45 0 -2.9279 0 0
0 0 0 1430216550 847651 0 0 0 -4.052 -6.451 0 -2.94626 0 0
0 0 0 1430216550 887678 0 0 0 -4.053 -6.451 0 -2.96462 0 0
0 0 0 1430216550 927651 0 0 0 -4.054 -6.451 0 -2.98298 0 0
0 0 0 1430216550 967767 0 0 0 -4.055 -6.451 0 -3.00134 0 0
0 0 0 1430216551 7773 0 0 0 -4.056 -6.451 0 -3.0197 0 0
0 0 0 1430216551 47964 0 0 0 -4.057 -6.451 0 -3.03806 0 0
0 0 0 1430216551 87770 0 0 0 -4.057 -6.451 0 -3.05795 0 0
0 0 0 1430216551 127765 0 0 0 -4.058 -6.452 0 -3.07631 0 0
0 0 0 1430216551 167768 0 0 0 -4.059 -6.452 0 -3.09467 0 0
0 0 0 1430216551 207885 0 0 0 -4.06 -6.452 0 -3.11303 0 0
0 0 0 1430216551 247894 0 0 0 -4.061 -6.452 0 -3.13292 0 0
0 0 0 1430216551 287893 0 0 0 -4.062 -6.452 0 3.12885 0 0
0 0 0 1430216551 327886 0 0 0 -4.062 -6.452 0 3.10896 0 0
0 0 0 1430216551 367897 0 0 0 -4.062 -6.452 0 3.09213 0 0
0 0 0 1430216551 407924 0 0 0 -4.062 -6.452 0 3.07377 0 0
0 0 0 1430216551 447862 0 0 0 -4.062 -6.452 0 3.05541 0 0
0 0 0 1430216551 487890 0 0 0 -4.063 -6.452 0 3.03705 0 0
0 0 0 1430216551 527989 0 0 0 -4.063 -6.452 0 3.01716 0 0
0 0 0 1430216551 568008 0 0 0 -4.063 -6.452 0 2.9988 0 0
0 0 0 1430216551 607996 0 0 0 -4.063 -6.452 0 2.97891 0 0
0 0 0 1430216551 648002 0 0 0 -4.063 -6.452 0 2.96055 0 0
0 0 0 1430216551 687998 0 0 0 -4.063 -6.452 0 2.94219 0 0
0 0 0 1430216551 728010 0 0 0 -4.063 -6.452 0 2.92383 0 0
0 0 0 1430216551 768018 0 0 0 -4.063 -6.452 0 2.90394 0 0
0 0 0 1430216551 808135 0 0 0 -4.063 -6.452 0 2.88558 0 0
0 0 0 1430216551 848146 0 0 0 -4.063 -6.452 0 2.86569 0 0
0 0 0 1430216551 888137 0 0 0 -4.063 -6.452 0 2.84733 0 0
0 0 0 1430216551 928149 0 0 0 -4.063 -6.452 0 2.82897 0 0
0 0 0 1430216551 968262 0 0 0 -4.063 -6.452 0 2.81061 0 0
0 0 0 1430216552 8271 0 0 0 -4.063 -6.452 0 2.79072 0 0
0 0 0 1430216552 48262 0 0 0 -4.063 -6.452 0 2.77236 0 0
0 0 0 1430216552 88269 0 0 0 -4.063 -6.452 0 2.754 0 0
0 0 0 1430216552 128265 0 0 0 -4.063 -6.452 0 2.73564 0 0
0 0 0 1430216552 168265 0 0 0 -4.063 -6.452 0 2.71728 0 0
0 0 0 1430216552 208261 0 0 0 -4.063 -6.452 0 2.69892 0 0
0 0 0 1430216552 248280 0 0 0 -4.063 -6.452 0 2.67903 0 0
0 0 0 1430216552 288256 0 0 0 -4.063 -6.452 0 2.66067 0 0
0 0 0 1430216552 328268 0 0 0 -4.063 -6.452 0 2.64231 0 0
0 0 0 1430216552 368429 0 0 0 -4.063 -6.452 0 2.62242 0 0
0 0 0 1430216552 408388 0 0 0 -4.063 -6.452 0 2.60406 0 0
0 0 0 1430216552 448372 0 0 0 -4.063 -6.452 0 2.5857 0 0
0 0 0 1430216552 488391 0 0 0 -4.063 -6.452 0 2.56734 0 0
0 0 0 1430216552 528355 0 0 0 -4.063 -6.451 0 2.54898 0 0
0 0 0 1430216552 568391 0 0 0 -4.063 -6.452 0 2.52909 0 0
0 0 0 1430216552 608372 0 0 0 -4.063 -6.452 0 2.51073 0 0
0 0 0 1430216552 648390 0 0 0 -4.063 -6.452 0 2.49084 0 0
0 0 0 1430216552 688484 0 0 0 -4.063 -6.452 0 2.47248 0 0
0 0 0 1430216552 728516 0 0 0 -4.063 -6.452 0 2.45412 0 0
0 0 0 1430216552 768490 0 0 0 -4.063 -6.452 0 2.43576 0 0
0 0 0 1430216552 808511 0 0 0 -4.063 -6.452 0 2.4174 0 0
0 0 0 1430216552 848490 0 0 0 -4.063 -6.452 0 2.39751 0 0
0 0 0 1430216552 888513 0 0 0 -4.063 -6.452 0 2.37915 0 0
0 0 0 1430216552 928504 0 0 0 -4.063 -6.452 0 2.35926 0 0
0 0 0 1430216552 968637 0 0 0 -4.063 -6.452 0 2.3409 0 0
0 0 0 1430216553 8648 0 0 0 -4.063 -6.452 0 2.32254 0 0
0 0 0 1430216553 48637 0 0 0 -4.063 -6.452 0 2.30418 0 0
0 0 0 1430216553 88647 0 0 0 -4.063 -6.452 0 2.28429 0 0
0 0 0 1430216553 128635 0 0 0 -4.063 -6.452 0 2.26593 0 0
0 0 0 1430216553 168655 0 0 0 -4.063 -6.452 0 2.2491 0 0
0 0 0 1430216553 208638 0 0 0 -4.063 -6.452 0 2.22921 0 0
0 0 0 1430216553 248717 0 0 0 -4.063 -6.452 0 2.21085 0 0
0 0 0 1430216553 288789 0 0 0 -4.063 -6.452 0 2.19096 0 0
0 0 0 1430216553 328744 0 0 0 -4.063 -6.452 0 2.1726 0 0
0 0 0 1430216553 368683 0 0 0 -4.063 -6.452 0 2.15424 0 0
0 0 0 1430216553 408683 0 0 0 -4.063 -6.452 0 2.13435 0 0
0 0 0 1430216553 448687 0 0 0 -4.063 -6.452 0 2.11599 0 0
0 0 0 1430216553 488681 0 0 0 -4.063 -6.452 0 2.09763 0 0
0 0 0 1430216553 528683 0 0 0 -4.063 -6.451 0 2.07927 0 0
0 0 0 1430216553 568836 0 0 0 -4.063 -6.451 0 2.05938 0 0
0 0 0 1430216553 608807 0 0 0 -4.063 -6.452 0 2.04102 0 0
0 0 0 1430216553 648814 0 0 0 -4.063 -6.451 0 2.02266 0 0
0 0 0 1430216553 688807 0 0 0 -4.063 -6.452 0 2.0043 0 0
0 0 0 1430216553 728810 0 0 0 -4.063 -6.451 0 1.98594 0 0
0 0 0 1430216553 768810 0 0 0 -4.063 -6.451 0 1.96605 0 0
0 0 0 1430216553 808810 0 0 0 -4.063 -6.452 0 1.94769 0 0
0 0 0 1430216553 848933 0 0 0 -4.063 -6.451 0 1.92933 0 0
0 0 0 1430216553 888938 0 0 0 -4.063 -6.452 0 1.90944 0 0
0 0 0 1430216553 928933 0 0 0 -4.063 -6.451 0 1.89108 0 0
0 0 0 1430216553 968951 0 0 0 -4.063 -6.451 0 1.87272 0 0
0 0 0 1430216554 8933 0 0 0 -4.063 -6.452 0 1.85436 0 0
0 0 0 1430216554 48931 0 0 0 -4.063 -6.452 0 1.83447 0 0
0 0 0 1430216554 89032 0 0 0 -4.063 -6.452 0 1.81611 0 0
0 0 0 1430216554 129128 0 0 0 -4.063 -6.451 0 1.79775 0 0
0 0 0 1430216554 169060 0 0 0 -4.063 -6.451 0 1.77939 0 0
0 0 0 1430216554 209069 0 0 0 -4.063 -6.452 0 1.76103 0 0
0 0 0 1430216554 249055 0 0 0 -4.063 -6.452 0 1.74114 0 0
0 0 0 1430216554 289190 0 0 0 -4.063 -6.451 0 1.72278 0 0
0 0 0 1430216554 329184 0 0 0 -4.063 -6.451 0 1.70442 0 0
0 0 0 1430216554 369188 0 0 0 -4.063 -6.451 0 1.68453 0 0
0 0 0 1430216554 409183 0 0 0 -4.063 -6.452 0 1.66464 0 0
0 0 0 1430216554 449193 0 0 0 -4.063 -6.451 0 1.64475 0 0
0 0 0 1430216554 489183 0 0 0 -4.063 -6.451 0 1.62639 0 0
0 0 0 1430216554 529181 0 0 0 -4.063 -6.451 0 1.6065 0 0
0 0 0 1430216554 569189 0 0 0 -4.063 -6.451 0 1.58661 0 0
0 0 0 1430216554 609188 0 0 0 -4.063 -6.451 0 1.56672 0 0
0 0 0 1430216554 649189 0 0 0 -4.063 -6.451 0 1.54836 0 0
0 0 0 1430216554 689186 0 0 0 -4.063 -6.452 0 1.52847 0 0
0 0 0 1430216554 729308 0 0 0 -4.063 -6.451 0 1.50858 0 0
0 0 0 1430216554 769309 0 0 0 -4.063 -6.451 0 1.49022 0 0
0 0 0 1430216554 809308 0 0 0 -4.063 -6.451 0 1.47033 0 0
0 0 0 1430216554 849467 0 0 0 -4.063 -6.451 0 1.45044 0 0
0 0 0 1430216554 889394 0 0 0 -4.063 -6.451 0 1.43055 0 0
0 0 0 1430216554 929398 0 0 0 -4.063 -6.451 0 1.41066 0 0
0 0 0 1430216554 969396 0 0 0 -4.063 -6.451 0 1.3923 0 0
0 0 0 1430216555 9413 0 0 0 -4.063 -6.451 0 1.37394 0 0
0 0 0 1430216555 49528 0 0 0 -4.063 -6.451 0 1.35405 0 0
0 0 0 1430216555 89524 0 0 0 -4.063 -6.451 0 1.33416 0 0
0 0 0 1430216555 129433 0 0 0 -4.063 -6.451 0 1.31427 0 0
0 0 0 1430216555 169434 0 0 0 -4.063 -6.451 0 1.29591 0 0
0 0 0 1430216555 209431 0 0 0 -4.063 -6.451 0 1.27602 0 0
0 0 0 1430216555 249433 0 0 0 -4.063 -6.451 0 1.25613 0 0
0 0 0 1430216555 289555 0 0 0 -4.063 -6.451 0 1.23624 0 0
0 0 0 1430216555 329556 0 0 0 -4.063 -6.451 0 1.21788 0 0
0 0 0 1430216555 369527 0 0 0 -4.063 -6.451 0 1.19799 0 0
0 0 0 1430216555 409555 0 0 0 -4.063 -6.451 0 1.1781 0 0
0 0 0 1430216555 449553 0 0 0 -4.063 -6.451 0 1.15821 0 0
0 0 0 1430216555 489554 0 0 0 -4.063 -6.451 0 1.13985 0 0
0 0 0 1430216555 529558 0 0 0 -4.063 -6.451 0 1.11996 0 0
0 0 0 1430216555 569681 0 0 0 -4.063 -6.451 0 1.10007 0 0
0 0 0 1430216555 609684 0 0 0 -4.063 -6.451 0 1.08018 0 0
0 0 0 1430216555 649683 0 0 0 -4.063 -6.451 0 1.06029 0 0
0 0 0 1430216555 689679 0 0 0 -4.063 -6.451 0 1.04193 0 0
0 0 0 1430216555 729677 0 0 0 -4.063 -6.451 0 1.02204 0 0
0 0 0 1430216555 769680 0 0 0 -4.063 -6.451 0 1.00215 0 0
0 0 0 1430216555 809768 0 0 0 -4.063 -6.451 0 0.98226 0 0
0 0 0 1430216555 849723 0 0 0 -4.063 -6.451 0 0.9639 0 0
0 0 0 1430216555 889883 0 0 0 -4.063 -6.451 0 0.94707 0 0
0 0 0 1430216555 929865 0 0 0 -4.063 -6.451 0 0.93177 0 0
0 0 0 1430216555 969888 0 0 0 -4.063 -6.451 0 0.92106 0 0
0 0 0 1430216556 9890 0 0 0 -4.063 -6.452 0 0.91188 0 0
0 0 0 1430216556 49891 0 0 0 -4.063 -6.451 0 0.90423 0 0
0 0 0 1430216556 89856 0 0 0 -4.063 -6.451 0 0.90117 0 0
0 0 0 1430216556 129873 0 0 0 -4.063 -6.451 0 0.90117 0 0
0 0 0 1430216556 169861 0 0 0 -4.063 -6.451 0 0.90117 0 0
0 0 0 1430216556 210006 0 0 0 -4.063 -6.451 0 0.90117 0 0
0 0 0 1430216556 230024 0 0 0 -4.063 -6.451 0 0.90117 0 0
0 0 0 1430216556 249990 0 0 0 -4.063 -6.451 0 0.90117 0 0
0 0 0 1430216556 290012 0 0 0 -4.063 -6.451 0 0.90117 0 0
0 0 0 1430216556 329986 0 0 0 -4.063 -6.451 0 0.90117 0 0
0 0 0 1430216556 369982 0 0 0 -4.063 -6.451 0 0.90117 0 0
0 0 0 1430216556 409980 0 0 0 -4.063 -6.451 0 0.90117 0 0
0 0 0 1430216556 450006 0 0 0 -4.063 -6.451 0 0.90117 0 0
0 0 0 1430216556 490133 0 0 0 -4.063 -6.451 0 0.90117 0 0
0 0 0 1430216556 530137 0 0 0 -4.063 -6.451 0 0.90117 0 0
0 0 0 1430216556 570104 0 0 0 -4.062 -6.451 0 0.89964 0 0
0 0 0 1430216556 610155 0 0 0 -4.062 -6.45 0 0.89964 0 0
0 0 0 1430216556 650270 0 0 0 -4.061 -6.45 0 0.89811 0 0
0 0 0 1430216556 690274 0 0 0 -4.06 -6.448 0 0.89811 0 0
0 0 0 1430216556 730269 0 0 0 -4.058 -6.446 0 0.89964 0 0
0 0 0 1430216556 770269 0 0 0 -4.056 -6.443 0 0.89964 0 0
0 0 0 1430216556 810278 0 0 0 -4.054 -6.441 0 0.89964 0 0
0 0 0 1430216556 850268 0 0 0 -4.051 -6.437 0 0.89964 0 0
0 0 0 1430216556 890272 0 0 0 -4.049 -6.434 0 0.89964 0 0
0 0 0 1430216556 930273 0 0 0 -4.046 -6.43 0 0.89964 0 0
0 0 0 1430216556 970268 0 0 0 -4.042 -6.426 0 0.89964 0 0
0 0 0 1430216557 10270 0 0 0 -4.039 -6.421 0 0.89964 0 0
0 0 0 1430216557 50392 0 0 0 -4.035 -6.416 0 0.89811 0 0
0 0 0 1430216557 90371 0 0 0 -4.031 -6.411 0 0.89811 0 0
0 0 0 1430216557 130387 0 0 0 -4.026 -6.405 0 0.89964 0 0
0 0 0 1430216557 170401 0 0 0 -4.021 -6.399 0 0.89964 0 0
0 0 0 1430216557 210402 0 0 0 -4.016 -6.393 0 0.89964 0 0
0 0 0 1430216557 250395 0 0 0 -4.012 -6.387 0 0.89964 0 0
0 0 0 1430216557 290391 0 0 0 -4.007 -6.381 0 0.89964 0 0
0 0 0 1430216557 330515 0 0 0 -4.002 -6.375 0 0.89964 0 0
0 0 0 1430216557 370489 0 0 0 -3.998 -6.369 0 0.89964 0 0
0 0 0 1430216557 410509 0 0 0 -3.993 -6.363 0 0.89964 0 0
0 0 0 1430216557 450477 0 0 0 -3.988 -6.358 0 0.89964 0 0
0 0 0 1430216557 490514 0 0 0 -3.984 -6.352 0 0.89964 0 0
0 0 0 1430216557 530473 0 0 0 -3.979 -6.346 0 0.89811 0 0
0 0 0 1430216557 570527 0 0 0 -3.974 -6.34 0 0.89964 0 0
0 0 0 1430216557 610489 0 0 0 -3.97 -6.334 0 0.89964 0 0
0 0 0 1430216557 650640 0 0 0 -3.965 -6.328 0 0.89964 0 0
0 0 0 1430216557 690615 0 0 0 -3.96 -6.322 0 0.89964 0 0
0 0 0 1430216557 730639 0 0 0 -3.956 -6.316 0 0.89964 0 0
0 0 0 1430216557 770612 0 0 0 -3.951 -6.31 0 0.89964 0 0
0 0 0 1430216557 810638 0 0 0 -3.946 -6.304 0 0.89964 0 0
0 0 0 1430216557 850603 0 0 0 -3.942 -6.298 0 0.89964 0 0
0 0 0 1430216557 890646 0 0 0 -3.937 -6.293 0 0.89964 0 0
0 0 0 1430216557 930731 0 0 0 -3.932 -6.287 0 0.89964 0 0
0 0 0 1430216557 970763 0 0 0 -3.928 -6.281 0 0.89964 0 0
0 0 0 1430216558 10739 0 0 0 -3.923 -6.275 0 0.89964 0 0
0 0 0 1430216558 50760 0 0 0 -3.918 -6.269 0 0.89964 0 0
0 0 0 1430216558 90777 0 0 0 -3.914 -6.263 0 0.89964 0 0
0 0 0 1430216558 130762 0 0 0 -3.909 -6.257 0 0.89964 0 0
0 0 0 1430216558 170759 0 0 0 -3.905 -6.252 0 0.89964 0 0
0 0 0 1430216558 210893 0 0 0 -3.901 -6.247 0 0.89964 0 0
0 0 0 1430216558 250884 0 0 0 -3.897 -6.242 0 0.89811 0 0
0 0 0 1430216558 290902 0 0 0 -3.893 -6.237 0 0.90117 0 0
0 0 0 1430216558 330866 0 0 0 -3.89 -6.232 0 0.90729 0 0
0 0 0 1430216558 370890 0 0 0 -3.886 -6.228 0 0.91494 0 0
0 0 0 1430216558 410907 0 0 0 -3.882 -6.223 0 0.92718 0 0
0 0 0 1430216558 451015 0 0 0 -3.879 -6.218 0 0.94248 0 0
0 0 0 1430216558 490909 0 0 0 -3.875 -6.213 0 0.96084 0 0
0 0 0 1430216558 531013 0 0 0 -3.872 -6.208 0 0.98226 0 0
0 0 0 1430216558 571025 0 0 0 -3.868 -6.203 0 1.00368 0 0
0 0 0 1430216558 611326 0 0 0 -3.865 -6.198 0 1.02969 0 0
0 0 0 1430216558 651022 0 0 0 -3.863 -6.193 0 1.0557 0 0
0 0 0 1430216558 691015 0 0 0 -3.86 -6.188 0 1.08018 0 0
0 0 0 1430216558 731029 0 0 0 -3.858 -6.183 0 1.10925 0 0
0 0 0 1430216558 771140 0 0 0 -3.855 -6.178 0 1.13679 0 0
0 0 0 1430216558 811155 0 0 0 -3.853 -6.173 0 1.1628 0 0
0 0 0 1430216558 851146 0 0 0 -3.851 -6.168 0 1.18881 0 0
0 0 0 1430216558 891152 0 0 0 -3.849 -6.163 0 1.21482 0 0
0 0 0 1430216558 931142 0 0 0 -3.847 -6.158 0 1.24083 0 0
0 0 0 1430216558 971301 0 0 0 -3.845 -6.153 0 1.26378 0 0
0 0 0 1430216559 11288 0 0 0 -3.844 -6.147 0 1.2852 0 0
0 0 0 1430216559 51293 0 0 0 -3.842 -6.142 0 1.30662 0 0
0 0 0 1430216559 91292 0 0 0 -3.841 -6.137 0 1.32651 0 0
0 0 0 1430216559 131288 0 0 0 -3.84 -6.131 0 1.34793 0 0
0 0 0 1430216559 171295 0 0 0 -3.839 -6.126 0 1.36935 0 0
0 0 0 1430216559 211293 0 0 0 -3.838 -6.121 0 1.38924 0 0
0 0 0 1430216559 251359 0 0 0 -3.837 -6.117 0 1.41066 0 0
0 0 0 1430216559 271333 0 0 0 -3.837 -6.114 0 1.41984 0 0
0 0 0 1430216559 291319 0 0 0 -3.836 -6.112 0 1.43055 0 0
0 0 0 1430216559 331282 0 0 0 -3.836 -6.107 0 1.45197 0 0
0 0 0 1430216559 371248 0 0 0 -3.835 -6.102 0 1.47339 0 0
0 0 0 1430216559 411328 0 0 0 -3.835 -6.098 0 1.49481 0 0
0 0 0 1430216559 452941 0 0 0 -3.835 -6.093 0 1.51623 0 0
0 0 0 1430216559 491363 0 0 0 -3.834 -6.089 0 1.53918 0 0
0 0 0 1430216559 531316 0 0 0 -3.834 -6.084 0 1.56213 0 0
0 0 0 1430216559 571364 0 0 0 -3.834 -6.08 0 1.58508 0 0
0 0 0 1430216559 611322 0 0 0 -3.834 -6.076 0 1.60803 0 0
0 0 0 1430216559 651453 0 0 0 -3.835 -6.072 0 1.63251 0 0
0 0 0 1430216559 691450 0 0 0 -3.835 -6.069 0 1.65393 0 0
0 0 0 1430216559 731441 0 0 0 -3.835 -6.065 0 1.67382 0 0
0 0 0 1430216559 771444 0 0 0 -3.836 -6.063 0 1.69677 0 0
0 0 0 1430216559 811470 0 0 0 -3.836 -6.06 0 1.71972 0 0
0 0 0 1430216559 851439 0 0 0 -3.836 -6.058 0 1.74114 0 0
0 0 0 1430216559 891448 0 0 0 -3.837 -6.056 0 1.76409 0 0
0 0 0 1430216559 931443 0 0 0 -3.837 -6.054 0 1.78704 0 0
0 0 0 1430216559 971565 0 0 0 -3.837 -6.053 0 1.81152 0 0
0 0 0 1430216560 11577 0 0 0 -3.838 -6.051 0 1.83294 0 0
0 0 0 1430216560 51566 0 0 0 -3.838 -6.049 0 1.85589 0 0
0 0 0 1430216560 91625 0 0 0 -3.839 -6.048 0 1.88037 0 0
0 0 0 1430216560 131570 0 0 0 -3.839 -6.047 0 1.90332 0 0
0 0 0 1430216560 171568 0 0 0 -3.839 -6.046 0 1.92627 0 0
0 0 0 1430216560 211570 0 0 0 -3.84 -6.045 0 1.94769 0 0
0 0 0 1430216560 251691 0 0 0 -3.84 -6.043 0 1.96911 0 0
0 0 0 1430216560 291693 0 0 0 -3.841 -6.042 0 1.99359 0 0
0 0 0 1430216560 331690 0 0 0 -3.841 -6.041 0 2.01654 0 0
0 0 0 1430216560 371693 0 0 0 -3.842 -6.04 0 2.04102 0 0
0 0 0 1430216560 411693 0 0 0 -3.842 -6.039 0 2.06397 0 0
0 0 0 1430216560 451692 0 0 0 -3.843 -6.038 0 2.08692 0 0
0 0 0 1430216560 491750 0 0 0 -3.844 -6.037 0 2.10834 0 0
0 0 0 1430216560 531691 0 0 0 -3.844 -6.036 0 2.13129 0 0
0 0 0 1430216560 571816 0 0 0 -3.845 -6.035 0 2.15271 0 0
0 0 0 1430216560 611819 0 0 0 -3.846 -6.034 0 2.17719 0 0
0 0 0 1430216560 651819 0 0 0 -3.846 -6.033 0 2.20014 0 0
0 0 0 1430216560 691818 0 0 0 -3.847 -6.032 0 2.22309 0 0
0 0 0 1430216560 731822 0 0 0 -3.848 -6.031 0 2.24604 0 0
0 0 0 1430216560 771961 0 0 0 -3.849 -6.03 0 2.26899 0 0
0 0 0 1430216560 811952 0 0 0 -3.849 -6.029 0 2.29194 0 0
0 0 0 1430216560 852022 0 0 0 -3.85 -6.028 0 2.31489 0 0
0 0 0 1430216560 892048 0 0 0 -3.851 -6.027 0 2.33784 0 0
0 0 0 1430216560 932018 0 0 0 -3.852 -6.026 0 2.36079 0 0
0 0 0 1430216560 972000 0 0 0 -3.853 -6.026 0 2.38374 0 0
0 0 0 1430216561 12026 0 0 0 -3.854 -6.025 0 2.40669 0 0
0 0 0 1430216561 51938 0 0 0 -3.855 -6.024 0 2.42964 0 0
0 0 0 1430216561 91953 0 0 0 -3.855 -6.023 0 2.45259 0 0
0 0 0 1430216561 132059 0 0 0 -3.856 -6.022 0 2.47554 0 0
0 0 0 1430216561 172064 0 0 0 -3.857 -6.022 0 2.49849 0 0
0 0 0 1430216561 212088 0 0 0 -3.858 -6.021 0 2.52144 0 0
0 0 0 1430216561 252061 0 0 0 -3.859 -6.02 0 2.54439 0 0
0 0 0 1430216561 292208 0 0 0 -3.86 -6.02 0 2.56734 0 0
0 0 0 1430216561 332195 0 0 0 -3.861 -6.019 0 2.59029 0 0
0 0 0 1430216561 372071 0 0 0 -3.862 -6.018 0 2.61324 0 0
0 0 0 1430216561 412072 0 0 0 -3.864 -6.018 0 2.63619 0 0
0 0 0 1430216561 452195 0 0 0 -3.865 -6.017 0 2.65914 0 0
0 0 0 1430216561 492196 0 0 0 -3.866 -6.017 0 2.68209 0 0
0 0 0 1430216561 532195 0 0 0 -3.867 -6.016 0 2.70504 0 0
0 0 0 1430216561 572194 0 0 0 -3.868 -6.016 0 2.72799 0 0
0 0 0 1430216561 612292 0 0 0 -3.869 -6.015 0 2.75094 0 0
0 0 0 1430216561 652248 0 0 0 -3.87 -6.015 0 2.77389 0 0
0 0 0 1430216561 692403 0 0 0 -3.871 -6.014 0 2.79684 0 0
0 0 0 1430216561 732406 0 0 0 -3.873 -6.014 0 2.81979 0 0
0 0 0 1430216561 772374 0 0 0 -3.874 -6.014 0 2.84274 0 0
0 0 0 1430216561 812484 0 0 0 -3.875 -6.013 0 2.86416 0 0
0 0 0 1430216561 852392 0 0 0 -3.876 -6.013 0 2.88405 0 0
0 0 0 1430216561 892402 0 0 0 -3.877 -6.013 0 2.90088 0 0
0 0 0 1430216561 932423 0 0 0 -3.878 -6.013 0 2.91618 0 0
0 0 0 1430216561 972410 0 0 0 -3.879 -6.012 0 2.92995 0 0
0 0 0 1430216562 12534 0 0 0 -3.88 -6.012 0 2.93913 0 0
0 0 0 1430216562 52498 0 0 0 -3.881 -6.012 0 2.94372 0 0
0 0 0 1430216562 92533 0 0 0 -3.882 -6.012 0 2.94525 0 0
0 0 0 1430216562 132536 0 0 0 -3.884 -6.012 0 2.94525 0 0
0 0 0 1430216562 172538 0 0 0 -3.885 -6.011 0 2.94525 0 0
0 0 0 1430216562 212531 0 0 0 -3.886 -6.011 0 2.94525 0 0
0 0 0 1430216562 252526 0 0 0 -3.887 -6.011 0 2.94525 0 0
0 0 0 1430216562 292657 0 0 0 -3.889 -6.011 0 2.94525 0 0
0 0 0 1430216562 332666 0 0 0 -3.89 -6.01 0 2.94525 0 0
0 0 0 1430216562 372645 0 0 0 -3.891 -6.01 0 2.94525 0 0
0 0 0 1430216562 412658 0 0 0 -3.892 -6.01 0 2.94525 0 0
0 0 0 1430216562 452689 0 0 0 -3.893 -6.01 0 2.94525 0 0
0 0 0 1430216562 492671 0 0 0 -3.895 -6.01 0 2.94525 0 0
0 0 0 1430216562 532662 0 0 0 -3.896 -6.009 0 2.94525 0 0
0 0 0 1430216562 572761 0 0 0 -3.897 -6.009 0 2.94525 0 0
0 0 0 1430216562 612782 0 0 0 -3.898 -6.009 0 2.94525 0 0
0 0 0 1430216562 652791 0 0 0 -3.899 -6.009 0 2.94525 0 0
0 0 0 1430216562 692786 0 0 0 -3.901 -6.008 0 2.94525 0 0
0 0 0 1430216562 732786 0 0 0 -3.902 -6.008 0 2.94525 0 0
0 0 0 1430216562 772807 0 0 0 -3.903 -6.008 0 2.94525 0 0
0 0 0 1430216562 812783 0 0 0 -3.904 -6.008 0 2.94678 0 0
0 0 0 1430216562 852788 0 0 0 -3.906 -6.008 0 2.94525 0 0
0 0 0 1430216562 892884 0 0 0 -3.907 -6.007 0 2.94525 0 0
0 0 0 1430216562 932933 0 0 0 -3.908 -6.007 0 2.94525 0 0
0 0 0 1430216562 972919 0 0 0 -3.909 -6.007 0 2.94525 0 0
0 0 0 1430216563 12934 0 0 0 -3.91 -6.007 0 2.94525 0 0
0 0 0 1430216563 52911 0 0 0 -3.911 -6.007 0 2.94678 0 0
0 0 0 1430216563 92897 0 0 0 -3.913 -6.006 0 2.94831 0 0
0 0 0 1430216563 132907 0 0 0 -3.914 -6.006 0 2.94831 0 0
0 0 0 1430216563 173035 0 0 0 -3.915 -6.006 0 2.94831 0 0
0 0 0 1430216563 193043 0 0 0 -3.916 -6.006 0 2.94831 0 0
0 0 0 1430216563 213001 0 0 0 -3.916 -6.006 0 2.94984 0 0
0 0 0 1430216563 253033 0 0 0 -3.918 -6.005 0 2.94984 0 0
0 0 0 1430216563 293040 0 0 0 -3.919 -6.005 0 2.95137 0 0
0 0 0 1430216563 333029 0 0 0 -3.92 -6.005 0 2.95137 0 0
0 0 0 1430216563 373032 0 0 0 -3.921 -6.005 0 2.9529 0 0
0 0 0 1430216563 413150 0 0 0 -3.922 -6.005 0 2.9529 0 0
0 0 0 1430216563 453157 0 0 0 -3.923 -6.004 0 2.9529 0 0
0 0 0 1430216563 493929 0 0 0 -3.925 -6.004 0 2.95443 0 0
0 0 0 1430216563 533161 0 0 0 -3.926 -6.004 0 2.95596 0 0
0 0 0 1430216563 573163 0 0 0 -3.927 -6.004 0 2.95596 0 0
0 0 0 1430216563 613279 0 0 0 -3.928 -6.004 0 2.95749 0 0
0 0 0 1430216563 653287 0 0 0 -3.93 -6.003 0 2.95749 0 0
0 0 0 1430216563 693293 0 0 0 -3.931 -6.003 0 2.95902 0 0
0 0 0 1430216563 733142 0 0 0 -3.934 -6.003 0 2.96055 0 0
0 0 0 1430216563 773283 0 0 0 -3.936 -6.002 0 2.96208 0 0
0 0 0 1430216563 813298 0 0 0 -3.939 -6.002 0 2.96514 0 0
0 0 0 1430216563 853286 0 0 0 -3.941 -6.001 0 2.96667 0 0
0 0 0 1430216563 893284 0 0 0 -3.944 -6.001 0 2.96973 0 0
0 0 0 1430216563 933258 0 0 0 -3.947 -6.001 0 2.97279 0 0
0 0 0 1430216563 973286 0 0 0 -3.949 -6 0 2.97585 0 0
0 0 0 1430216564 13373 0 0 0 -3.952 -6 0 2.97891 0 0
0 0 0 1430216564 53413 0 0 0 -3.954 -5.999 0 2.98197 0 0
0 0 0 1430216564 93413 0 0 0 -3.956 -5.999 0 2.98656 0 0
0 0 0 1430216564 133413 0 0 0 -3.959 -5.999 0 2.99115 0 0
0 0 0 1430216564 173408 0 0 0 -3.962 -5.998 0 2.99727 0 0
0 0 0 1430216564 213413 0 0 0 -3.964 -5.998 0 3.00186 0 0
0 0 0 1430216564 253386 0 0 0 -3.967 -5.998 0 3.00645 0 0
0 0 0 1430216564 293437 0 0 0 -3.969 -5.997 0 3.01257 0 0
0 0 0 1430216564 333501 0 0 0 -3.972 -5.997 0 3.01563 0 0
0 0 0 1430216564 373541 0 0 0 -3.974 -5.997 0 3.02022 0 0
0 0 0 1430216564 413535 0 0 0 -3.977 -5.997 0 3.02634 0 0
0 0 0 1430216564 453506 0 0 0 -3.979 -5.996 0 3.03093 0 0
0 0 0 1430216564 493535 0 0 0 -3.982 -5.996 0 3.03552 0 0
0 0 0 1430216564 533540 0 0 0 -3.984 -5.996 0 3.04011 0 0
0 0 0 1430216564 573537 0 0 0 -3.987 -5.996 0 3.04623 0 0
0 0 0 1430216564 613539 0 0 0 -3.989 -5.995 0 3.04929 0 0
0 0 0 1430216564 653627 0 0 0 -3.992 -5.995 0 3.05541 0 0
0 0 0 1430216564 693663 0 0 0 -3.994 -5.995 0 3.06 0 0
0 0 0 1430216564 733699 0 0 0 -3.997 -5.995 0 3.06612 0 0
0 0 0 1430216564 773652 0 0 0 -3.999 -5.995 0 3.07071 0 0
0 0 0 1430216564 813671 0 0 0 -4.002 -5.995 0 3.07683 0 0
0 0 0 1430216564 853660 0 0 0 -4.005 -5.995 0 3.08295 0 0
0 0 0 1430216564 893578 0 0 0 -4.007 -5.994 0 3.08754 0 0
0 0 0 1430216564 933673 0 0 0 -4.01 -5.994 0 3.09366 0 0
0 0 0 1430216564 973748 0 0 0 -4.012 -5.994 0 3.09825 0 0
0 0 0 1430216565 13695 0 0 0 -4.015 -5.994 0 3.10437 0 0
0 0 0 1430216565 53704 0 0 0 -4.017 -5.994 0 3.11049 0 0
0 0 0 1430216565 93699 0 0 0 -4.02 -5.994 0 3.11661 0 0
0 0 0 1430216565 133693 0 0 0 -4.022 -5.994 0 3.12273 0 0
0 0 0 1430216565 173702 0 0 0 -4.025 -5.994 0 3.12885 0 0
0 0 0 1430216565 213821 0 0 0 -4.027 -5.994 0 3.13803 0 0
0 0 0 1430216565 253821 0 0 0 -4.03 -5.994 0 -3.13904 0 0
0 0 0 1430216565 293823 0 0 0 -4.032 -5.994 0 -3.13292 0 0
0 0 0 1430216565 333822 0 0 0 -4.035 -5.994 0 -3.1268 0 0
0 0 0 1430216565 373823 0 0 0 -4.038 -5.994 0 -3.12068 0 0
0 0 0 1430216565 413822 0 0 0 -4.04 -5.994 0 -3.11456 0 0
0 0 0 1430216565 453820 0 0 0 -4.043 -5.994 0 -3.10844 0 0
0 0 0 1430216565 493949 0 0 0 -4.045 -5.994 0 -3.10232 0 0
0 0 0 1430216565 533945 0 0 0 -4.047 -5.995 0 -3.0962 0 0
0 0 0 1430216565 574091 0 0 0 -4.05 -5.995 0 -3.09008 0 0
0 0 0 1430216565 614052 0 0 0 -4.053 -5.995 0 -3.08243 0 0
0 0 0 1430216565 654022 0 0 0 -4.055 -5.995 0 -3.07631 0 0
0 0 0 1430216565 694031 0 0 0 -4.058 -5.995 0 -3.07172 0 0
0 0 0 1430216565 734018 0 0 0 -4.06 -5.995 0 -3.06407 0 0
0 0 0 1430216565 774027 0 0 0 -4.063 -5.996 0 -3.05795 0 0
0 0 0 1430216565 814035 0 0 0 -4.065 -5.996 0 -3.05183 0 0
0 0 0 1430216565 854088 0 0 0 -4.068 -5.996 0 -3.04571 0 0
0 0 0 1430216565 894161 0 0 0 -4.07 -5.996 0 -3.03959 0 0
0 0 0 1430216565 934265 0 0 0 -4.073 -5.997 0 -3.03347 0 0
0 0 0 1430216565 974284 0 0 0 -4.075 -5.997 0 -3.02735 0 0
0 0 0 1430216566 14233 0 0 0 -4.078 -5.997 0 -3.0197 0 0
0 0 0 1430216566 54159 0 0 0 -4.08 -5.998 0 -3.01358 0 0
0 0 0 1430216566 94139 0 0 0 -4.083 -5.998 0 -3.00593 0 0
0 0 0 1430216566 134275 0 0 0 -4.086 -5.998 0 -2.99981 0 0
0 0 0 1430216566 174290 0 0 0 -4.088 -5.999 0 -2.99216 0 0
0 0 0 1430216566 214278 0 0 0 -4.09 -5.999 0 -2.98451 0 0
0 0 0 1430216566 254273 0 0 0 -4.093 -5.999 0 -2.97686 0 0
0 0 0 1430216566 294254 0 0 0 -4.095 -6 0 -2.96768 0 0
0 0 0 1430216566 334414 0 0 0 -4.098 -6 0 -2.96156 0 0
0 0 0 1430216566 374391 0 0 0 -4.101 -6.001 0 -2.95391 0 0
0 0 0 1430216566 394422 0 0 0 -4.102 -6.001 0 -2.94932 0 0
0 0 0 1430216566 414412 0 0 0 -4.103 -6.001 0 -2.94626 0 0
0 0 0 1430216566 454389 0 0 0 -4.106 -6.002 0 -2.93708 0 0
0 0 0 1430216566 494390 0 0 0 -4.108 -6.002 0 -2.92943 0 0
0 0 0 1430216566 534407 0 0 0 -4.11 -6.003 0 -2.92178 0 0
0 0 0 1430216566 574408 0 0 0 -4.113 -6.003 0 -2.9126 0 0
0 0 0 1430216566 614409 0 0 0 -4.115 -6.004 0 -2.90495 0 0
0 0 0 1430216566 654409 0 0 0 -4.118 -6.005 0 -2.89577 0 0
0 0 0 1430216566 694539 0 0 0 -4.12 -6.005 0 -2.88812 0 0
0 0 0 1430216566 734526 0 0 0 -4.123 -6.006 0 -2.88047 0 0
0 0 0 1430216566 774534 0 0 0 -4.125 -6.007 0 -2.87129 0 0
0 0 0 1430216566 814515 0 0 0 -4.128 -6.007 0 -2.86364 0 0
0 0 0 1430216566 854540 0 0 0 -4.13 -6.008 0 -2.85446 0 0
0 0 0 1430216566 894504 0 0 0 -4.132 -6.009 0 -2.84681 0 0
0 0 0 1430216566 934635 0 0 0 -4.135 -6.01 0 -2.83763 0 0
0 0 0 1430216566 974533 0 0 0 -4.137 -6.01 0 -2.82998 0 0
0 0 0 1430216567 14656 0 0 0 -4.14 -6.011 0 -2.8208 0 0
0 0 0 1430216567 54634 0 0 0 -4.142 -6.012 0 -2.81315 0 0
0 0 0 1430216567 94652 0 0 0 -4.145 -6.013 0 -2.80397 0 0
0 0 0 1430216567 134656 0 0 0 -4.147 -6.014 0 -2.79479 0 0
0 0 0 1430216567 174611 0 0 0 -4.149 -6.015 0 -2.78714 0 0
0 0 0 1430216567 214647 0 0 0 -4.152 -6.015 0 -2.77643 0 0
0 0 0 1430216567 254775 0 0 0 -4.154 -6.016 0 -2.76725 0 0
0 0 0 1430216567 294777 0 0 0 -4.156 -6.017 0 -2.75654 0 0
0 0 0 1430216567 334788 0 0 0 -4.159 -6.018 0 -2.74736 0 0
0 0 0 1430216567 375396 0 0 0 -4.161 -6.019 0 -2.73665 0 0
0 0 0 1430216567 414701 0 0 0 -4.163 -6.02 0 -2.72747 0 0
0 0 0 1430216567 454692 0 0 0 -4.166 -6.021 0 -2.71676 0 0
0 0 0 1430216567 494692 0 0 0 -4.168 -6.022 0 -2.70605 0 0
0 0 0 1430216567 534814 0 0 0 -4.17 -6.024 0 -2.69534 0 0
0 0 0 1430216567 574815 0 0 0 -4.173 -6.025 0 -2.68463 0 0
0 0 0 1430216567 614812 0 0 0 -4.175 -6.026 0 -2.67392 0 0
0 0 0 1430216567 654819 0 0 0 -4.177 -6.027 0 -2.66321 0 0
0 0 0 1430216567 694813 0 0 0 -4.179 -6.028 0 -2.6525 0 0
0 0 0 1430216567 734814 0 0 0 -4.182 -6.03 0 -2.64179 0 0
0 0 0 1430216567 774816 0 0 0 -4.185 -6.031 0 -2.63108 0 0
0 0 0 1430216567 814941 0 0 0 -4.188 -6.033 0 -2.61884 0 0
0 0 0 1430216567 854945 0 0 0 -4.191 -6.035 0 -2.60813 0 0
0 0 0 1430216567 894946 0 0 0 -4.193 -6.036 0 -2.59589 0 0
0 0 0 1430216567 934942 0 0 0 -4.196 -6.038 0 -2.58365 0 0
0 0 0 1430216567 974938 0 0 0 -4.199 -6.04 0 -2.57294 0 0
0 0 0 1430216568 14940 0 0 0 -4.201 -6.042 0 -2.5607 0 0
0 0 0 1430216568 54939 0 0 0 -4.204 -6.043 0 -2.54846 0 0
0 0 0 1430216568 95010 0 0 0 -4.207 -6.045 0 -2.53775 0 0
0 0 0 1430216568 135115 0 0 0 -4.209 -6.047 0 -2.52551 0 0
0 0 0 1430216568 175163 0 0 0 -4.212 -6.049 0 -2.51327 0 0
0 0 0 1430216568 215146 0 0 0 -4.215 -6.051 0 -2.50103 0 0
0 0 0 1430216568 255153 0 0 0 -4.217 -6.053 0 -2.48879 0 0
0 0 0 1430216568 295307 0 0 0 -4.22 -6.055 0 -2.47808 0 0
0 0 0 1430216568 335345 0 0 0 -4.222 -6.057 0 -2.46584 0 0
0 0 0 1430216568 375264 0 0 0 -4.225 -6.059 0 -2.45513 0 0
0 0 0 1430216568 415285 0 0 0 -4.227 -6.061 0 -2.44289 0 0
0 0 0 1430216568 455258 0 0 0 -4.229 -6.063 0 -2.43065 0 0
0 0 0 1430216568 495292 0 0 0 -4.232 -6.065 0 -2.41841 0 0
0 0 0 1430216568 535279 0 0 0 -4.234 -6.067 0 -2.40617 0 0
0 0 0 1430216568 575283 0 0 0 -4.237 -6.07 0 -2.39546 0 0
0 0 0 1430216568 615278 0 0 0 -4.239 -6.072 0 -2.38322 0 0
0 0 0 1430216568 655403 0 0 0 -4.241 -6.074 0 -2.37098 0 0
0 0 0 1430216568 695377 0 0 0 -4.243 -6.076 0 -2.36027 0 0
0 0 0 1430216568 735405 0 0 0 -4.246 -6.079 0 -2.34803 0 0
0 0 0 1430216568 775391 0 0 0 -4.248 -6.081 0 -2.33579 0 0
0 0 0 1430216568 815437 0 0 0 -4.25 -6.083 0 -2.32508 0 0
0 0 0 1430216568 855419 0 0 0 -4.252 -6.086 0 -2.31284 0 0
0 0 0 1430216568 895406 0 0 0 -4.254 -6.088 0 -2.3006 0 0
0 0 0 1430216568 935387 0 0 0 -4.257 -6.091 0 -2.28836 0 0
0 0 0 1430216568 975407 0 0 0 -4.259 -6.093 0 -2.27765 0 0
0 0 0 1430216569 15533 0 0 0 -4.261 -6.095 0 -2.26541 0 0
0 0 0 1430216569 55536 0 0 0 -4.263 -6.098 0 -2.25317 0 0
0 0 0 1430216569 95516 0 0 0 -4.265 -6.1 0 -2.24093 0 0
0 0 0 1430216569 135535 0 0 0 -4.267 -6.103 0 -2.23022 0 0
0 0 0 1430216569 175512 0 0 0 -4.269 -6.106 0 -2.21798 0 0
0 0 0 1430216569 215531 0 0 0 -4.27 -6.108 0 -2.20727 0 0
0 0 0 1430216569 255625 0 0 0 -4.272 -6.111 0 -2.19503 0 0
0 0 0 1430216569 295685 0 0 0 -4.274 -6.113 0 -2.18279 0 0
0 0 0 1430216569 335674 0 0 0 -4.276 -6.116 0 -2.17055 0 0
0 0 0 1430216569 375653 0 0 0 -4.278 -6.119 0 -2.15831 0 0
0 0 0 1430216569 415630 0 0 0 -4.279 -6.122 0 -2.1476 0 0
0 0 0 1430216569 455694 0 0 0 -4.281 -6.124 0 -2.13536 0 0
0 0 0 1430216569 495678 0 0 0 -4.283 -6.127 0 -2.12465 0 0
0 0 0 1430216569 535775 0 0 0 -4.284 -6.13 0 -2.11241 0 0
0 0 0 1430216569 575759 0 0 0 -4.286 -6.132 0 -2.10017 0 0
0 0 0 1430216569 615758 0 0 0 -4.288 -6.135 0 -2.08793 0 0
0 0 0 1430216569 655777 0 0 0 -4.289 -6.138 0 -2.07569 0 0
0 0 0 1430216569 695773 0 0 0 -4.291 -6.141 0 -2.06498 0 0
0 0 0 1430216569 735774 0 0 0 -4.292 -6.144 0 -2.05121 0 0
0 0 0 1430216569 775771 0 0 0 -4.294 -6.147 0 -2.0405 0 0
0 0 0 1430216569 815760 0 0 0 -4.295 -6.15 0 -2.02673 0 0
0 0 0 1430216569 855897 0 0 0 -4.296 -6.153 0 -2.01449 0 0
0 0 0 1430216569 895907 0 0 0 -4.298 -6.156 0 -2.00225 0 0
0 0 0 1430216569 935899 0 0 0 -4.299 -6.159 0 -1.98848 0 0
0 0 0 1430216569 975907 0 0 0 -4.3 -6.161 0 -1.97624 0 0
0 0 0 1430216570 15905 0 0 0 -4.301 -6.164 0 -1.964 0 0
0 0 0 1430216570 55905 0 0 0 -4.303 -6.167 0 -1.95023 0 0
0 0 0 1430216570 95902 0 0 0 -4.304 -6.17 0 -1.93799 0 0
0 0 0 1430216570 136029 0 0 0 -4.305 -6.174 0 -1.92422 0 0
0 0 0 1430216570 176055 0 0 0 -4.306 -6.177 0 -1.91045 0 0
0 0 0 1430216570 216033 0 0 0 -4.307 -6.18 0 -1.89821 0 0
0 0 0 1430216570 256016 0 0 0 -4.308 -6.183 0 -1.88444 0 0
0 0 0 1430216570 296030 0 0 0 -4.309 -6.186 0 -1.87067 0 0
0 0 0 1430216570 336012 0 0 0 -4.31 -6.189 0 -1.85843 0 0
0 0 0 1430216570 376060 0 0 0 -4.311 -6.192 0 -1.84466 0 0
0 0 0 1430216570 416140 0 0 0 -4.311 -6.195 0 -1.83089 0 0
0 0 0 1430216570 456151 0 0 0 -4.312 -6.198 0 -1.81865 0 0
0 0 0 1430216570 496125 0 0 0 -4.313 -6.201 0 -1.80488 0 0
0 0 0 1430216570 536148 0 0 0 -4.313 -6.204 0 -1.79264 0 0
0 0 0 1430216570 576126 0 0 0 -4.314 -6.208 0 -1.77887 0 0
0 0 0 1430216570 616279 0 0 0 -4.315 -6.211 0 -1.7651 0 0
0 0 0 1430216570 656241 0 0 0 -4.315 -6.214 0 -1.75286 0 0
0 0 0 1430216570 696276 0 0 0 -4.316 -6.217 0 -1.73909 0 0
0 0 0 1430216570 736246 0 0 0 -4.316 -6.22 0 -1.72532 0 0
0 0 0 1430216570 776276 0 0 0 -4.317 -6.223 0 -1.71308 0 0
0 0 0 1430216570 816288 0 0 0 -4.317 -6.227 0 -1.69931 0 0
0 0 0 1430216570 856304 0 0 0 -4.317 -6.23 0 -1.68707 0 0
0 0 0 1430216570 896266 0 0 0 -4.318 -6.233 0 -1.6733 0 0
0 0 0 1430216570 936260 0 0 0 -4.318 -6.236 0 -1.65953 0 0
0 0 0 1430216570 976277 0 0 0 -4.318 -6.24 0 -1.64576 0 0
0 0 0 1430216571 16406 0 0 0 -4.318 -6.243 0 -1.63352 0 0
0 0 0 1430216571 56395 0 0 0 -4.318 -6.246 0 -1.61975 0 0
0 0 0 1430216571 96400 0 0 0 -4.319 -6.249 0 -1.60751 0 0
0 0 0 1430216571 136409 0 0 0 -4.319 -6.252 0 -1.59374 0 0
0 0 0 1430216571 176404 0 0 0 -4.319 -6.256 0 -1.5815 0 0
0 0 0 1430216571 216411 0 0 0 -4.319 -6.259 0 -1.56773 0 0
0 0 0 1430216571 256402 0 0 0 -4.319 -6.262 0 -1.55396 0 0
0 0 0 1430216571 296559 0 0 0 -4.318 -6.266 0 -1.54172 0 0
0 0 0 1430216571 336575 0 0 0 -4.318 -6.269 0 -1.52795 0 0
0 0 0 1430216571 376536 0 0 0 -4.318 -6.273 0 -1.51418 0 0
0 0 0 1430216571 416534 0 0 0 -4.318 -6.277 0 -1.50041 0 0
0 0 0 1430216571 456529 0 0 0 -4.317 -6.281 0 -1.48664 0 0
0 0 0 1430216571 496554 0 0 0 -4.317 -6.285 0 -1.47287 0 0
0 0 0 1430216571 536543 0 0 0 -4.317 -6.289 0 -1.4591 0 0
0 0 0 1430216571 576489 0 0 0 -4.316 -6.293 0 -1.4438 0 0
0 0 0 1430216571 616579 0 0 0 -4.316 -6.296 0 -1.43156 0 0
0 0 0 1430216571 656572 0 0 0 -4.315 -6.3 0 -1.41626 0 0
0 0 0 1430216571 696573 0 0 0 -4.314 -6.304 0 -1.40249 0 0
0 0 0 1430216571 736564 0 0 0 -4.314 -6.308 0 -1.38872 0 0
0 0 0 1430216571 776568 0 0 0 -4.313 -6.312 0 -1.37342 0 0
0 0 0 1430216571 816570 0 0 0 -4.312 -6.315 0 -1.35965 0 0
0 0 0 1430216571 856572 0 0 0 -4.311 -6.319 0 -1.34435 0 0
0 0 0 1430216571 896672 0 0 0 -4.31 -6.323 0 -1.32905 0 0
0 0 0 1430216571 936672 0 0 0 -4.309 -6.327 0 -1.31528 0 0
0 0 0 1430216571 976692 0 0 0 -4.308 -6.33 0 -1.29998 0 0
0 0 0 1430216572 16690 0 0 0 -4.307 -6.334 0 -1.28621 0 0
0 0 0 1430216572 56692 0 0 0 -4.306 -6.338 0 -1.27091 0 0
0 0 0 1430216572 96692 0 0 0 -4.305 -6.341 0 -1.25714 0 0
0 0 0 1430216572 136689 0 0 0 -4.303 -6.345 0 -1.24184 0 0
0 0 0 1430216572 176814 0 0 0 -4.302 -6.349 0 -1.22807 0 0
0 0 0 1430216572 216826 0 0 0 -4.301 -6.352 0 -1.21277 0 0
0 0 0 1430216572 256812 0 0 0 -4.299 -6.356 0 -1.19747 0 0
0 0 0 1430216572 296820 0 0 0 -4.298 -6.359 0 -1.18217 0 0
0 0 0 1430216572 336820 0 0 0 -4.296 -6.363 0 -1.16534 0 0
0 0 0 1430216572 377045 0 0 0 -4.295 -6.366 0 -1.14698 0 0
0 0 0 1430216572 416889 0 0 0 -4.293 -6.37 0 -1.12709 0 0
0 0 0 1430216572 456951 0 0 0 -4.291 -6.373 0 -1.10414 0 0
0 0 0 1430216572 496945 0 0 0 -4.289 -6.377 0 -1.08119 0 0
0 0 0 1430216572 536941 0 0 0 -4.287 -6.38 0 -1.05671 0 0
0 0 0 1430216572 576940 0 0 0 -4.285 -6.384 0 -1.03223 0 0
0 0 0 1430216572 616942 0 0 0 -4.283 -6.387 0 -1.00928 0 0
0 0 0 1430216572 656939 0 0 0 -4.281 -6.39 0 -0.984795 0 0
0 0 0 1430216572 696945 0 0 0 -4.279 -6.393 0 -0.961845 0 0
0 0 0 1430216572 736941 0 0 0 -4.277 -6.396 0 -0.938895 0 0
0 0 0 1430216572 777064 0 0 0 -4.275 -6.399 0 -0.914415 0 0
0 0 0 1430216572 817068 0 0 0 -4.272 -6.402 0 -0.891465 0 0
0 0 0 1430216572 857084 0 0 0 -4.27 -6.405 0 -0.866985 0 0
0 0 0 1430216572 897064 0 0 0 -4.267 -6.408 0 -0.842505 0 0
0 0 0 1430216572 937193 0 0 0 -4.265 -6.411 0 -0.819555 0 0
0 0 0 1430216572 977193 0 0 0 -4.262 -6.414 0 -0.796605 0 0
0 0 0 1430216573 17180 0 0 0 -4.259 -6.416 0 -0.772125 0 0
0 0 0 1430216573 57189 0 0 0 -4.256 -6.419 0 -0.749175 0 0
0 0 0 1430216573 97285 0 0 0 -4.253 -6.422 0 -0.724695 0 0
0 0 0 1430216573 137264 0 0 0 -4.25 -6.424 0 -0.701745 0 0
0 0 0 1430216573 177273 0 0 0 -4.247 -6.426 0 -0.678795 0 0
0 0 0 1430216573 217285 0 0 0 -4.244 -6.429 0 -0.654315 0 0
0 0 0 1430216573 257376 0 0 0 -4.241 -6.431 0 -0.629835 0 0
0 0 0 1430216573 297278 0 0 0 -4.238 -6.433 0 -0.603825 0 0
0 0 0 1430216573 337436 0 0 0 -4.234 -6.436 0 -0.579345 0 0
0 0 0 1430216573 377430 0 0 0 -4.231 -6.438 0 -0.551805 0 0
0 0 0 1430216573 417404 0 0 0 -4.228 -6.44 0 -0.524265 0 0
0 0 0 1430216573 457398 0 0 0 -4.224 -6.441 0 -0.496725 0 0
0 0 0 1430216573 497396 0 0 0 -4.221 -6.443 0 -0.469185 0 0
0 0 0 1430216573 537405 0 0 0 -4.217 -6.445 0 -0.441645 0 0
0 0 0 1430216573 577394 0 0 0 -4.214 -6.446 0 -0.414105 0 0
0 0 0 1430216573 617402 0 0 0 -4.21 -6.448 0 -0.385035 0 0
0 0 0 1430216573 657500 0 0 0 -4.207 -6.449 0 -0.357495 0 0
0 0 0 1430216573 697551 0 0 0 -4.203 -6.45 0 -0.329955 0 0
0 0 0 1430216573 737514 0 0 0 -4.199 -6.451 0 -0.302415 0 0
0 0 0 1430216573 777525 0 0 0 -4.196 -6.453 0 -0.274875 0 0
0 0 0 1430216573 817521 0 0 0 -4.192 -6.453 0 -0.247335 0 0
0 0 0 1430216573 857524 0 0 0 -4.188 -6.454 0 -0.219795 0 0
0 0 0 1430216573 897533 0 0 0 -4.184 -6.455 0 -0.190725 0 0
0 0 0 1430216573 937682 0 0 0 -4.18 -6.456 0 -0.163185 0 0
0 0 0 1430216573 977635 0 0 0 -4.177 -6.456 0 -0.135645 0 0
0 0 0 1430216574 17637 0 0 0 -4.173 -6.456 0 -0.108105 0 0
0 0 0 1430216574 57638 0 0 0 -4.169 -6.457 0 -0.0805653 0 0
0 0 0 1430216574 97651 0 0 0 -4.165 -6.457 0 -0.0530253 0 0
0 0 0 1430216574 137626 0 0 0 -4.161 -6.457 0 -0.0239553 0 0
0 0 0 1430216574 177649 0 0 0 -4.157 -6.457 0 0.01989 0 0
0 0 0 1430216574 217648 0 0 0 -4.153 -6.457 0 0.04743 0 0
0 0 0 1430216574 257771 0 0 0 -4.15 -6.457 0 0.07497 0 0
0 0 0 1430216574 297775 0 0 0 -4.146 -6.456 0 0.10251 0 0
0 0 0 1430216574 337810 0 0 0 -4.142 -6.456 0 0.13005 0 0
0 0 0 1430216574 377778 0 0 0 -4.138 -6.455 0 0.15759 0 0
0 0 0 1430216574 417810 0 0 0 -4.134 -6.455 0 0.18666 0 0
0 0 0 1430216574 457782 0 0 0 -4.13 -6.454 0 0.2142 0 0
0 0 0 1430216574 497912 0 0 0 -4.127 -6.453 0 0.24174 0 0
0 0 0 1430216574 537908 0 0 0 -4.123 -6.452 0 0.26928 0 0
0 0 0 1430216574 577903 0 0 0 -4.119 -6.451 0 0.29682 0 0
0 0 0 1430216574 617908 0 0 0 -4.116 -6.45 0 0.32436 0 0
0 0 0 1430216574 657899 0 0 0 -4.112 -6.449 0 0.35343 0 0
0 0 0 1430216574 697906 0 0 0 -4.108 -6.447 0 0.38097 0 0
0 0 0 1430216574 737889 0 0 0 -4.105 -6.446 0 0.40851 0 0
0 0 0 1430216574 777903 0 0 0 -4.101 -6.444 0 0.43758 0 0
0 0 0 1430216574 818003 0 0 0 -4.098 -6.442 0 0.46512 0 0
0 0 0 1430216574 858021 0 0 0 -4.094 -6.441 0 0.49266 0 0
0 0 0 1430216574 898036 0 0 0 -4.091 -6.439 0 0.5202 0 0
0 0 0 1430216574 938027 0 0 0 -4.088 -6.437 0 0.54774 0 0
0 0 0 1430216574 978000 0 0 0 -4.084 -6.435 0 0.57528 0 0
0 0 0 1430216575 18026 0 0 0 -4.081 -6.433 0 0.60282 0 0
0 0 0 1430216575 58009 0 0 0 -4.078 -6.43 0 0.63036 0 0
0 0 0 1430216575 98152 0 0 0 -4.075 -6.428 0 0.65943 0 0
0 0 0 1430216575 138148 0 0 0 -4.072 -6.426 0 0.68697 0 0
0 0 0 1430216575 178155 0 0 0 -4.069 -6.423 0 0.71451 0 0
0 0 0 1430216575 218157 0 0 0 -4.066 -6.421 0 0.74205 0 0
0 0 0 1430216575 258279 0 0 0 -4.063 -6.418 0 0.76959 0 0
0 0 0 1430216575 298285 0 0 0 -4.061 -6.415 0 0.79866 0 0
0 0 0 1430216575 338283 0 0 0 -4.058 -6.412 0 0.8262 0 0
0 0 0 1430216575 378314 0 0 0 -4.055 -6.41 0 0.85374 0 0
0 0 0 1430216575 418311 0 0 0 -4.053 -6.407 0 0.88128 0 0
0 0 0 1430216575 458292 0 0 0 -4.05 -6.404 0 0.90882 0 0
0 0 0 1430216575 498280 0 0 0 -4.048 -6.401 0 0.93636 0 0
0 0 0 1430216575 538291 0 0 0 -4.046 -6.397 0 0.9639 0 0
0 0 0 1430216575 578276 0 0 0 -4.044 -6.394 0 0.99144 0 0
0 0 0 1430216575 618286 0 0 0 -4.042 -6.391 0 1.02051 0 0
0 0 0 1430216575 658403 0 0 0 -4.04 -6.388 0 1.04805 0 0
0 0 0 1430216575 698407 0 0 0 -4.038 -6.384 0 1.07559 0 0
0 0 0 1430216575 738433 0 0 0 -4.036 -6.381 0 1.10466 0 0
0 0 0 1430216575 778456 0 0 0 -4.034 -6.377 0 1.1322 0 0
0 0 0 1430216575 818425 0 0 0 -4.033 -6.374 0 1.15974 0 0
0 0 0 1430216575 858407 0 0 0 -4.032 -6.371 0 1.18728 0 0
0 0 0 1430216575 898404 0 0 0 -4.031 -6.368 0 1.21482 0 0
0 0 0 1430216575 938436 0 0 0 -4.03 -6.366 0 1.24236 0 0
0 0 0 1430216575 978508 0 0 0 -4.029 -6.364 0 1.2699 0 0
0 0 0 1430216576 18532 0 0 0 -4.029 -6.363 0 1.29897 0 0
0 0 0 1430216576 58500 0 0 0 -4.029 -6.362 0 1.32804 0 0
0 0 0 1430216576 98534 0 0 0 -4.029 -6.362 0 1.35558 0 0
0 0 0 1430216576 138491 0 0 0 -4.029 -6.362 0 1.38159 0 0
0 0 0 1430216576 178532 0 0 0 -4.029 -6.362 0 1.40913 0 0
0 0 0 1430216576 218505 0 0 0 -4.029 -6.362 0 1.43667 0 0
0 0 0 1430216576 258649 0 0 0 -4.029 -6.362 0 1.46421 0 0
0 0 0 1430216576 298634 0 0 0 -4.029 -6.362 0 1.49175 0 0
0 0 0 1430216576 338683 0 0 0 -4.029 -6.362 0 1.51929 0 0
0 0 0 1430216576 378625 0 0 0 -4.029 -6.362 0 1.54836 0 0
0 0 0 1430216576 418679 0 0 0 -4.029 -6.362 0 1.5759 0 0
0 0 0 1430216576 458685 0 0 0 -4.029 -6.362 0 1.60497 0 0
0 0 0 1430216576 498671 0 0 0 -4.029 -6.362 0 1.63251 0 0
0 0 0 1430216576 538671 0 0 0 -4.029 -6.362 0 1.66005 0 0
0 0 0 1430216576 578744 0 0 0 -4.029 -6.362 0 1.68759 0 0
0 0 0 1430216576 618679 0 0 0 -4.029 -6.362 0 1.71513 0 0
0 0 0 1430216576 658702 0 0 0 -4.029 -6.362 0 1.74267 0 0
0 0 0 1430216576 698699 0 0 0 -4.029 -6.362 0 1.77021 0 0
0 0 0 1430216576 738694 0 0 0 -4.029 -6.362 0 1.79928 0 0
0 0 0 1430216576 778669 0 0 0 -4.029 -6.362 0 1.82682 0 0
0 0 0 1430216576 818700 0 0 0 -4.029 -6.362 0 1.85436 0 0
0 0 0 1430216576 858833 0 0 0 -4.029 -6.362 0 1.88343 0 0
0 0 0 1430216576 898818 0 0 0 -4.029 -6.362 0 1.91097 0 0
0 0 0 1430216576 938814 0 0 0 -4.029 -6.362 0 1.94004 0 0
0 0 0 1430216576 978794 0 0 0 -4.029 -6.362 0 1.96911 0 0
0 0 0 1430216577 18823 0 0 0 -4.029 -6.362 0 1.99665 0 0
0 0 0 1430216577 58822 0 0 0 -4.029 -6.362 0 2.02725 0 0
0 0 0 1430216577 98824 0 0 0 -4.029 -6.362 0 2.05632 0 0
0 0 0 1430216577 138942 0 0 0 -4.029 -6.362 0 2.08539 0 0
0 0 0 1430216577 178941 0 0 0 -4.029 -6.362 0 2.11446 0 0
0 0 0 1430216577 218945 0 0 0 -4.029 -6.362 0 2.14353 0 0
0 0 0 1430216577 239045 0 0 0 -4.029 -6.362 0 2.1573 0 0
0 0 0 1430216577 259415 0 0 0 -4.029 -6.362 0 2.1726 0 0
0 0 0 1430216577 298973 0 0 0 -4.029 -6.362 0 2.20167 0 0
0 0 0 1430216577 338948 0 0 0 -4.029 -6.362 0 2.23074 0 0
0 0 0 1430216577 378947 0 0 0 -4.029 -6.362 0 2.25981 0 0
0 0 0 1430216577 418942 0 0 0 -4.029 -6.362 0 2.28888 0 0
0 0 0 1430216577 459068 0 0 0 -4.029 -6.362 0 2.31948 0 0
0 0 0 1430216577 499079 0 0 0 -4.029 -6.362 0 2.34855 0 0
0 0 0 1430216577 539066 0 0 0 -4.029 -6.362 0 2.37762 0 0
0 0 0 1430216577 579071 0 0 0 -4.029 -6.362 0 2.40669 0 0
0 0 0 1430216577 599215 0 0 0 -4.029 -6.362 0 2.42046 0 0
0 0 0 1430216577 619194 0 0 0 -4.029 -6.362 0 2.43576 0 0
0 0 0 1430216577 639196 0 0 0 -4.029 -6.362 0 2.44953 0 0
0 0 0 1430216577 679192 0 0 0 -4.029 -6.362 0 2.4786 0 0
0 0 0 1430216577 719211 0 0 0 -4.029 -6.362 0 2.50767 0 0
0 0 0 1430216577 759195 0 0 0 -4.029 -6.362 0 2.53827 0 0
0 0 0 1430216577 799205 0 0 0 -4.029 -6.362 0 2.56581 0 0
0 0 0 1430216577 839197 0 0 0 -4.029 -6.362 0 2.59488 0 0
0 0 0 1430216577 879208 0 0 0 -4.029 -6.362 0 2.62395 0 0
0 0 0 1430216577 919197 0 0 0 -4.029 -6.362 0 2.65302 0 0
0 0 0 1430216577 959205 0 0 0 -4.029 -6.362 0 2.68362 0 0
0 0 0 1430216577 999332 0 0 0 -4.029 -6.362 0 2.71269 0 0
0 0 0 1430216578 39320 0 0 0 -4.029 -6.362 0 2.74176 0 0
0 0 0 1430216578 79384 0 0 0 -4.029 -6.362 0 2.77083 0 0
0 0 0 1430216578 119327 0 0 0 -4.029 -6.362 0 2.7999 0 0
0 0 0 1430216578 159320 0 0 0 -4.029 -6.362 0 2.82897 0 0
0 0 0 1430216578 199322 0 0 0 -4.029 -6.362 0 2.85804 0 0
0 0 0 1430216578 239324 0 0 0 -4.029 -6.362 0 2.88711 0 0
0 0 0 1430216578 279333 0 0 0 -4.029 -6.362 0 2.91771 0 0
0 0 0 1430216578 319442 0 0 0 -4.029 -6.362 0 2.94678 0 0
0 0 0 1430216578 359442 0 0 0 -4.029 -6.362 0 2.97585 0 0
0 0 0 1430216578 399443 0 0 0 -4.029 -6.362 0 3.00492 0 0
0 0 0 1430216578 439445 0 0 0 -4.029 -6.362 0 3.03246 0 0
0 0 0 1430216578 479446 0 0 0 -4.029 -6.362 0 3.06306 0 0
0 0 0 1430216578 519572 0 0 0 -4.029 -6.362 0 3.09213 0 0
0 0 0 1430216578 559479 0 0 0 -4.029 -6.362 0 3.1212 0 0
0 0 0 1430216578 599578 0 0 0 -4.029 -6.362 0 -3.13139 0 0
0 0 0 1430216578 639576 0 0 0 -4.029 -6.362 0 -3.10538 0 0
0 0 0 1430216578 679574 0 0 0 -4.029 -6.362 0 -3.0809 0 0
0 0 0 1430216578 719572 0 0 0 -4.029 -6.362 0 -3.06101 0 0
0 0 0 1430216578 759567 0 0 0 -4.028 -6.362 0 -3.04418 0 0
0 0 0 1430216578 799570 0 0 0 -4.028 -6.362 0 -3.03194 0 0
0 0 0 1430216578 839665 0 0 0 -4.028 -6.362 0 -3.02123 0 0
0 0 0 1430216578 879740 0 0 0 -4.029 -6.362 0 -3.01205 0 0
0 0 0 1430216578 919780 0 0 0 -4.029 -6.362 0 -3.00593 0 0
0 0 0 1430216578 959771 0 0 0 -4.029 -6.362 0 -3.00287 0 0
0 0 0 1430216578 999813 0 0 0 -4.029 -6.362 0 -3.00287 0 0
0 0 0 1430216579 39752 0 0 0 -4.029 -6.362 0 -3.00287 0 0
0 0 0 1430216579 79788 0 0 0 -4.029 -6.362 0 -3.00287 0 0
0 0 0 1430216579 119741 0 0 0 -4.029 -6.362 0 -3.00287 0 0
0 0 0 1430216579 159901 0 0 0 -4.029 -6.362 0 -3.00287 0 0
0 0 0 1430216579 199876 0 0 0 -4.029 -6.362 0 -3.00134 0 0
0 0 0 1430216579 239941 0 0 0 -4.029 -6.362 0 -3.00287 0 0
0 0 0 1430216579 279891 0 0 0 -4.029 -6.362 0 -3.00287 0 0
0 0 0 1430216579 319903 0 0 0 -4.029 -6.362 0 -3.00287 0 0
0 0 0 1430216579 359898 0 0 0 -4.029 -6.362 0 -3.00287 0 0
0 0 0 1430216579 399910 0 0 0 -4.029 -6.362 0 -3.00593 0 0
0 0 0 1430216579 440023 0 0 0 -4.029 -6.362 0 -3.01511 0 0
0 0 0 1430216579 480065 0 0 0 -4.029 -6.362 0 -3.02582 0 0
0 0 0 1430216579 520037 0 0 0 -4.029 -6.362 0 -3.03806 0 0
0 0 0 1430216579 560033 0 0 0 -4.029 -6.362 0 -3.0503 0 0
0 0 0 1430216579 600036 0 0 0 -4.029 -6.362 0 -3.06407 0 0
0 0 0 1430216579 640032 0 0 0 -4.029 -6.362 0 -3.07631 0 0
0 0 0 1430216579 680042 0 0 0 -4.029 -6.362 0 -3.08702 0 0
0 0 0 1430216579 720038 0 0 0 -4.029 -6.362 0 -3.09467 0 0
0 0 0 1430216579 760162 0 0 0 -4.029 -6.362 0 -3.09926 0 0
0 0 0 1430216579 800154 0 0 0 -4.029 -6.362 0 -3.10079 0 0
0 0 0 1430216579 840157 0 0 0 -4.029 -6.362 0 -3.10232 0 0
0 0 0 1430216579 880160 0 0 0 -4.029 -6.362 0 -3.10232 0 0
0 0 0 1430216579 920317 0 0 0 -4.029 -6.362 0 -3.10232 0 0
0 0 0 1430216579 960318 0 0 0 -4.029 -6.362 0 -3.10232 0 0
0 0 0 1430216580 287 0 0 0 -4.029 -6.362 0 -3.10232 0 0
0 0 0 1430216580 40271 0 0 0 -4.029 -6.362 0 -3.10232 0 0
0 0 0 1430216580 80286 0 0 0 -4.029 -6.362 0 -3.10232 0 0
0 0 0 1430216580 120272 0 0 0 -4.029 -6.362 0 -3.10232 0 0
0 0 0 1430216580 160280 0 0 0 -4.029 -6.362 0 -3.10232 0 0
0 0 0 1430216580 200292 0 0 0 -4.029 -6.362 0 -3.10232 0 0
0 0 0 1430216580 240286 0 0 0 -4.029 -6.362 0 -3.10232 0 0
0 0 0 1430216580 280256 0 0 0 -4.029 -6.362 0 -3.10232 0 0
0 0 0 1430216580 320405 0 0 0 -4.029 -6.362 0 -3.10232 0 0
0 0 0 1430216580 360392 0 0 0 -4.029 -6.362 0 -3.10232 0 0
0 0 0 1430216580 400402 0 0 0 -4.029 -6.362 0 -3.10232 0 0
0 0 0 1430216580 440402 0 0 0 -4.029 -6.362 0 -3.10232 0 0
0 0 0 1430216580 480404 0 0 0 -4.029 -6.362 0 -3.10232 0 0
0 0 0 1430216580 520441 0 0 0 -4.029 -6.362 0 -3.10232 0 0
0 0 0 1430216580 540391 0 0 0 -4.029 -6.362 0 -3.10232 0 0
0 0 0 1430216580 560531 0 0 0 -4.029 -6.362 0 -3.10232 0 0
0 0 0 1430216580 600410 0 0 0 -4.029 -6.362 0 -3.10232 0 0
0 0 0 1430216580 640528 0 0 0 -4.029 -6.362 0 -3.10232 0 0
0 0 0 1430216580 680535 0 0 0 -4.029 -6.362 0 -3.10232 0 0
0 0 0 1430216580 720532 0 0 0 -4.029 -6.362 0 -3.10232 0 0
0 0 0 1430216580 760533 0 0 0 -4.029 -6.362 0 -3.10232 0 0
0 0 0 1430216580 800521 0 0 0 -4.029 -6.362 0 -3.10232 0 0
0 0 0 1430216580 840536 0 0 0 -4.029 -6.362 0 -3.10232 0 0
0 0 0 1430216580 880509 0 0 0 -4.029 -6.362 0 -3.10232 0 0
0 0 0 1430216580 920659 0 0 0 -4.029 -6.362 0 -3.10232 0 0
0 0 0 1430216580 960625 0 0 0 -4.029 -6.362 0 -3.10232 0 0
0 0 0 1430216581 670 0 0 0 -4.029 -6.362 0 -3.10232 0 0
0 0 0 1430216581 40658 0 0 0 -4.029 -6.362 0 -3.10232 0 0
0 0 0 1430216581 80662 0 0 0 -4.029 -6.362 0 -3.10232 0 0
0 0 0 1430216581 120634 0 0 0 -4.029 -6.362 0 -3.10232 0 0
0 0 0 1430216581 160657 0 0 0 -4.029 -6.362 0 -3.10232 0 0
0 0 0 1430216581 200760 0 0 0 -4.029 -6.362 0 -3.10232 0 0
0 0 0 1430216581 240779 0 0 0 -4.029 -6.362 0 -3.10232 0 0
0 0 0 1430216581 280759 0 0 0 -4.029 -6.362 0 -3.10232 0 0
0 0 0 1430216581 320789 0 0 0 -4.029 -6.362 0 -3.10232 0 0
0 0 0 1430216581 360772 0 0 0 -4.029 -6.362 0 -3.10232 0 0
0 0 0 1430216581 400760 0 0 0 -4.029 -6.362 0 -3.10232 0 0
0 0 0 1430216581 440778 0 0 0 -4.029 -6.362 0 -3.10232 0 0
0 0 0 1430216581 480945 0 0 0 -4.029 -6.362 0 -3.10232 0 0
0 0 0 1430216581 520908 0 0 0 -4.029 -6.362 0 -3.10232 0 0
0 0 0 1430216581 560909 0 0 0 -4.029 -6.362 0 -3.10232 0 0
0 0 0 1430216581 600881 0 0 0 -4.029 -6.362 0 -3.10232 0 0
0 0 0 1430216581 640908 0 0 0 -4.029 -6.362 0 -3.10232 0 0
0 0 0 1430216581 680885 0 0 0 -4.029 -6.362 0 -3.10232 0 0
0 0 0 1430216581 720911 0 0 0 -4.029 -6.362 0 -3.10232 0 0
0 0 0 1430216581 760897 0 0 0 -4.029 -6.362 0 -3.10232 0 0
0 0 0 1430216581 801030 0 0 0 -4.029 -6.362 0 -3.10232 0 0
0 0 0 1430216581 841015 0 0 0 -4.029 -6.362 0 -3.10232 0 0
0 0 0 1430216581 881026 0 0 0 -4.029 -6.362 0 -3.10232 0 0
0 0 0 1430216581 920998 0 0 0 -4.029 -6.362 0 -3.10232 0 0
0 0 0 1430216581 961030 0 0 0 -4.029 -6.362 0 -3.10232 0 0
0 0 0 1430216582 1022 0 0 0 -4.029 -6.362 0 -3.10232 0 0
0 0 0 1430216582 41032 0 0 0 -4.029 -6.362 0 -3.10232 0 0
0 0 0 1430216582 81140 0 0 0 -4.029 -6.362 0 -3.10232 0 0
0 0 0 1430216582 121162 0 0 0 -4.029 -6.362 0 -3.10232 0 0
0 0 0 1430216582 161119 0 0 0 -4.029 -6.362 0 -3.10232 0 0
0 0 0 1430216582 201154 0 0 0 -4.029 -6.362 0 -3.10232 0 0
0 0 0 1430216582 241274 0 0 0 -4.029 -6.362 0 -3.10232 0 0
0 0 0 1430216582 281298 0 0 0 -4.029 -6.362 0 -3.10232 0 0
0 0 0 1430216582 321269 0 0 0 -4.029 -6.362 0 -3.10232 0 0
0 0 0 1430216582 361202 0 0 0 -4.029 -6.362 0 -3.10232 0 0
0 0 0 1430216582 401198 0 0 0 -4.029 -6.362 0 -3.10232 0 0
0 0 0 1430216582 441207 0 0 0 -4.029 -6.362 0 -3.10232 0 0
0 0 0 1430216582 481203 0 0 0 -4.029 -6.362 0 -3.10232 0 0
0 0 0 1430216582 521197 0 0 0 -4.029 -6.362 0 -3.10232 0 0
0 0 0 1430216582 561204 0 0 0 -4.029 -6.362 0 -3.10232 0 0
0 0 0 1430216582 601196 0 0 0 -4.029 -6.362 0 -3.10232 0 0
0 0 0 1430216582 641324 0 0 0 -4.029 -6.362 0 -3.10232 0 0
0 0 0 1430216582 681322 0 0 0 -4.029 -6.362 0 -3.10232 0 0
0 0 0 1430216582 721329 0 0 0 -4.029 -6.362 0 -3.10232 0 0
0 0 0 1430216582 761324 0 0 0 -4.029 -6.362 0 -3.10232 0 0
0 0 0 1430216582 801323 0 0 0 -4.029 -6.362 0 -3.10232 0 0
0 0 0 1430216582 821326 0 0 0 -4.029 -6.362 0 -3.10232 0 0
0 0 0 1430216582 841321 0 0 0 -4.029 -6.362 0 -3.10232 0 0
0 0 0 1430216582 881376 0 0 0 -4.029 -6.362 0 -3.10232 0 0
0 0 0 1430216582 921323 0 0 0 -4.029 -6.362 0 -3.10232 0 0
0 0 0 1430216582 961445 0 0 0 -4.029 -6.362 0 -3.10232 0 0
0 0 0 1430216583 1448 0 0 0 -4.029 -6.362 0 -3.10232 0 0
0 0 0 1430216583 41445 0 0 0 -4.029 -6.362 0 -3.10232 0 0
0 0 0 1430216583 81442 0 0 0 -4.029 -6.362 0 -3.10232 0 0
0 0 0 1430216583 121631 0 0 0 -4.029 -6.362 0 -3.10232 0 0
0 0 0 1430216583 161557 0 0 0 -4.029 -6.362 0 -3.10232 0 0
0 0 0 1430216583 201526 0 0 0 -4.029 -6.362 0 -3.10232 0 0
0 0 0 1430216583 241668 0 0 0 -4.029 -6.362 0 -3.10232 0 0
0 0 0 1430216583 281541 0 0 0 -4.029 -6.362 0 -3.10232 0 0
0 0 0 1430216583 321694 0 0 0 -4.029 -6.362 0 -3.10232 0 0
0 0 0 1430216583 361691 0 0 0 -4.029 -6.362 0 -3.10232 0 0
0 0 0 1430216583 401655 0 0 0 -4.029 -6.362 0 -3.10232 0 0
0 0 0 1430216583 441652 0 0 0 -4.029 -6.362 0 -3.10232 0 0
0 0 0 1430216583 481664 0 0 0 -4.029 -6.362 0 -3.10232 0 0
0 0 0 1430216583 521777 0 0 0 -4.029 -6.362 0 -3.10232 0 0
0 0 0 1430216583 561807 0 0 0 -4.029 -6.362 0 -3.10232 0 0
0 0 0 1430216583 601781 0 0 0 -4.029 -6.362 0 -3.10232 0 0
0 0 0 1430216583 641726 0 0 0 -4.029 -6.362 0 -3.10232 0 0
0 0 0 1430216583 661783 0 0 0 -4.029 -6.362 0 -3.10232 0 0
0 0 0 1430216583 681788 0 0 0 -4.029 -6.362 0 -3.10232 0 0
0 0 0 1430216583 721752 0 0 0 -4.029 -6.362 0 -3.10232 0 0
0 0 0 1430216583 761787 0 0 0 -4.029 -6.362 0 -3.10232 0 0
0 0 0 1430216583 801801 0 0 0 -4.029 -6.362 0 -3.10232 0 0
