door169interval_start179end356
157
0.0088082
156 1.56492 1.49 1.5708
155 1.55611 1.51 1.5708
154 1.54731 1.52 1.5708
153 1.5385 1.57 1.5708
152 1.52969 1.59 1.5708
151 1.52088 1.61 1.5708
150 1.51207 1.65 1.5708
149 1.50327 1.68 1.5708
148 1.49446 1.65 1.5708
147 1.48565 1.64 1.5708
146 1.47684 1.64 1.5708
145 1.46803 1.63 1.5708
144 1.45922 1.65 1.5708
143 1.45042 1.68 1.5708
142 1.44161 1.71 1.5708
141 1.25664 3.46 1.5708
140 1.24783 3.44 1.5708
139 1.23902 3.45 1.5708
138 1.23021 3.19 1.5708
137 1.2214 3.14 1.5708
136 1.21259 2.64 1.5708
135 1.20379 2.62 1.5708
134 1.19498 2.7 1.5708
133 1.18617 3.73 1.5708
132 1.17736 3.73 1.5708
131 1.16855 3.73 1.5708
130 1.15975 3.72 1.5708
129 1.15094 2.36 1.5708
128 1.14213 2.34 1.5708
127 1.13332 2.36 1.5708
126 1.12451 2.36 1.5708
125 1.1157 2.37 1.5708
124 1.1069 2.37 1.5708
123 1.09809 2.39 1.5708
122 1.08928 2.4 1.5708
121 1.08047 2.42 1.5708
120 1.07166 2.42 1.5708
119 1.06286 2.44 1.5708
118 1.05405 2.45 1.5708
117 1.04524 2.46 1.5708
116 1.03643 2.47 1.5708
115 1.02762 2.48 1.5708
114 1.01881 2.49 1.5708
113 1.01001 2.51 1.5708
112 1.0012 2.52 1.5708
111 0.99239 2.54 1.5708
110 0.983582 2.54 1.5708
109 0.974773 2.54 1.5708
108 0.957157 3.55 1.5708
107 0.948349 3.43 1.5708
106 0.939541 3.48 1.5708
105 0.930732 3.73 1.5708
104 0.921924 3.12 1.5708
103 0.913116 3.1 1.5708
102 0.904308 2.97 1.5708
101 0.8955 2.88 1.5708
100 0.886691 2.8 1.5708
99 0.877883 2.78 1.5708
98 0.869075 1.94 1.5708
97 0.860267 1.71 1.5708
96 0.851459 1.68 1.5708
95 0.84265 1.66 1.5708
94 0.833842 1.67 1.5708
93 0.825034 1.67 1.5708
92 0.816226 1.63 1.5708
91 0.807418 1.58 1.5708
90 0.798609 1.52 1.5708
89 0.789801 1.47 1.5708
88 0.780993 1.42 1.5708
87 0.772185 1.38 1.5708
86 0.763377 1.34 1.5708
85 0.754568 1.3 1.5708
84 0.74576 1.26 1.5708
83 0.736952 1.23 1.5708
82 0.728144 1.19 1.5708
81 0.719336 1.16 1.5708
80 0.710527 1.13 1.5708
79 0.701719 1.1 1.5708
78 0.692911 1.11 1.5708
77 0.684103 1.11 1.5708
76 0.675295 1.12 1.5708
75 0.666486 1.11 1.5708
74 0.657678 1.11 1.5708
73 0.64887 1.12 1.5708
72 0.640062 1.13 1.5708
71 0.631254 1.13 1.5708
70 0.622445 1.13 1.5708
69 0.613637 1.14 1.5708
68 0.604829 1.15 1.5708
67 0.596021 1.15 1.5708
66 0.587213 1.16 1.5708
65 0.578404 1.16 1.5708
64 0.569596 1.16 1.5708
63 0.560788 1.17 1.5708
62 0.55198 1.18 1.5708
61 0.543172 1.16 1.5708
60 0.534363 1.16 1.5708
59 0.525555 1.17 1.5708
58 0.516747 1.17 1.5708
57 0.507939 1.18 1.5708
56 0.499131 1.18 1.5708
55 0.490322 1.19 1.5708
54 0.481514 1.2 1.5708
53 0.472706 1.21 1.5708
52 0.463898 1.22 1.5708
51 0.45509 1.23 1.5708
50 0.446281 1.24 1.5708
49 0.437473 1.23 1.5708
48 0.428665 1.24 1.5708
47 0.419857 1.26 1.5708
46 0.411049 1.26 1.5708
45 0.40224 1.27 1.5708
44 0.393432 1.27 1.5708
43 0.384624 1.29 1.5708
42 0.375816 1.3 1.5708
41 0.367008 1.31 1.5708
40 0.358199 1.32 1.5708
39 0.349391 1.32 1.5708
38 0.340583 1.33 1.5708
37 0.331775 1.36 1.5708
36 0.322967 1.36 1.5708
35 0.314158 1.36 1.5708
34 0.30535 1.39 1.5708
33 0.296542 1.39 1.5708
32 0.287734 1.4 1.5708
31 0.278926 1.42 1.5708
30 0.270117 1.43 1.5708
29 0.261309 1.44 1.5708
28 0.252501 1.46 1.5708
27 0.243693 1.47 1.5708
26 0.234885 1.49 1.5708
25 0.226076 1.5 1.5708
24 0.217268 1.52 1.5708
23 0.20846 1.54 1.5708
22 0.199652 1.55 1.5708
21 0.190844 1.56 1.5708
20 0.182035 1.57 1.5708
19 0.173227 1.59 1.5708
18 0.164419 1.61 1.5708
17 0.155611 1.63 1.5708
16 0.146803 1.65 1.5708
15 0.137994 1.67 1.5708
14 0.129186 1.69 1.5708
13 0.120378 1.71 1.5708
12 0.11157 1.73 1.5708
11 0.102762 1.76 1.5708
10 0.0939535 1.77 1.5708
9 0.0851453 1.8 1.5708
8 0.0763371 1.83 1.5708
7 0.0675289 1.84 1.5708
6 0.0587207 1.86 1.5708
5 0.0499125 1.89 1.5708
4 0.0411043 1.92 1.5708
3 0.0322961 1.95 1.5708
2 0.0234879 1.98 1.5708
1 0.0146797 2.01 1.5708
0 0.00587147 2.04 1.5708
