0 0 0 1430217614 625503 0 0 0 1.169 -2.136 0 2.97738 0 0
0 0 0 1430217614 645486 0 0 0 1.169 -2.136 0 2.97738 0 0
0 0 0 1430217614 665490 0 0 0 1.169 -2.136 0 2.97738 0 0
0 0 0 1430217614 685488 0 0 0 1.169 -2.136 0 2.97738 0 0
0 0 0 1430217614 705501 0 0 0 1.169 -2.136 0 2.97738 0 0
0 0 0 1430217614 725545 0 0 0 1.169 -2.136 0 2.97738 0 0
0 0 0 1430217614 745533 0 0 0 1.169 -2.136 0 2.97738 0 0
0 0 0 1430217614 765660 0 0 0 1.169 -2.136 0 2.97738 0 0
0 0 0 1430217614 785516 0 0 0 1.169 -2.136 0 2.97738 0 0
0 0 0 1430217614 805497 0 0 0 1.169 -2.136 0 2.97738 0 0
0 0 0 1430217614 825463 0 0 0 1.169 -2.136 0 2.97738 0 0
0 0 0 1430217614 845566 0 0 0 1.169 -2.136 0 2.97738 0 0
0 0 0 1430217614 865522 0 0 0 1.169 -2.136 0 2.97738 0 0
0 0 0 1430217614 885528 0 0 0 1.169 -2.136 0 2.97738 0 0
0 0 0 1430217614 905597 0 0 0 1.169 -2.136 0 2.97738 0 0
0 0 0 1430217614 925651 0 0 0 1.169 -2.136 0 2.97738 0 0
0 0 0 1430217614 945643 0 0 0 1.169 -2.136 0 2.97738 0 0
0 0 0 1430217614 965637 0 0 0 1.169 -2.136 0 2.97738 0 0
0 0 0 1430217614 985651 0 0 0 1.169 -2.136 0 2.97738 0 0
0 0 0 1430217615 5618 0 0 0 1.169 -2.136 0 2.97738 0 0
0 0 0 1430217615 25791 0 0 0 1.169 -2.136 0 2.97738 0 0
0 0 0 1430217615 45814 0 0 0 1.169 -2.136 0 2.97738 0 0
0 0 0 1430217615 65649 0 0 0 1.169 -2.136 0 2.97738 0 0
0 0 0 1430217615 85637 0 0 0 1.169 -2.136 0 2.97738 0 0
0 0 0 1430217615 105772 0 0 0 1.169 -2.136 0 2.97738 0 0
0 0 0 1430217615 125776 0 0 0 1.169 -2.136 0 2.97738 0 0
0 0 0 1430217615 145683 0 0 0 1.169 -2.136 0 2.97738 0 0
0 0 0 1430217615 165760 0 0 0 1.169 -2.136 0 2.97738 0 0
0 0 0 1430217615 185642 0 0 0 1.169 -2.136 0 2.97738 0 0
0 0 0 1430217615 205804 0 0 0 1.169 -2.136 0 2.97738 0 0
0 0 0 1430217615 225797 0 0 0 1.169 -2.136 0 2.97738 0 0
0 0 0 1430217615 245769 0 0 0 1.169 -2.136 0 2.97738 0 0
0 0 0 1430217615 265721 0 0 0 1.169 -2.136 0 2.97738 0 0
0 0 0 1430217615 285746 0 0 0 1.169 -2.136 0 2.97738 0 0
0 0 0 1430217615 305755 0 0 0 1.169 -2.136 0 2.97738 0 0
0 0 0 1430217615 325742 0 0 0 1.169 -2.136 0 2.97738 0 0
0 0 0 1430217615 345793 0 0 0 1.169 -2.136 0 2.97738 0 0
0 0 0 1430217615 365906 0 0 0 1.169 -2.136 0 2.97738 0 0
0 0 0 1430217615 385768 0 0 0 1.169 -2.136 0 2.97738 0 0
0 0 0 1430217615 405784 0 0 0 1.169 -2.136 0 2.97738 0 0
0 0 0 1430217615 425845 0 0 0 1.169 -2.136 0 2.97738 0 0
0 0 0 1430217615 445918 0 0 0 1.169 -2.136 0 2.97738 0 0
0 0 0 1430217615 465891 0 0 0 1.169 -2.136 0 2.97738 0 0
0 0 0 1430217615 485893 0 0 0 1.169 -2.136 0 2.97738 0 0
0 0 0 1430217615 505896 0 0 0 1.169 -2.136 0 2.97738 0 0
0 0 0 1430217615 525930 0 0 0 1.169 -2.136 0 2.97738 0 0
0 0 0 1430217615 545902 0 0 0 1.169 -2.136 0 2.97738 0 0
0 0 0 1430217615 565879 0 0 0 1.169 -2.136 0 2.97738 0 0
0 0 0 1430217615 585909 0 0 0 1.169 -2.136 0 2.97738 0 0
0 0 0 1430217615 605827 0 0 0 1.169 -2.136 0 2.97738 0 0
0 0 0 1430217615 625889 0 0 0 1.169 -2.136 0 2.97738 0 0
0 0 0 1430217615 645901 0 0 0 1.169 -2.136 0 2.97738 0 0
0 0 0 1430217615 665929 0 0 0 1.169 -2.136 0 2.97738 0 0
0 0 0 1430217615 685930 0 0 0 1.169 -2.136 0 2.97738 0 0
0 0 0 1430217615 705929 0 0 0 1.169 -2.136 0 2.97738 0 0
0 0 0 1430217615 725883 0 0 0 1.169 -2.136 0 2.97738 0 0
0 0 0 1430217615 745918 0 0 0 1.169 -2.136 0 2.97738 0 0
0 0 0 1430217615 766024 0 0 0 1.169 -2.136 0 2.97738 0 0
0 0 0 1430217615 786037 0 0 0 1.169 -2.136 0 2.97738 0 0
0 0 0 1430217615 806062 0 0 0 1.169 -2.136 0 2.97738 0 0
0 0 0 1430217615 826027 0 0 0 1.169 -2.136 0 2.97738 0 0
0 0 0 1430217615 846012 0 0 0 1.169 -2.136 0 2.97738 0 0
0 0 0 1430217615 866042 0 0 0 1.169 -2.136 0 2.97738 0 0
0 0 0 1430217615 886041 0 0 0 1.169 -2.136 0 2.97738 0 0
0 0 0 1430217615 905956 0 0 0 1.169 -2.136 0 2.97738 0 0
0 0 0 1430217615 926033 0 0 0 1.169 -2.136 0 2.97738 0 0
0 0 0 1430217615 946025 0 0 0 1.169 -2.136 0 2.97738 0 0
0 0 0 1430217615 966042 0 0 0 1.169 -2.136 0 2.97738 0 0
0 0 0 1430217615 985999 0 0 0 1.169 -2.136 0 2.97738 0 0
0 0 0 1430217616 6020 0 0 0 1.169 -2.136 0 2.97738 0 0
0 0 0 1430217616 26029 0 0 0 1.169 -2.136 0 2.97738 0 0
0 0 0 1430217616 46148 0 0 0 1.169 -2.136 0 2.97738 0 0
0 0 0 1430217616 66144 0 0 0 1.169 -2.136 0 2.97738 0 0
0 0 0 1430217616 86153 0 0 0 1.169 -2.136 0 2.97738 0 0
0 0 0 1430217616 106118 0 0 0 1.169 -2.136 0 2.97738 0 0
0 0 0 1430217616 126140 0 0 0 1.169 -2.136 0 2.97738 0 0
0 0 0 1430217616 146150 0 0 0 1.169 -2.136 0 2.97738 0 0
0 0 0 1430217616 166167 0 0 0 1.169 -2.136 0 2.97738 0 0
0 0 0 1430217616 186154 0 0 0 1.169 -2.136 0 2.97738 0 0
0 0 0 1430217616 206149 0 0 0 1.169 -2.136 0 2.97738 0 0
0 0 0 1430217616 226150 0 0 0 1.169 -2.136 0 2.97738 0 0
0 0 0 1430217616 246128 0 0 0 1.169 -2.136 0 2.97738 0 0
0 0 0 1430217616 266256 0 0 0 1.169 -2.136 0 2.97738 0 0
0 0 0 1430217616 286146 0 0 0 1.169 -2.136 0 2.97738 0 0
0 0 0 1430217616 306299 0 0 0 1.169 -2.136 0 2.97738 0 0
0 0 0 1430217616 326293 0 0 0 1.169 -2.136 0 2.97738 0 0
0 0 0 1430217616 346235 0 0 0 1.169 -2.136 0 2.97738 0 0
0 0 0 1430217616 366264 0 0 0 1.169 -2.136 0 2.97738 0 0
0 0 0 1430217616 386287 0 0 0 1.169 -2.136 0 2.97738 0 0
0 0 0 1430217616 406315 0 0 0 1.169 -2.136 0 2.97738 0 0
0 0 0 1430217616 426276 0 0 0 1.169 -2.136 0 2.97738 0 0
0 0 0 1430217616 446259 0 0 0 1.169 -2.136 0 2.97738 0 0
0 0 0 1430217616 466271 0 0 0 1.169 -2.136 0 2.97738 0 0
0 0 0 1430217616 486271 0 0 0 1.169 -2.136 0 2.97738 0 0
0 0 0 1430217616 506260 0 0 0 1.169 -2.136 0 2.97738 0 0
0 0 0 1430217616 526269 0 0 0 1.169 -2.136 0 2.97738 0 0
0 0 0 1430217616 546261 0 0 0 1.169 -2.136 0 2.97738 0 0
0 0 0 1430217616 566187 0 0 0 1.169 -2.136 0 2.97738 0 0
0 0 0 1430217616 586287 0 0 0 1.169 -2.136 0 2.97738 0 0
0 0 0 1430217616 606428 0 0 0 1.169 -2.136 0 2.97738 0 0
0 0 0 1430217616 626385 0 0 0 1.169 -2.136 0 2.97738 0 0
0 0 0 1430217616 646370 0 0 0 1.169 -2.136 0 2.97738 0 0
0 0 0 1430217616 666390 0 0 0 1.169 -2.136 0 2.97738 0 0
0 0 0 1430217616 686417 0 0 0 1.169 -2.136 0 2.97738 0 0
0 0 0 1430217616 706411 0 0 0 1.169 -2.136 0 2.97738 0 0
0 0 0 1430217616 726387 0 0 0 1.169 -2.136 0 2.97738 0 0
0 0 0 1430217616 746419 0 0 0 1.169 -2.136 0 2.97738 0 0
0 0 0 1430217616 766403 0 0 0 1.169 -2.136 0 2.97738 0 0
0 0 0 1430217616 786416 0 0 0 1.169 -2.136 0 2.97738 0 0
0 0 0 1430217616 806386 0 0 0 1.169 -2.136 0 2.97738 0 0
0 0 0 1430217616 826404 0 0 0 1.169 -2.136 0 2.97738 0 0
0 0 0 1430217616 846395 0 0 0 1.169 -2.136 0 2.97738 0 0
0 0 0 1430217616 866398 0 0 0 1.169 -2.136 0 2.97738 0 0
0 0 0 1430217616 886507 0 0 0 1.169 -2.136 0 2.97738 0 0
0 0 0 1430217616 906462 0 0 0 1.169 -2.136 0 2.97738 0 0
0 0 0 1430217616 926524 0 0 0 1.169 -2.136 0 2.97738 0 0
0 0 0 1430217616 946509 0 0 0 1.169 -2.136 0 2.97738 0 0
0 0 0 1430217616 966473 0 0 0 1.169 -2.136 0 2.97738 0 0
0 0 0 1430217616 986505 0 0 0 1.169 -2.136 0 2.97738 0 0
0 0 0 1430217617 6518 0 0 0 1.169 -2.136 0 2.97738 0 0
0 0 0 1430217617 26530 0 0 0 1.169 -2.136 0 2.97738 0 0
0 0 0 1430217617 46524 0 0 0 1.169 -2.136 0 2.97738 0 0
0 0 0 1430217617 66542 0 0 0 1.169 -2.136 0 2.97738 0 0
0 0 0 1430217617 86515 0 0 0 1.169 -2.136 0 2.97738 0 0
0 0 0 1430217617 106519 0 0 0 1.169 -2.136 0 2.97738 0 0
0 0 0 1430217617 126503 0 0 0 1.169 -2.136 0 2.97738 0 0
0 0 0 1430217617 146510 0 0 0 1.169 -2.136 0 2.97738 0 0
0 0 0 1430217617 166631 0 0 0 1.169 -2.136 0 2.97738 0 0
0 0 0 1430217617 186642 0 0 0 1.169 -2.136 0 2.97738 0 0
0 0 0 1430217617 206669 0 0 0 1.169 -2.136 0 2.97738 0 0
0 0 0 1430217617 226630 0 0 0 1.169 -2.136 0 2.97738 0 0
0 0 0 1430217617 246646 0 0 0 1.169 -2.136 0 2.97738 0 0
0 0 0 1430217617 266780 0 0 0 1.169 -2.136 0 2.97738 0 0
0 0 0 1430217617 286644 0 0 0 1.169 -2.136 0 2.97738 0 0
0 0 0 1430217617 306622 0 0 0 1.169 -2.136 0 2.97738 0 0
0 0 0 1430217617 326769 0 0 0 1.169 -2.136 0 2.97738 0 0
0 0 0 1430217617 346792 0 0 0 1.169 -2.136 0 2.97738 0 0
0 0 0 1430217617 366707 0 0 0 1.169 -2.136 0 2.97738 0 0
0 0 0 1430217617 386669 0 0 0 1.169 -2.136 0 2.97738 0 0
0 0 0 1430217617 406645 0 0 0 1.169 -2.136 0 2.97738 0 0
0 0 0 1430217617 426668 0 0 0 1.169 -2.136 0 2.97738 0 0
0 0 0 1430217617 446652 0 0 0 1.169 -2.136 0 2.97738 0 0
0 0 0 1430217617 466754 0 0 0 1.169 -2.136 0 2.97738 0 0
0 0 0 1430217617 486651 0 0 0 1.169 -2.136 0 2.97738 0 0
0 0 0 1430217617 506814 0 0 0 1.169 -2.136 0 2.97738 0 0
0 0 0 1430217617 526787 0 0 0 1.169 -2.136 0 2.97738 0 0
0 0 0 1430217617 546810 0 0 0 1.169 -2.136 0 2.97738 0 0
0 0 0 1430217617 566770 0 0 0 1.169 -2.136 0 2.97738 0 0
0 0 0 1430217617 586755 0 0 0 1.169 -2.136 0 2.97738 0 0
0 0 0 1430217617 606760 0 0 0 1.169 -2.136 0 2.97738 0 0
0 0 0 1430217617 626761 0 0 0 1.169 -2.136 0 2.97738 0 0
0 0 0 1430217617 646787 0 0 0 1.169 -2.136 0 2.97738 0 0
0 0 0 1430217617 666767 0 0 0 1.169 -2.136 0 2.97738 0 0
0 0 0 1430217617 686753 0 0 0 1.169 -2.136 0 2.97738 0 0
0 0 0 1430217617 706768 0 0 0 1.169 -2.136 0 2.97738 0 0
0 0 0 1430217617 726886 0 0 0 1.169 -2.136 0 2.97738 0 0
0 0 0 1430217617 746912 0 0 0 1.169 -2.136 0 2.97738 0 0
0 0 0 1430217617 766902 0 0 0 1.169 -2.136 0 2.97738 0 0
0 0 0 1430217617 786902 0 0 0 1.169 -2.136 0 2.97738 0 0
0 0 0 1430217617 806897 0 0 0 1.169 -2.136 0 2.97738 0 0
0 0 0 1430217617 826901 0 0 0 1.169 -2.136 0 2.97738 0 0
0 0 0 1430217617 846874 0 0 0 1.169 -2.136 0 2.97738 0 0
0 0 0 1430217617 866925 0 0 0 1.169 -2.136 0 2.97738 0 0
0 0 0 1430217617 886919 0 0 0 1.169 -2.136 0 2.97738 0 0
0 0 0 1430217617 906902 0 0 0 1.169 -2.136 0 2.97738 0 0
0 0 0 1430217617 926906 0 0 0 1.169 -2.136 0 2.97738 0 0
0 0 0 1430217617 946905 0 0 0 1.169 -2.136 0 2.97738 0 0
0 0 0 1430217617 966905 0 0 0 1.169 -2.136 0 2.97738 0 0
0 0 0 1430217617 986913 0 0 0 1.169 -2.136 0 2.97738 0 0
0 0 0 1430217618 6914 0 0 0 1.169 -2.136 0 2.97738 0 0
0 0 0 1430217618 26896 0 0 0 1.169 -2.136 0 2.97738 0 0
0 0 0 1430217618 46900 0 0 0 1.169 -2.136 0 2.97738 0 0
0 0 0 1430217618 66965 0 0 0 1.169 -2.136 0 2.97738 0 0
0 0 0 1430217618 87020 0 0 0 1.169 -2.136 0 2.97738 0 0
0 0 0 1430217618 107040 0 0 0 1.169 -2.136 0 2.97738 0 0
0 0 0 1430217618 127041 0 0 0 1.169 -2.136 0 2.97738 0 0
0 0 0 1430217618 146997 0 0 0 1.169 -2.136 0 2.97738 0 0
0 0 0 1430217618 167050 0 0 0 1.169 -2.136 0 2.97738 0 0
0 0 0 1430217618 187026 0 0 0 1.169 -2.136 0 2.97738 0 0
0 0 0 1430217618 207042 0 0 0 1.169 -2.136 0 2.97738 0 0
0 0 0 1430217618 227017 0 0 0 1.169 -2.136 0 2.97738 0 0
0 0 0 1430217618 246965 0 0 0 1.169 -2.136 0 2.97738 0 0
0 0 0 1430217618 267028 0 0 0 1.169 -2.136 0 2.97738 0 0
0 0 0 1430217618 287006 0 0 0 1.169 -2.136 0 2.97738 0 0
0 0 0 1430217618 307007 0 0 0 1.169 -2.136 0 2.97738 0 0
0 0 0 1430217618 327005 0 0 0 1.169 -2.136 0 2.97738 0 0
0 0 0 1430217618 347163 0 0 0 1.169 -2.136 0 2.97738 0 0
0 0 0 1430217618 367140 0 0 0 1.169 -2.136 0 2.97738 0 0
0 0 0 1430217618 387150 0 0 0 1.169 -2.136 0 2.97738 0 0
0 0 0 1430217618 407181 0 0 0 1.169 -2.136 0 2.97738 0 0
0 0 0 1430217618 427132 0 0 0 1.169 -2.136 0 2.97738 0 0
0 0 0 1430217618 447196 0 0 0 1.169 -2.136 0 2.97738 0 0
0 0 0 1430217618 467165 0 0 0 1.169 -2.136 0 2.97738 0 0
0 0 0 1430217618 487148 0 0 0 1.169 -2.136 0 2.97738 0 0
0 0 0 1430217618 507127 0 0 0 1.169 -2.136 0 2.97738 0 0
0 0 0 1430217618 527126 0 0 0 1.169 -2.136 0 2.97738 0 0
0 0 0 1430217618 547135 0 0 0 1.169 -2.136 0 2.97738 0 0
0 0 0 1430217618 567151 0 0 0 1.169 -2.136 0 2.97738 0 0
0 0 0 1430217618 587126 0 0 0 1.169 -2.136 0 2.97738 0 0
0 0 0 1430217618 607080 0 0 0 1.169 -2.136 0 2.97738 0 0
0 0 0 1430217618 627303 0 0 0 1.169 -2.136 0 2.97738 0 0
0 0 0 1430217618 647145 0 0 0 1.169 -2.136 0 2.97738 0 0
0 0 0 1430217618 667269 0 0 0 1.169 -2.136 0 2.97738 0 0
0 0 0 1430217618 687308 0 0 0 1.169 -2.136 0 2.97738 0 0
0 0 0 1430217618 707272 0 0 0 1.169 -2.136 0 2.97738 0 0
0 0 0 1430217618 727278 0 0 0 1.169 -2.136 0 2.97738 0 0
0 0 0 1430217618 747270 0 0 0 1.169 -2.136 0 2.97738 0 0
0 0 0 1430217618 767323 0 0 0 1.169 -2.136 0 2.97738 0 0
0 0 0 1430217618 787292 0 0 0 1.169 -2.136 0 2.97738 0 0
0 0 0 1430217618 807263 0 0 0 1.169 -2.136 0 2.97738 0 0
0 0 0 1430217618 847325 0 0 0 1.169 -2.136 0 2.97738 0 0
0 0 0 1430217618 887286 0 0 0 1.169 -2.136 0 2.97738 0 0
0 0 0 1430217618 927431 0 0 0 1.169 -2.136 0 2.97738 0 0
0 0 0 1430217618 947365 0 0 0 1.169 -2.136 0 2.97738 0 0
0 0 0 1430217618 967395 0 0 0 1.169 -2.136 0 2.97738 0 0
0 0 0 1430217619 7430 0 0 0 1.169 -2.136 0 2.97738 0 0
0 0 0 1430217619 47389 0 0 0 1.169 -2.136 0 2.97738 0 0
0 0 0 1430217619 87403 0 0 0 1.169 -2.136 0 2.97738 0 0
0 0 0 1430217619 127392 0 0 0 1.169 -2.136 0 2.97738 0 0
0 0 0 1430217619 167398 0 0 0 1.169 -2.136 0 2.97738 0 0
0 0 0 1430217619 187491 0 0 0 1.169 -2.136 0 2.97738 0 0
0 0 0 1430217619 207551 0 0 0 1.169 -2.136 0 2.97738 0 0
0 0 0 1430217619 247518 0 0 0 1.169 -2.136 0 2.97738 0 0
0 0 0 1430217619 287527 0 0 0 1.169 -2.136 0 2.97738 0 0
0 0 0 1430217619 327516 0 0 0 1.169 -2.136 0 2.97738 0 0
0 0 0 1430217619 367513 0 0 0 1.169 -2.136 0 2.97738 0 0
0 0 0 1430217619 407548 0 0 0 1.169 -2.136 0 2.97738 0 0
0 0 0 1430217619 447496 0 0 0 1.169 -2.136 0 2.97738 0 0
0 0 0 1430217619 487669 0 0 0 1.169 -2.136 0 2.97738 0 0
0 0 0 1430217619 527670 0 0 0 1.169 -2.136 0 2.97738 0 0
0 0 0 1430217619 567631 0 0 0 1.169 -2.136 0 2.97738 0 0
0 0 0 1430217619 607634 0 0 0 1.169 -2.136 0 2.97738 0 0
0 0 0 1430217619 647643 0 0 0 1.169 -2.136 0 2.97738 0 0
0 0 0 1430217619 687647 0 0 0 1.169 -2.136 0 2.97738 0 0
0 0 0 1430217619 707701 0 0 0 1.169 -2.136 0 2.97738 0 0
0 0 0 1430217619 727783 0 0 0 1.169 -2.136 0 2.97738 0 0
0 0 0 1430217619 767675 0 0 0 1.169 -2.136 0 2.97738 0 0
0 0 0 1430217619 807680 0 0 0 1.169 -2.136 0 2.97738 0 0
0 0 0 1430217619 847771 0 0 0 1.169 -2.136 0 2.97738 0 0
0 0 0 1430217619 867727 0 0 0 1.169 -2.136 0 2.97738 0 0
0 0 0 1430217619 887758 0 0 0 1.169 -2.136 0 2.97738 0 0
0 0 0 1430217619 927785 0 0 0 1.169 -2.136 0 2.97738 0 0
0 0 0 1430217619 967697 0 0 0 1.169 -2.136 0 2.97738 0 0
0 0 0 1430217620 7766 0 0 0 1.169 -2.136 0 2.97738 0 0
0 0 0 1430217620 47788 0 0 0 1.169 -2.136 0 2.97738 0 0
0 0 0 1430217620 87902 0 0 0 1.169 -2.136 0 2.97738 0 0
0 0 0 1430217620 127919 0 0 0 1.169 -2.136 0 2.97738 0 0
0 0 0 1430217620 167917 0 0 0 1.169 -2.136 0 2.97738 0 0
0 0 0 1430217620 207943 0 0 0 1.169 -2.136 0 2.97738 0 0
0 0 0 1430217620 247900 0 0 0 1.169 -2.136 0 2.97738 0 0
0 0 0 1430217620 287900 0 0 0 1.169 -2.136 0 2.97738 0 0
0 0 0 1430217620 327957 0 0 0 1.169 -2.136 0 2.97738 0 0
0 0 0 1430217620 368036 0 0 0 1.169 -2.136 0 2.97738 0 0
0 0 0 1430217620 408022 0 0 0 1.169 -2.136 0 2.97738 0 0
0 0 0 1430217620 448001 0 0 0 1.169 -2.136 0 2.97738 0 0
0 0 0 1430217620 488048 0 0 0 1.169 -2.136 0 2.97738 0 0
0 0 0 1430217620 528035 0 0 0 1.169 -2.136 0 2.97738 0 0
0 0 0 1430217620 568042 0 0 0 1.169 -2.136 0 2.97738 0 0
0 0 0 1430217620 608050 0 0 0 1.169 -2.136 0 2.97738 0 0
0 0 0 1430217620 648045 0 0 0 1.169 -2.136 0 2.97738 0 0
0 0 0 1430217620 688028 0 0 0 1.169 -2.136 0 2.97738 0 0
0 0 0 1430217620 728159 0 0 0 1.169 -2.136 0 2.97738 0 0
0 0 0 1430217620 768149 0 0 0 1.169 -2.136 0 2.97738 0 0
0 0 0 1430217620 808164 0 0 0 1.169 -2.136 0 2.97738 0 0
0 0 0 1430217620 848165 0 0 0 1.169 -2.136 0 2.97738 0 0
0 0 0 1430217620 888143 0 0 0 1.169 -2.136 0 2.97738 0 0
0 0 0 1430217620 928155 0 0 0 1.169 -2.136 0 2.97738 0 0
0 0 0 1430217620 968186 0 0 0 1.169 -2.136 0 2.97738 0 0
0 0 0 1430217621 8265 0 0 0 1.169 -2.136 0 2.97738 0 0
0 0 0 1430217621 48295 0 0 0 1.169 -2.136 0 2.97738 0 0
0 0 0 1430217621 88288 0 0 0 1.169 -2.136 0 2.97738 0 0
0 0 0 1430217621 128266 0 0 0 1.169 -2.136 0 2.97738 0 0
0 0 0 1430217621 168281 0 0 0 1.169 -2.136 0 2.97738 0 0
0 0 0 1430217621 208317 0 0 0 1.169 -2.136 0 2.97738 0 0
0 0 0 1430217621 248309 0 0 0 1.169 -2.136 0 2.97738 0 0
0 0 0 1430217621 288359 0 0 0 1.169 -2.136 0 2.97738 0 0
0 0 0 1430217621 328423 0 0 0 1.169 -2.136 0 2.97738 0 0
0 0 0 1430217621 368388 0 0 0 1.169 -2.136 0 2.97738 0 0
0 0 0 1430217621 408395 0 0 0 1.169 -2.136 0 2.97738 0 0
0 0 0 1430217621 428386 0 0 0 1.169 -2.136 0 2.97738 0 0
0 0 0 1430217621 448398 0 0 0 1.169 -2.136 0 2.97738 0 0
0 0 0 1430217621 468331 0 0 0 1.169 -2.136 0 2.97738 0 0
0 0 0 1430217621 488435 0 0 0 1.169 -2.136 0 2.97738 0 0
0 0 0 1430217621 528502 0 0 0 1.169 -2.136 0 2.97738 0 0
0 0 0 1430217621 568512 0 0 0 1.169 -2.136 0 2.97738 0 0
0 0 0 1430217621 608538 0 0 0 1.169 -2.136 0 2.97738 0 0
0 0 0 1430217621 648508 0 0 0 1.169 -2.136 0 2.97738 0 0
0 0 0 1430217621 688553 0 0 0 1.169 -2.136 0 2.97738 0 0
0 0 0 1430217621 728521 0 0 0 1.169 -2.136 0 2.97738 0 0
0 0 0 1430217621 768486 0 0 0 1.169 -2.136 0 2.97738 0 0
0 0 0 1430217621 808664 0 0 0 1.169 -2.136 0 2.97738 0 0
0 0 0 1430217621 848545 0 0 0 1.169 -2.136 0 2.97738 0 0
0 0 0 1430217621 888643 0 0 0 1.169 -2.136 0 2.97738 0 0
0 0 0 1430217621 928650 0 0 0 1.169 -2.136 0 2.97738 0 0
0 0 0 1430217621 968795 0 0 0 1.169 -2.136 0 2.97738 0 0
0 0 0 1430217622 8668 0 0 0 1.169 -2.136 0 2.97738 0 0
0 0 0 1430217622 48775 0 0 0 1.169 -2.136 0 2.97738 0 0
0 0 0 1430217622 88798 0 0 0 1.169 -2.136 0 2.97738 0 0
0 0 0 1430217622 128669 0 0 0 1.169 -2.136 0 2.97738 0 0
0 0 0 1430217622 168774 0 0 0 1.169 -2.136 0 2.97738 0 0
0 0 0 1430217622 208787 0 0 0 1.169 -2.136 0 2.97738 0 0
0 0 0 1430217622 248751 0 0 0 1.169 -2.136 0 2.97738 0 0
0 0 0 1430217622 288793 0 0 0 1.169 -2.136 0 2.97738 0 0
0 0 0 1430217622 328772 0 0 0 1.169 -2.136 0 2.97738 0 0
0 0 0 1430217622 368904 0 0 0 1.169 -2.136 0 2.97738 0 0
0 0 0 1430217622 408903 0 0 0 1.169 -2.136 0 2.97738 0 0
0 0 0 1430217622 448895 0 0 0 1.169 -2.136 0 2.97738 0 0
0 0 0 1430217622 488854 0 0 0 1.169 -2.136 0 2.97738 0 0
0 0 0 1430217622 528930 0 0 0 1.169 -2.136 0 2.97738 0 0
0 0 0 1430217622 568832 0 0 0 1.169 -2.136 0 2.97738 0 0
0 0 0 1430217622 608929 0 0 0 1.169 -2.136 0 2.97738 0 0
0 0 0 1430217622 648881 0 0 0 1.169 -2.136 0 2.97738 0 0
0 0 0 1430217622 689029 0 0 0 1.169 -2.136 0 2.97738 0 0
0 0 0 1430217622 728902 0 0 0 1.169 -2.136 0 2.97738 0 0
0 0 0 1430217622 769043 0 0 0 1.169 -2.136 0 2.97738 0 0
0 0 0 1430217622 808970 0 0 0 1.169 -2.136 0 2.97738 0 0
0 0 0 1430217622 849030 0 0 0 1.169 -2.136 0 2.97738 0 0
0 0 0 1430217622 889046 0 0 0 1.169 -2.136 0 2.97738 0 0
0 0 0 1430217622 929051 0 0 0 1.169 -2.136 0 2.97738 0 0
0 0 0 1430217622 969176 0 0 0 1.169 -2.136 0 2.97738 0 0
0 0 0 1430217623 9046 0 0 0 1.169 -2.136 0 2.97738 0 0
0 0 0 1430217623 49152 0 0 0 1.169 -2.136 0 2.97738 0 0
0 0 0 1430217623 89188 0 0 0 1.169 -2.136 0 2.97738 0 0
0 0 0 1430217623 129119 0 0 0 1.169 -2.136 0 2.97738 0 0
0 0 0 1430217623 169168 0 0 0 1.169 -2.136 0 2.97738 0 0
0 0 0 1430217623 209168 0 0 0 1.169 -2.136 0 2.97738 0 0
0 0 0 1430217623 249146 0 0 0 1.169 -2.136 0 2.97738 0 0
0 0 0 1430217623 289148 0 0 0 1.169 -2.136 0 2.97738 0 0
0 0 0 1430217623 329248 0 0 0 1.169 -2.136 0 2.97738 0 0
0 0 0 1430217623 369277 0 0 0 1.169 -2.136 0 2.97738 0 0
0 0 0 1430217623 409276 0 0 0 1.169 -2.136 0 2.97738 0 0
0 0 0 1430217623 449281 0 0 0 1.169 -2.136 0 2.97738 0 0
0 0 0 1430217623 489282 0 0 0 1.169 -2.136 0 2.97738 0 0
0 0 0 1430217623 529261 0 0 0 1.169 -2.136 0 2.97738 0 0
0 0 0 1430217623 569290 0 0 0 1.169 -2.136 0 2.97738 0 0
0 0 0 1430217623 609375 0 0 0 1.169 -2.136 0 2.97738 0 0
0 0 0 1430217623 649403 0 0 0 1.169 -2.136 0 2.97738 0 0
0 0 0 1430217623 689388 0 0 0 1.169 -2.136 0 2.97738 0 0
0 0 0 1430217623 729384 0 0 0 1.169 -2.136 0 2.97738 0 0
0 0 0 1430217623 769438 0 0 0 1.169 -2.136 0 2.97738 0 0
0 0 0 1430217623 809428 0 0 0 1.169 -2.136 0 2.97738 0 0
0 0 0 1430217623 849399 0 0 0 1.169 -2.136 0 2.97738 0 0
0 0 0 1430217623 889407 0 0 0 1.169 -2.136 0 2.97738 0 0
0 0 0 1430217623 929540 0 0 0 1.169 -2.136 0 2.97738 0 0
0 0 0 1430217623 969527 0 0 0 1.169 -2.136 0 2.97738 0 0
0 0 0 1430217624 9566 0 0 0 1.169 -2.136 0 2.97738 0 0
0 0 0 1430217624 49527 0 0 0 1.169 -2.136 0 2.97738 0 0
0 0 0 1430217624 89530 0 0 0 1.169 -2.136 0 2.97738 0 0
0 0 0 1430217624 129476 0 0 0 1.169 -2.136 0 2.97738 0 0
0 0 0 1430217624 169657 0 0 0 1.169 -2.136 0 2.97738 0 0
0 0 0 1430217624 209688 0 0 0 1.169 -2.136 0 2.97738 0 0
0 0 0 1430217624 249640 0 0 0 1.169 -2.136 0 2.97738 0 0
0 0 0 1430217624 289699 0 0 0 1.169 -2.136 0 2.97738 0 0
0 0 0 1430217624 329749 0 0 0 1.169 -2.136 0 2.97738 0 0
0 0 0 1430217624 369787 0 0 0 1.169 -2.136 0 2.97738 0 0
0 0 0 1430217624 409764 0 0 0 1.169 -2.136 0 2.97738 0 0
0 0 0 1430217624 449657 0 0 0 1.169 -2.136 0 2.97738 0 0
0 0 0 1430217624 489672 0 0 0 1.169 -2.136 0 2.97738 0 0
0 0 0 1430217624 529784 0 0 0 1.169 -2.136 0 2.97738 0 0
0 0 0 1430217624 569793 0 0 0 1.169 -2.136 0 2.97738 0 0
0 0 0 1430217624 609782 0 0 0 1.169 -2.136 0 2.97738 0 0
0 0 0 1430217624 649791 0 0 0 1.169 -2.136 0 2.97738 0 0
0 0 0 1430217624 689787 0 0 0 1.169 -2.136 0 2.97738 0 0
0 0 0 1430217624 729925 0 0 0 1.169 -2.136 0 2.97738 0 0
0 0 0 1430217624 769908 0 0 0 1.169 -2.136 0 2.97738 0 0
0 0 0 1430217624 809933 0 0 0 1.169 -2.136 0 2.97738 0 0
0 0 0 1430217624 849906 0 0 0 1.169 -2.136 0 2.97738 0 0
0 0 0 1430217624 889906 0 0 0 1.169 -2.136 0 2.97738 0 0
0 0 0 1430217624 929903 0 0 0 1.169 -2.136 0 2.97738 0 0
0 0 0 1430217624 969902 0 0 0 1.169 -2.136 0 2.97738 0 0
0 0 0 1430217625 9877 0 0 0 1.169 -2.136 0 2.97738 0 0
0 0 0 1430217625 49918 0 0 0 1.169 -2.136 0 2.97738 0 0
0 0 0 1430217625 90017 0 0 0 1.169 -2.136 0 2.97738 0 0
0 0 0 1430217625 130057 0 0 0 1.169 -2.136 0 2.97738 0 0
0 0 0 1430217625 170063 0 0 0 1.169 -2.136 0 2.97738 0 0
0 0 0 1430217625 210029 0 0 0 1.169 -2.136 0 2.97738 0 0
0 0 0 1430217625 250031 0 0 0 1.169 -2.136 0 2.97738 0 0
0 0 0 1430217625 290036 0 0 0 1.169 -2.136 0 2.97738 0 0
0 0 0 1430217625 330080 0 0 0 1.169 -2.136 0 2.97738 0 0
0 0 0 1430217625 370174 0 0 0 1.169 -2.136 0 2.97738 0 0
0 0 0 1430217625 410159 0 0 0 1.169 -2.136 0 2.97738 0 0
0 0 0 1430217625 450154 0 0 0 1.169 -2.136 0 2.97738 0 0
0 0 0 1430217625 490187 0 0 0 1.169 -2.136 0 2.97738 0 0
0 0 0 1430217625 530172 0 0 0 1.169 -2.136 0 2.97738 0 0
0 0 0 1430217625 570302 0 0 0 1.169 -2.136 0 2.97738 0 0
0 0 0 1430217625 610187 0 0 0 1.169 -2.136 0 2.97738 0 0
0 0 0 1430217625 650159 0 0 0 1.169 -2.136 0 2.97738 0 0
0 0 0 1430217625 690298 0 0 0 1.169 -2.136 0 2.97738 0 0
0 0 0 1430217625 730297 0 0 0 1.169 -2.136 0 2.97738 0 0
0 0 0 1430217625 770311 0 0 0 1.169 -2.136 0 2.97738 0 0
0 0 0 1430217625 810297 0 0 0 1.169 -2.136 0 2.97738 0 0
0 0 0 1430217625 850281 0 0 0 1.169 -2.136 0 2.97738 0 0
0 0 0 1430217625 890313 0 0 0 1.169 -2.136 0 2.97738 0 0
0 0 0 1430217625 930329 0 0 0 1.169 -2.136 0 2.97738 0 0
0 0 0 1430217625 970418 0 0 0 1.169 -2.136 0 2.97738 0 0
0 0 0 1430217626 10419 0 0 0 1.169 -2.136 0 2.97738 0 0
0 0 0 1430217626 50408 0 0 0 1.169 -2.136 0 2.97738 0 0
0 0 0 1430217626 90405 0 0 0 1.169 -2.136 0 2.97738 0 0
0 0 0 1430217626 130445 0 0 0 1.169 -2.136 0 2.97738 0 0
0 0 0 1430217626 170513 0 0 0 1.169 -2.136 0 2.97738 0 0
0 0 0 1430217626 210527 0 0 0 1.169 -2.136 0 2.97738 0 0
0 0 0 1430217626 250566 0 0 0 1.169 -2.136 0 2.97738 0 0
0 0 0 1430217626 290528 0 0 0 1.169 -2.136 0 2.97738 0 0
0 0 0 1430217626 330568 0 0 0 1.169 -2.136 0 2.97738 0 0
0 0 0 1430217626 370537 0 0 0 1.169 -2.136 0 2.97738 0 0
0 0 0 1430217626 410497 0 0 0 1.169 -2.136 0 2.97738 0 0
0 0 0 1430217626 450524 0 0 0 1.169 -2.136 0 2.97738 0 0
0 0 0 1430217626 490522 0 0 0 1.169 -2.136 0 2.97738 0 0
0 0 0 1430217626 530650 0 0 0 1.169 -2.136 0 2.97738 0 0
0 0 0 1430217626 570672 0 0 0 1.169 -2.136 0 2.97738 0 0
0 0 0 1430217626 610670 0 0 0 1.169 -2.136 0 2.97738 0 0
0 0 0 1430217626 650778 0 0 0 1.169 -2.136 0 2.97738 0 0
0 0 0 1430217626 690784 0 0 0 1.169 -2.136 0 2.97738 0 0
0 0 0 1430217626 730687 0 0 0 1.169 -2.136 0 2.97738 0 0
0 0 0 1430217626 770691 0 0 0 1.169 -2.136 0 2.97738 0 0
0 0 0 1430217626 810764 0 0 0 1.169 -2.136 0 2.97738 0 0
0 0 0 1430217626 830786 0 0 0 1.169 -2.136 0 2.97738 0 0
0 0 0 1430217626 850773 0 0 0 1.169 -2.136 0 2.97738 0 0
0 0 0 1430217626 890820 0 0 0 1.169 -2.136 0 2.97738 0 0
0 0 0 1430217626 930797 0 0 0 1.169 -2.136 0 2.97738 0 0
0 0 0 1430217626 970759 0 0 0 1.169 -2.136 0 2.97738 0 0
0 0 0 1430217627 10792 0 0 0 1.169 -2.136 0 2.97738 0 0
0 0 0 1430217627 50903 0 0 0 1.169 -2.136 0 2.97738 0 0
0 0 0 1430217627 90897 0 0 0 1.169 -2.136 0 2.97738 0 0
0 0 0 1430217627 130903 0 0 0 1.169 -2.136 0 2.97738 0 0
0 0 0 1430217627 170896 0 0 0 1.169 -2.136 0 2.97738 0 0
0 0 0 1430217627 210909 0 0 0 1.169 -2.136 0 2.97738 0 0
0 0 0 1430217627 250905 0 0 0 1.169 -2.136 0 2.97738 0 0
0 0 0 1430217627 290886 0 0 0 1.169 -2.136 0 2.97738 0 0
0 0 0 1430217627 330913 0 0 0 1.169 -2.136 0 2.97738 0 0
0 0 0 1430217627 371047 0 0 0 1.169 -2.136 0 2.97738 0 0
0 0 0 1430217627 411035 0 0 0 1.169 -2.136 0 2.97738 0 0
0 0 0 1430217627 451057 0 0 0 1.169 -2.136 0 2.97738 0 0
0 0 0 1430217627 491025 0 0 0 1.169 -2.136 0 2.97738 0 0
0 0 0 1430217627 531031 0 0 0 1.169 -2.136 0 2.97738 0 0
0 0 0 1430217627 571056 0 0 0 1.169 -2.136 0 2.97738 0 0
0 0 0 1430217627 611029 0 0 0 1.169 -2.136 0 2.97738 0 0
0 0 0 1430217627 651157 0 0 0 1.169 -2.136 0 2.97738 0 0
0 0 0 1430217627 691109 0 0 0 1.169 -2.136 0 2.97738 0 0
0 0 0 1430217627 731157 0 0 0 1.169 -2.136 0 2.97738 0 0
0 0 0 1430217627 771175 0 0 0 1.169 -2.136 0 2.97738 0 0
0 0 0 1430217627 811093 0 0 0 1.169 -2.136 0 2.97738 0 0
0 0 0 1430217627 851176 0 0 0 1.169 -2.136 0 2.97738 0 0
0 0 0 1430217627 891235 0 0 0 1.169 -2.136 0 2.97738 0 0
0 0 0 1430217627 931342 0 0 0 1.169 -2.136 0 2.97738 0 0
0 0 0 1430217627 971292 0 0 0 1.169 -2.136 0 2.97738 0 0
0 0 0 1430217628 11291 0 0 0 1.169 -2.136 0 2.97738 0 0
0 0 0 1430217628 51293 0 0 0 1.169 -2.136 0 2.97738 0 0
0 0 0 1430217628 91294 0 0 0 1.169 -2.136 0 2.97738 0 0
0 0 0 1430217628 131330 0 0 0 1.169 -2.136 0 2.97738 0 0
0 0 0 1430217628 171315 0 0 0 1.169 -2.136 0 2.97738 0 0
0 0 0 1430217628 211435 0 0 0 1.169 -2.136 0 2.97738 0 0
0 0 0 1430217628 251442 0 0 0 1.169 -2.136 0 2.97738 0 0
0 0 0 1430217628 291439 0 0 0 1.169 -2.136 0 2.97738 0 0
0 0 0 1430217628 331423 0 0 0 1.169 -2.136 0 2.97738 0 0
0 0 0 1430217628 371405 0 0 0 1.169 -2.136 0 2.97738 0 0
0 0 0 1430217628 411412 0 0 0 1.169 -2.136 0 2.97738 0 0
0 0 0 1430217628 451402 0 0 0 1.169 -2.136 0 2.97738 0 0
0 0 0 1430217628 471410 0 0 0 1.169 -2.136 0 2.97738 0 0
0 0 0 1430217628 491419 0 0 0 1.169 -2.136 0 2.97738 0 0
0 0 0 1430217628 531521 0 0 0 1.169 -2.136 0 2.97738 0 0
0 0 0 1430217628 571548 0 0 0 1.169 -2.136 0 2.97738 0 0
0 0 0 1430217628 611559 0 0 0 1.169 -2.136 0 2.97738 0 0
0 0 0 1430217628 651546 0 0 0 1.169 -2.136 0 2.97738 0 0
0 0 0 1430217628 691545 0 0 0 1.169 -2.136 0 2.97738 0 0
0 0 0 1430217628 731533 0 0 0 1.169 -2.136 0 2.97738 0 0
0 0 0 1430217628 771559 0 0 0 1.169 -2.136 0 2.97738 0 0
0 0 0 1430217628 811664 0 0 0 1.169 -2.136 0 2.97738 0 0
0 0 0 1430217628 851646 0 0 0 1.169 -2.136 0 2.97738 0 0
0 0 0 1430217628 891655 0 0 0 1.169 -2.136 0 2.97738 0 0
0 0 0 1430217628 931675 0 0 0 1.169 -2.136 0 2.97738 0 0
0 0 0 1430217628 971759 0 0 0 1.169 -2.136 0 2.97738 0 0
0 0 0 1430217629 11782 0 0 0 1.169 -2.136 0 2.97738 0 0
0 0 0 1430217629 51682 0 0 0 1.169 -2.136 0 2.97738 0 0
0 0 0 1430217629 91699 0 0 0 1.169 -2.136 0 2.97738 0 0
0 0 0 1430217629 131796 0 0 0 1.169 -2.136 0 2.97738 0 0
0 0 0 1430217629 171791 0 0 0 1.169 -2.136 0 2.97738 0 0
0 0 0 1430217629 211805 0 0 0 1.169 -2.136 0 2.97738 0 0
0 0 0 1430217629 251786 0 0 0 1.169 -2.136 0 2.97738 0 0
0 0 0 1430217629 291779 0 0 0 1.169 -2.136 0 2.97738 0 0
0 0 0 1430217629 331780 0 0 0 1.169 -2.136 0 2.97738 0 0
0 0 0 1430217629 371899 0 0 0 1.169 -2.136 0 2.97738 0 0
0 0 0 1430217629 411776 0 0 0 1.169 -2.136 0 2.97738 0 0
0 0 0 1430217629 451912 0 0 0 1.169 -2.136 0 2.97738 0 0
0 0 0 1430217629 491931 0 0 0 1.169 -2.136 0 2.97738 0 0
0 0 0 1430217629 531921 0 0 0 1.169 -2.136 0 2.97738 0 0
0 0 0 1430217629 571889 0 0 0 1.169 -2.136 0 2.97738 0 0
0 0 0 1430217629 611930 0 0 0 1.169 -2.136 0 2.97738 0 0
0 0 0 1430217629 651904 0 0 0 1.169 -2.136 0 2.97738 0 0
0 0 0 1430217629 691909 0 0 0 1.169 -2.136 0 2.97738 0 0
0 0 0 1430217629 732013 0 0 0 1.169 -2.136 0 2.97738 0 0
0 0 0 1430217629 772048 0 0 0 1.169 -2.136 0 2.97738 0 0
0 0 0 1430217629 812070 0 0 0 1.169 -2.136 0 2.97738 0 0
0 0 0 1430217629 852022 0 0 0 1.169 -2.136 0 2.97738 0 0
0 0 0 1430217629 892027 0 0 0 1.169 -2.136 0 2.97738 0 0
0 0 0 1430217629 932031 0 0 0 1.169 -2.136 0 2.97738 0 0
0 0 0 1430217629 972196 0 0 0 1.169 -2.136 0 2.97738 0 0
0 0 0 1430217630 12174 0 0 0 1.169 -2.136 0 2.97738 0 0
0 0 0 1430217630 52112 0 0 0 1.169 -2.136 0 2.97738 0 0
0 0 0 1430217630 92158 0 0 0 1.169 -2.136 0 2.97738 0 0
0 0 0 1430217630 132109 0 0 0 1.169 -2.136 0 2.97738 0 0
0 0 0 1430217630 172181 0 0 0 1.169 -2.136 0 2.97738 0 0
0 0 0 1430217630 212172 0 0 0 1.169 -2.136 0 2.97738 0 0
0 0 0 1430217630 252161 0 0 0 1.169 -2.136 0 2.97738 0 0
0 0 0 1430217630 292272 0 0 0 1.169 -2.136 0 2.97738 0 0
0 0 0 1430217630 332277 0 0 0 1.169 -2.136 0 2.97738 0 0
0 0 0 1430217630 372243 0 0 0 1.169 -2.136 0 2.97738 0 0
0 0 0 1430217630 412258 0 0 0 1.169 -2.136 0 2.97738 0 0
0 0 0 1430217630 452282 0 0 0 1.169 -2.136 0 2.97738 0 0
0 0 0 1430217630 492612 0 0 0 1.169 -2.136 0 2.97738 0 0
0 0 0 1430217630 532277 0 0 0 1.169 -2.136 0 2.97738 0 0
0 0 0 1430217630 572390 0 0 0 1.169 -2.136 0 2.97738 0 0
0 0 0 1430217630 612417 0 0 0 1.169 -2.136 0 2.97738 0 0
0 0 0 1430217630 652401 0 0 0 1.169 -2.136 0 2.97738 0 0
0 0 0 1430217630 692410 0 0 0 1.169 -2.136 0 2.97738 0 0
0 0 0 1430217630 732389 0 0 0 1.169 -2.136 0 2.97738 0 0
0 0 0 1430217630 772391 0 0 0 1.169 -2.136 0 2.97738 0 0
0 0 0 1430217630 812428 0 0 0 1.169 -2.136 0 2.97738 0 0
0 0 0 1430217630 852565 0 0 0 1.169 -2.136 0 2.97738 0 0
0 0 0 1430217630 892544 0 0 0 1.169 -2.136 0 2.97738 0 0
0 0 0 1430217630 932544 0 0 0 1.169 -2.136 0 2.97738 0 0
0 0 0 1430217630 972550 0 0 0 1.169 -2.136 0 2.97738 0 0
0 0 0 1430217631 12537 0 0 0 1.169 -2.136 0 2.97738 0 0
0 0 0 1430217631 52583 0 0 0 1.169 -2.136 0 2.97738 0 0
0 0 0 1430217631 92536 0 0 0 1.169 -2.136 0 2.97738 0 0
0 0 0 1430217631 132547 0 0 0 1.169 -2.136 0 2.97738 0 0
0 0 0 1430217631 172656 0 0 0 1.169 -2.136 0 2.97738 0 0
0 0 0 1430217631 212669 0 0 0 1.169 -2.136 0 2.97738 0 0
0 0 0 1430217631 252826 0 0 0 1.169 -2.136 0 2.97738 0 0
0 0 0 1430217631 292798 0 0 0 1.169 -2.136 0 2.97738 0 0
0 0 0 1430217631 332807 0 0 0 1.169 -2.136 0 2.97738 0 0
0 0 0 1430217631 372695 0 0 0 1.169 -2.136 0 2.97738 0 0
0 0 0 1430217631 412662 0 0 0 1.169 -2.136 0 2.97738 0 0
0 0 0 1430217631 452800 0 0 0 1.169 -2.136 0 2.97738 0 0
0 0 0 1430217631 492772 0 0 0 1.169 -2.136 0 2.97738 0 0
0 0 0 1430217631 532722 0 0 0 1.169 -2.136 0 2.97738 0 0
0 0 0 1430217631 572768 0 0 0 1.169 -2.136 0 2.97738 0 0
0 0 0 1430217631 612724 0 0 0 1.169 -2.136 0 2.97738 0 0
0 0 0 1430217631 652794 0 0 0 1.169 -2.136 0 2.97738 0 0
0 0 0 1430217631 692900 0 0 0 1.169 -2.136 0 2.97738 0 0
0 0 0 1430217631 732826 0 0 0 1.169 -2.136 0 2.97738 0 0
0 0 0 1430217631 772925 0 0 0 1.169 -2.136 0 2.97738 0 0
0 0 0 1430217631 812904 0 0 0 1.169 -2.136 0 2.97738 0 0
0 0 0 1430217631 852950 0 0 0 1.169 -2.136 0 2.97738 0 0
0 0 0 1430217631 892914 0 0 0 1.169 -2.136 0 2.97738 0 0
0 0 0 1430217631 932904 0 0 0 1.169 -2.136 0 2.97738 0 0
0 0 0 1430217631 973046 0 0 0 1.169 -2.136 0 2.97738 0 0
0 0 0 1430217632 12971 0 0 0 1.169 -2.136 0 2.97738 0 0
0 0 0 1430217632 53038 0 0 0 1.169 -2.136 0 2.97738 0 0
0 0 0 1430217632 93052 0 0 0 1.169 -2.136 0 2.97738 0 0
0 0 0 1430217632 133064 0 0 0 1.169 -2.136 0 2.97738 0 0
0 0 0 1430217632 153042 0 0 0 1.169 -2.136 0 2.97738 0 0
0 0 0 1430217632 173045 0 0 0 1.169 -2.136 0 2.97738 0 0
0 0 0 1430217632 213046 0 0 0 1.169 -2.136 0 2.97738 0 0
0 0 0 1430217632 253026 0 0 0 1.169 -2.136 0 2.97738 0 0
0 0 0 1430217632 293148 0 0 0 1.169 -2.136 0 2.97738 0 0
0 0 0 1430217632 333149 0 0 0 1.169 -2.136 0 2.97738 0 0
0 0 0 1430217632 373142 0 0 0 1.169 -2.136 0 2.97738 0 0
0 0 0 1430217632 413157 0 0 0 1.169 -2.136 0 2.97738 0 0
0 0 0 1430217632 453161 0 0 0 1.169 -2.136 0 2.97738 0 0
0 0 0 1430217632 493169 0 0 0 1.169 -2.136 0 2.97738 0 0
0 0 0 1430217632 533279 0 0 0 1.169 -2.136 0 2.97738 0 0
0 0 0 1430217632 573280 0 0 0 1.169 -2.136 0 2.97738 0 0
0 0 0 1430217632 613281 0 0 0 1.169 -2.136 0 2.97738 0 0
0 0 0 1430217632 653231 0 0 0 1.169 -2.136 0 2.97738 0 0
0 0 0 1430217632 693269 0 0 0 1.169 -2.136 0 2.97738 0 0
0 0 0 1430217632 733202 0 0 0 1.169 -2.136 0 2.97738 0 0
0 0 0 1430217632 773287 0 0 0 1.169 -2.136 0 2.97738 0 0
0 0 0 1430217632 813290 0 0 0 1.169 -2.136 0 2.97738 0 0
0 0 0 1430217632 853314 0 0 0 1.169 -2.136 0 2.97738 0 0
0 0 0 1430217632 893421 0 0 0 1.169 -2.136 0 2.97738 0 0
0 0 0 1430217632 933386 0 0 0 1.169 -2.136 0 2.97738 0 0
0 0 0 1430217632 973360 0 0 0 1.169 -2.136 0 2.97738 0 0
0 0 0 1430217633 13386 0 0 0 1.169 -2.136 0 2.97738 0 0
0 0 0 1430217633 53414 0 0 0 1.169 -2.136 0 2.97738 0 0
0 0 0 1430217633 93413 0 0 0 1.169 -2.136 0 2.97738 0 0
0 0 0 1430217633 113361 0 0 0 1.169 -2.136 0 2.97738 0 0
0 0 0 1430217633 133422 0 0 0 1.169 -2.136 0 2.97738 0 0
0 0 0 1430217633 173554 0 0 0 1.169 -2.136 0 2.97738 0 0
0 0 0 1430217633 213515 0 0 0 1.169 -2.136 0 2.97738 0 0
0 0 0 1430217633 253561 0 0 0 1.169 -2.136 0 2.97738 0 0
0 0 0 1430217633 293550 0 0 0 1.169 -2.136 0 2.97738 0 0
0 0 0 1430217633 333495 0 0 0 1.169 -2.136 0 2.97738 0 0
0 0 0 1430217633 373549 0 0 0 1.169 -2.136 0 2.97738 0 0
0 0 0 1430217633 413464 0 0 0 1.169 -2.136 0 2.97738 0 0
0 0 0 1430217633 453691 0 0 0 1.169 -2.136 0 2.97738 0 0
0 0 0 1430217633 493679 0 0 0 1.169 -2.136 0 2.97738 0 0
0 0 0 1430217633 513646 0 0 0 1.169 -2.136 0 2.97738 0 0
0 0 0 1430217633 533593 0 0 0 1.169 -2.136 0 2.97738 0 0
0 0 0 1430217633 573653 0 0 0 1.169 -2.136 0 2.97738 0 0
0 0 0 1430217633 613811 0 0 0 1.169 -2.136 0 2.97738 0 0
0 0 0 1430217633 653648 0 0 0 1.169 -2.136 0 2.97738 0 0
0 0 0 1430217633 693673 0 0 0 1.169 -2.136 0 2.97738 0 0
0 0 0 1430217633 733795 0 0 0 1.169 -2.136 0 2.97738 0 0
0 0 0 1430217633 773811 0 0 0 1.169 -2.136 0 2.97738 0 0
0 0 0 1430217633 813768 0 0 0 1.169 -2.136 0 2.97738 0 0
0 0 0 1430217633 853818 0 0 0 1.169 -2.136 0 2.97738 0 0
0 0 0 1430217633 893787 0 0 0 1.169 -2.136 0 2.97738 0 0
0 0 0 1430217633 933786 0 0 0 1.169 -2.136 0 2.97738 0 0
0 0 0 1430217633 973906 0 0 0 1.169 -2.136 0 2.97738 0 0
0 0 0 1430217634 13763 0 0 0 1.169 -2.136 0 2.97738 0 0
0 0 0 1430217634 53881 0 0 0 1.169 -2.136 0 2.97738 0 0
0 0 0 1430217634 93937 0 0 0 1.169 -2.136 0 2.97738 0 0
0 0 0 1430217634 133937 0 0 0 1.169 -2.136 0 2.97738 0 0
0 0 0 1430217634 173939 0 0 0 1.169 -2.136 0 2.97738 0 0
0 0 0 1430217634 213914 0 0 0 1.169 -2.136 0 2.97738 0 0
0 0 0 1430217634 253889 0 0 0 1.169 -2.136 0 2.97738 0 0
0 0 0 1430217634 293892 0 0 0 1.169 -2.136 0 2.97738 0 0
0 0 0 1430217634 333927 0 0 0 1.169 -2.136 0 2.97738 0 0
0 0 0 1430217634 374051 0 0 0 1.169 -2.136 0 2.97738 0 0
0 0 0 1430217634 414062 0 0 0 1.169 -2.136 0 2.97738 0 0
0 0 0 1430217634 454051 0 0 0 1.169 -2.136 0 2.97738 0 0
0 0 0 1430217634 493994 0 0 0 1.169 -2.136 0 2.97738 0 0
0 0 0 1430217634 533970 0 0 0 1.169 -2.136 0 2.97738 0 0
0 0 0 1430217634 574052 0 0 0 1.169 -2.136 0 2.97738 0 0
0 0 0 1430217634 614032 0 0 0 1.169 -2.136 0 2.97738 0 0
0 0 0 1430217634 654212 0 0 0 1.169 -2.136 0 2.97738 0 0
0 0 0 1430217634 694179 0 0 0 1.169 -2.136 0 2.97738 0 0
0 0 0 1430217634 734193 0 0 0 1.169 -2.136 0 2.97738 0 0
0 0 0 1430217634 774105 0 0 0 1.169 -2.136 0 2.97738 0 0
0 0 0 1430217634 814174 0 0 0 1.169 -2.136 0 2.97738 0 0
0 0 0 1430217634 854126 0 0 0 1.169 -2.136 0 2.97738 0 0
0 0 0 1430217634 894178 0 0 0 1.169 -2.136 0 2.97738 0 0
0 0 0 1430217634 934279 0 0 0 1.169 -2.136 0 2.97738 0 0
0 0 0 1430217634 974278 0 0 0 1.169 -2.136 0 2.97738 0 0
0 0 0 1430217635 14282 0 0 0 1.169 -2.136 0 2.97738 0 0
0 0 0 1430217635 54277 0 0 0 1.169 -2.136 0 2.97738 0 0
0 0 0 1430217635 94303 0 0 0 1.169 -2.136 0 2.97738 0 0
0 0 0 1430217635 134287 0 0 0 1.169 -2.136 0 2.97738 0 0
0 0 0 1430217635 154307 0 0 0 1.169 -2.136 0 2.97738 0 0
0 0 0 1430217635 174411 0 0 0 1.169 -2.136 0 2.97738 0 0
0 0 0 1430217635 214300 0 0 0 1.169 -2.136 0 2.97738 0 0
0 0 0 1430217635 254369 0 0 0 1.169 -2.136 0 2.97738 0 0
0 0 0 1430217635 294425 0 0 0 1.169 -2.136 0 2.97738 0 0
0 0 0 1430217635 334416 0 0 0 1.169 -2.136 0 2.97738 0 0
0 0 0 1430217635 374409 0 0 0 1.169 -2.136 0 2.97738 0 0
0 0 0 1430217635 414425 0 0 0 1.169 -2.136 0 2.97738 0 0
0 0 0 1430217635 454382 0 0 0 1.169 -2.136 0 2.97738 0 0
0 0 0 1430217635 494575 0 0 0 1.169 -2.136 0 2.97738 0 0
0 0 0 1430217635 534547 0 0 0 1.169 -2.136 0 2.97738 0 0
0 0 0 1430217635 574518 0 0 0 1.169 -2.136 0 2.97738 0 0
0 0 0 1430217635 614483 0 0 0 1.169 -2.136 0 2.97738 0 0
0 0 0 1430217635 654514 0 0 0 1.169 -2.136 0 2.97738 0 0
0 0 0 1430217635 694490 0 0 0 1.169 -2.136 0 2.97738 0 0
0 0 0 1430217635 734552 0 0 0 1.169 -2.136 0 2.97738 0 0
0 0 0 1430217635 774531 0 0 0 1.169 -2.136 0 2.97738 0 0
0 0 0 1430217635 814658 0 0 0 1.169 -2.136 0 2.97738 0 0
0 0 0 1430217635 854641 0 0 0 1.169 -2.136 0 2.97738 0 0
0 0 0 1430217635 894661 0 0 0 1.169 -2.136 0 2.97738 0 0
0 0 0 1430217635 934786 0 0 0 1.169 -2.136 0 2.97738 0 0
0 0 0 1430217635 974812 0 0 0 1.169 -2.136 0 2.97738 0 0
0 0 0 1430217636 14809 0 0 0 1.169 -2.136 0 2.97738 0 0
0 0 0 1430217636 54693 0 0 0 1.169 -2.136 0 2.97738 0 0
0 0 0 1430217636 94807 0 0 0 1.169 -2.136 0 2.97738 0 0
0 0 0 1430217636 134803 0 0 0 1.169 -2.136 0 2.97738 0 0
0 0 0 1430217636 174812 0 0 0 1.169 -2.136 0 2.97738 0 0
0 0 0 1430217636 214730 0 0 0 1.169 -2.136 0 2.97738 0 0
0 0 0 1430217636 234801 0 0 0 1.169 -2.136 0 2.97738 0 0
0 0 0 1430217636 254781 0 0 0 1.169 -2.136 0 2.97738 0 0
0 0 0 1430217636 294816 0 0 0 1.169 -2.136 0 2.97738 0 0
0 0 0 1430217636 334913 0 0 0 1.169 -2.136 0 2.97738 0 0
0 0 0 1430217636 374925 0 0 0 1.169 -2.136 0 2.97738 0 0
0 0 0 1430217636 414887 0 0 0 1.169 -2.136 0 2.97738 0 0
0 0 0 1430217636 454918 0 0 0 1.169 -2.136 0 2.97738 0 0
0 0 0 1430217636 494934 0 0 0 1.169 -2.136 0 2.97738 0 0
0 0 0 1430217636 534900 0 0 0 1.169 -2.136 0 2.97738 0 0
0 0 0 1430217636 574923 0 0 0 1.169 -2.136 0 2.97738 0 0
0 0 0 1430217636 614920 0 0 0 1.169 -2.136 0 2.97738 0 0
0 0 0 1430217636 655056 0 0 0 1.169 -2.136 0 2.97738 0 0
0 0 0 1430217636 695062 0 0 0 1.169 -2.136 0 2.97738 0 0
0 0 0 1430217636 735030 0 0 0 1.169 -2.136 0 2.97738 0 0
0 0 0 1430217636 775052 0 0 0 1.169 -2.136 0 2.97738 0 0
0 0 0 1430217636 815037 0 0 0 1.169 -2.136 0 2.97738 0 0
0 0 0 1430217636 855022 0 0 0 1.169 -2.136 0 2.97738 0 0
0 0 0 1430217636 895063 0 0 0 1.169 -2.136 0 2.97738 0 0
0 0 0 1430217636 935048 0 0 0 1.169 -2.136 0 2.97738 0 0
0 0 0 1430217636 975178 0 0 0 1.169 -2.136 0 2.97738 0 0
0 0 0 1430217637 15193 0 0 0 1.169 -2.136 0 2.97738 0 0
0 0 0 1430217637 55121 0 0 0 1.169 -2.136 0 2.97738 0 0
0 0 0 1430217637 95133 0 0 0 1.169 -2.136 0 2.97738 0 0
0 0 0 1430217637 135175 0 0 0 1.169 -2.136 0 2.97738 0 0
0 0 0 1430217637 175171 0 0 0 1.169 -2.136 0 2.97738 0 0
0 0 0 1430217637 215321 0 0 0 1.169 -2.136 0 2.97738 0 0
0 0 0 1430217637 255318 0 0 0 1.169 -2.136 0 2.97738 0 0
0 0 0 1430217637 295265 0 0 0 1.169 -2.136 0 2.97738 0 0
0 0 0 1430217637 335302 0 0 0 1.169 -2.136 0 2.97738 0 0
0 0 0 1430217637 375296 0 0 0 1.169 -2.136 0 2.97738 0 0
0 0 0 1430217637 415295 0 0 0 1.169 -2.136 0 2.97738 0 0
0 0 0 1430217637 455314 0 0 0 1.169 -2.136 0 2.97738 0 0
0 0 0 1430217637 495332 0 0 0 1.169 -2.136 0 2.97738 0 0
0 0 0 1430217637 535318 0 0 0 1.169 -2.136 0 2.97738 0 0
0 0 0 1430217637 575380 0 0 0 1.169 -2.136 0 2.97738 0 0
0 0 0 1430217637 615403 0 0 0 1.169 -2.136 0 2.97738 0 0
0 0 0 1430217637 655385 0 0 0 1.169 -2.136 0 2.97738 0 0
0 0 0 1430217637 695393 0 0 0 1.169 -2.136 0 2.97738 0 0
0 0 0 1430217637 735383 0 0 0 1.169 -2.136 0 2.97738 0 0
0 0 0 1430217637 775443 0 0 0 1.169 -2.136 0 2.97738 0 0
0 0 0 1430217637 815461 0 0 0 1.169 -2.136 0 2.97738 0 0
0 0 0 1430217637 855512 0 0 0 1.169 -2.136 0 2.97738 0 0
0 0 0 1430217637 895536 0 0 0 1.169 -2.136 0 2.97738 0 0
0 0 0 1430217637 935554 0 0 0 1.169 -2.136 0 2.97738 0 0
0 0 0 1430217637 975521 0 0 0 1.169 -2.136 0 2.97738 0 0
0 0 0 1430217638 15548 0 0 0 1.169 -2.136 0 2.97738 0 0
0 0 0 1430217638 55528 0 0 0 1.169 -2.136 0 2.97738 0 0
0 0 0 1430217638 95536 0 0 0 1.169 -2.136 0 2.97738 0 0
0 0 0 1430217638 135661 0 0 0 1.169 -2.136 0 2.97738 0 0
0 0 0 1430217638 175658 0 0 0 1.169 -2.136 0 2.97738 0 0
0 0 0 1430217638 215780 0 0 0 1.169 -2.136 0 2.97738 0 0
0 0 0 1430217638 255686 0 0 0 1.169 -2.136 0 2.97738 0 0
0 0 0 1430217638 295647 0 0 0 1.169 -2.136 0 2.97738 0 0
0 0 0 1430217638 335682 0 0 0 1.169 -2.136 0 2.97738 0 0
0 0 0 1430217638 375680 0 0 0 1.169 -2.136 0 2.97738 0 0
0 0 0 1430217638 415689 0 0 0 1.169 -2.136 0 2.97738 0 0
0 0 0 1430217638 455771 0 0 0 1.169 -2.136 0 2.97738 0 0
0 0 0 1430217638 495725 0 0 0 1.169 -2.136 0 2.97738 0 0
0 0 0 1430217638 535793 0 0 0 1.169 -2.136 0 2.97738 0 0
0 0 0 1430217638 575805 0 0 0 1.169 -2.136 0 2.97738 0 0
0 0 0 1430217638 615768 0 0 0 1.169 -2.136 0 2.97738 0 0
0 0 0 1430217638 655794 0 0 0 1.169 -2.136 0 2.97738 0 0
0 0 0 1430217638 695897 0 0 0 1.169 -2.136 0 2.97738 0 0
0 0 0 1430217638 735908 0 0 0 1.169 -2.136 0 2.97738 0 0
0 0 0 1430217638 775937 0 0 0 1.169 -2.136 0 2.97738 0 0
0 0 0 1430217638 815938 0 0 0 1.169 -2.136 0 2.97738 0 0
0 0 0 1430217638 855945 0 0 0 1.169 -2.136 0 2.97738 0 0
0 0 0 1430217638 895911 0 0 0 1.169 -2.136 0 2.97738 0 0
0 0 0 1430217638 935914 0 0 0 1.169 -2.136 0 2.97738 0 0
0 0 0 1430217638 976060 0 0 0 1.169 -2.136 0 2.97738 0 0
0 0 0 1430217639 15943 0 0 0 1.169 -2.136 0 2.97738 0 0
0 0 0 1430217639 55979 0 0 0 1.169 -2.136 0 2.97738 0 0
0 0 0 1430217639 96051 0 0 0 1.169 -2.136 0 2.97738 0 0
0 0 0 1430217639 136041 0 0 0 1.169 -2.136 0 2.97738 0 0
0 0 0 1430217639 176014 0 0 0 1.169 -2.136 0 2.97738 0 0
0 0 0 1430217639 216034 0 0 0 1.169 -2.136 0 2.97738 0 0
0 0 0 1430217639 256199 0 0 0 1.169 -2.136 0 2.97738 0 0
0 0 0 1430217639 296173 0 0 0 1.169 -2.136 0 2.97738 0 0
0 0 0 1430217639 336196 0 0 0 1.169 -2.136 0 2.97738 0 0
0 0 0 1430217639 376182 0 0 0 1.169 -2.136 0 2.97738 0 0
0 0 0 1430217639 416185 0 0 0 1.169 -2.136 0 2.97738 0 0
0 0 0 1430217639 456159 0 0 0 1.169 -2.136 0 2.97738 0 0
0 0 0 1430217639 496160 0 0 0 1.169 -2.136 0 2.97738 0 0
0 0 0 1430217639 536170 0 0 0 1.169 -2.136 0 2.97738 0 0
0 0 0 1430217639 576278 0 0 0 1.169 -2.136 0 2.97738 0 0
0 0 0 1430217639 616201 0 0 0 1.169 -2.136 0 2.97738 0 0
0 0 0 1430217639 656292 0 0 0 1.169 -2.136 0 2.97738 0 0
0 0 0 1430217639 696299 0 0 0 1.169 -2.136 0 2.97738 0 0
0 0 0 1430217639 736325 0 0 0 1.169 -2.136 0 2.97738 0 0
0 0 0 1430217639 776307 0 0 0 1.169 -2.136 0 2.97738 0 0
0 0 0 1430217639 816285 0 0 0 1.169 -2.136 0 2.97738 0 0
0 0 0 1430217639 856374 0 0 0 1.169 -2.136 0 2.97738 0 0
0 0 0 1430217639 896422 0 0 0 1.169 -2.136 0 2.97738 0 0
0 0 0 1430217639 936428 0 0 0 1.169 -2.136 0 2.97738 0 0
0 0 0 1430217639 976405 0 0 0 1.169 -2.136 0 2.97738 0 0
0 0 0 1430217640 16377 0 0 0 1.169 -2.136 0 2.97738 0 0
0 0 0 1430217640 56437 0 0 0 1.169 -2.136 0 2.97738 0 0
0 0 0 1430217640 96398 0 0 0 1.169 -2.136 0 2.97738 0 0
0 0 0 1430217640 136430 0 0 0 1.169 -2.136 0 2.97738 0 0
0 0 0 1430217640 176477 0 0 0 1.169 -2.136 0 2.97738 0 0
0 0 0 1430217640 216551 0 0 0 1.169 -2.136 0 2.97738 0 0
0 0 0 1430217640 256533 0 0 0 1.169 -2.136 0 2.97738 0 0
0 0 0 1430217640 296873 0 0 0 1.169 -2.136 0 2.97738 0 0
0 0 0 1430217640 336497 0 0 0 1.169 -2.136 0 2.97738 0 0
0 0 0 1430217640 376563 0 0 0 1.169 -2.136 0 2.97738 0 0
0 0 0 1430217640 416549 0 0 0 1.169 -2.136 0 2.97738 0 0
0 0 0 1430217640 456533 0 0 0 1.169 -2.136 0 2.97738 0 0
0 0 0 1430217640 496680 0 0 0 1.169 -2.136 0 2.97738 0 0
0 0 0 1430217640 536691 0 0 0 1.169 -2.136 0 2.97738 0 0
0 0 0 1430217640 576817 0 0 0 1.169 -2.136 0 2.97738 0 0
0 0 0 1430217640 616806 0 0 0 1.169 -2.136 0 2.97738 0 0
0 0 0 1430217640 656658 0 0 0 1.169 -2.136 0 2.97738 0 0
0 0 0 1430217640 696808 0 0 0 1.169 -2.136 0 2.97738 0 0
0 0 0 1430217640 736814 0 0 0 1.169 -2.136 0 2.97738 0 0
0 0 0 1430217640 776776 0 0 0 1.169 -2.136 0 2.97738 0 0
0 0 0 1430217640 816786 0 0 0 1.169 -2.136 0 2.97738 0 0
0 0 0 1430217640 856820 0 0 0 1.169 -2.136 0 2.97738 0 0
0 0 0 1430217640 896791 0 0 0 1.169 -2.136 0 2.97738 0 0
0 0 0 1430217640 936799 0 0 0 1.169 -2.136 0 2.97738 0 0
0 0 0 1430217640 976842 0 0 0 1.169 -2.136 0 2.97738 0 0
0 0 0 1430217641 16932 0 0 0 1.169 -2.136 0 2.97738 0 0
0 0 0 1430217641 36894 0 0 0 1.169 -2.136 0 2.97738 0 0
0 0 0 1430217641 56934 0 0 0 1.169 -2.136 0 2.97738 0 0
0 0 0 1430217641 96939 0 0 0 1.169 -2.136 0 2.97738 0 0
0 0 0 1430217641 136924 0 0 0 1.169 -2.136 0 2.97738 0 0
0 0 0 1430217641 176906 0 0 0 1.169 -2.136 0 2.97738 0 0
0 0 0 1430217641 216912 0 0 0 1.169 -2.136 0 2.97738 0 0
0 0 0 1430217641 256922 0 0 0 1.169 -2.136 0 2.97738 0 0
0 0 0 1430217641 296942 0 0 0 1.169 -2.136 0 2.97738 0 0
0 0 0 1430217641 336941 0 0 0 1.169 -2.136 0 2.97738 0 0
0 0 0 1430217641 376977 0 0 0 1.169 -2.136 0 2.97738 0 0
0 0 0 1430217641 417057 0 0 0 1.169 -2.136 0 2.97738 0 0
0 0 0 1430217641 457036 0 0 0 1.169 -2.136 0 2.97738 0 0
0 0 0 1430217641 497067 0 0 0 1.169 -2.136 0 2.97738 0 0
0 0 0 1430217641 537067 0 0 0 1.169 -2.136 0 2.97738 0 0
0 0 0 1430217641 577103 0 0 0 1.169 -2.136 0 2.97738 0 0
0 0 0 1430217641 617187 0 0 0 1.169 -2.136 0 2.97738 0 0
0 0 0 1430217641 657198 0 0 0 1.169 -2.136 0 2.97738 0 0
0 0 0 1430217641 697182 0 0 0 1.169 -2.136 0 2.97738 0 0
0 0 0 1430217641 737179 0 0 0 1.169 -2.136 0 2.97738 0 0
0 0 0 1430217641 777123 0 0 0 1.169 -2.136 0 2.97738 0 0
0 0 0 1430217641 817163 0 0 0 1.169 -2.136 0 2.97738 0 0
0 0 0 1430217641 857302 0 0 0 1.169 -2.136 0 2.97738 0 0
0 0 0 1430217641 897319 0 0 0 1.169 -2.136 0 2.97738 0 0
0 0 0 1430217641 937286 0 0 0 1.169 -2.136 0 2.97738 0 0
0 0 0 1430217641 977260 0 0 0 1.169 -2.136 0 2.97738 0 0
0 0 0 1430217641 997308 0 0 0 1.169 -2.136 0 2.97738 0 0
0 0 0 1430217642 17306 0 0 0 1.169 -2.136 0 2.97738 0 0
0 0 0 1430217642 57297 0 0 0 1.169 -2.136 0 2.97738 0 0
0 0 0 1430217642 97328 0 0 0 1.169 -2.136 0 2.97738 0 0
0 0 0 1430217642 137290 0 0 0 1.169 -2.136 0 2.97738 0 0
0 0 0 1430217642 177436 0 0 0 1.169 -2.136 0 2.97738 0 0
0 0 0 1430217642 217429 0 0 0 1.169 -2.136 0 2.97738 0 0
0 0 0 1430217642 257419 0 0 0 1.169 -2.136 0 2.97738 0 0
0 0 0 1430217642 297418 0 0 0 1.169 -2.136 0 2.97738 0 0
0 0 0 1430217642 337442 0 0 0 1.169 -2.136 0 2.97738 0 0
0 0 0 1430217642 377401 0 0 0 1.169 -2.136 0 2.97738 0 0
0 0 0 1430217642 417421 0 0 0 1.169 -2.136 0 2.97738 0 0
0 0 0 1430217642 457421 0 0 0 1.169 -2.136 0 2.97738 0 0
0 0 0 1430217642 497585 0 0 0 1.169 -2.136 0 2.97738 0 0
0 0 0 1430217642 537578 0 0 0 1.169 -2.136 0 2.97738 0 0
0 0 0 1430217642 577532 0 0 0 1.169 -2.136 0 2.97738 0 0
0 0 0 1430217642 617547 0 0 0 1.169 -2.136 0 2.97738 0 0
0 0 0 1430217642 657486 0 0 0 1.169 -2.136 0 2.97738 0 0
0 0 0 1430217642 697550 0 0 0 1.169 -2.136 0 2.97738 0 0
0 0 0 1430217642 737533 0 0 0 1.169 -2.136 0 2.97738 0 0
0 0 0 1430217642 777670 0 0 0 1.169 -2.136 0 2.97738 0 0
0 0 0 1430217642 817607 0 0 0 1.169 -2.136 0 2.97738 0 0
0 0 0 1430217642 857700 0 0 0 1.169 -2.136 0 2.97738 0 0
0 0 0 1430217642 897790 0 0 0 1.169 -2.136 0 2.97738 0 0
0 0 0 1430217642 937804 0 0 0 1.169 -2.136 0 2.97738 0 0
0 0 0 1430217642 977833 0 0 0 1.169 -2.136 0 2.97738 0 0
0 0 0 1430217643 17701 0 0 0 1.169 -2.136 0 2.97738 0 0
0 0 0 1430217643 57805 0 0 0 1.169 -2.136 0 2.97738 0 0
0 0 0 1430217643 97813 0 0 0 1.169 -2.136 0 2.97738 0 0
0 0 0 1430217643 137803 0 0 0 1.169 -2.136 0 2.97738 0 0
0 0 0 1430217643 177792 0 0 0 1.169 -2.136 0 2.97738 0 0
0 0 0 1430217643 217803 0 0 0 1.169 -2.136 0 2.97738 0 0
0 0 0 1430217643 257748 0 0 0 1.169 -2.136 0 2.97738 0 0
0 0 0 1430217643 297782 0 0 0 1.169 -2.136 0 2.97738 0 0
0 0 0 1430217643 337897 0 0 0 1.169 -2.136 0 2.97738 0 0
0 0 0 1430217643 377915 0 0 0 1.169 -2.136 0 2.97738 0 0
0 0 0 1430217643 417928 0 0 0 1.169 -2.136 0 2.97738 0 0
0 0 0 1430217643 457927 0 0 0 1.169 -2.136 0 2.97738 0 0
0 0 0 1430217643 497918 0 0 0 1.169 -2.136 0 2.97738 0 0
0 0 0 1430217643 537923 0 0 0 1.169 -2.136 0 2.97738 0 0
0 0 0 1430217643 577932 0 0 0 1.169 -2.136 0 2.97738 0 0
0 0 0 1430217643 617945 0 0 0 1.169 -2.136 0 2.97738 0 0
0 0 0 1430217643 638078 0 0 0 1.169 -2.136 0 2.97738 0 0
0 0 0 1430217643 658071 0 0 0 1.169 -2.136 0 2.97738 0 0
0 0 0 1430217643 698037 0 0 0 1.169 -2.136 0 2.97738 0 0
0 0 0 1430217643 738057 0 0 0 1.169 -2.136 0 2.97738 0 0
0 0 0 1430217643 778068 0 0 0 1.169 -2.136 0 2.97738 0 0
0 0 0 1430217643 818068 0 0 0 1.169 -2.136 0 2.97738 0 0
0 0 0 1430217643 857958 0 0 0 1.169 -2.136 0 2.97738 0 0
0 0 0 1430217643 898060 0 0 0 1.169 -2.136 0 2.97738 0 0
0 0 0 1430217643 938209 0 0 0 1.169 -2.136 0 2.97738 0 0
0 0 0 1430217643 978141 0 0 0 1.169 -2.136 0 2.97738 0 0
0 0 0 1430217644 18172 0 0 0 1.169 -2.136 0 2.97738 0 0
0 0 0 1430217644 58078 0 0 0 1.169 -2.136 0 2.97738 0 0
0 0 0 1430217644 98186 0 0 0 1.169 -2.136 0 2.97738 0 0
0 0 0 1430217644 138193 0 0 0 1.169 -2.136 0 2.97738 0 0
0 0 0 1430217644 178159 0 0 0 1.169 -2.136 0 2.97738 0 0
0 0 0 1430217644 218182 0 0 0 1.169 -2.136 0 2.97738 0 0
0 0 0 1430217644 258292 0 0 0 1.169 -2.136 0 2.97738 0 0
0 0 0 1430217644 298297 0 0 0 1.169 -2.136 0 2.97738 0 0
0 0 0 1430217644 338307 0 0 0 1.169 -2.136 0 2.97738 0 0
0 0 0 1430217644 378289 0 0 0 1.169 -2.136 0 2.97738 0 0
0 0 0 1430217644 418309 0 0 0 1.169 -2.136 0 2.97738 0 0
0 0 0 1430217644 458212 0 0 0 1.169 -2.136 0 2.97738 0 0
0 0 0 1430217644 498318 0 0 0 1.169 -2.136 0 2.97738 0 0
0 0 0 1430217644 538411 0 0 0 1.169 -2.136 0 2.97738 0 0
0 0 0 1430217644 578447 0 0 0 1.169 -2.136 0 2.97738 0 0
0 0 0 1430217644 618440 0 0 0 1.169 -2.136 0 2.97738 0 0
0 0 0 1430217644 658339 0 0 0 1.169 -2.136 0 2.97738 0 0
0 0 0 1430217644 698420 0 0 0 1.169 -2.136 0 2.97738 0 0
0 0 0 1430217644 738402 0 0 0 1.169 -2.136 0 2.97738 0 0
0 0 0 1430217644 778434 0 0 0 1.169 -2.136 0 2.97738 0 0
0 0 0 1430217644 818540 0 0 0 1.169 -2.136 0 2.97738 0 0
0 0 0 1430217644 858502 0 0 0 1.169 -2.136 0 2.97738 0 0
0 0 0 1430217644 898546 0 0 0 1.169 -2.136 0 2.97738 0 0
0 0 0 1430217644 938543 0 0 0 1.169 -2.136 0 2.97738 0 0
0 0 0 1430217644 978546 0 0 0 1.169 -2.136 0 2.97738 0 0
0 0 0 1430217645 18572 0 0 0 1.169 -2.136 0 2.97738 0 0
0 0 0 1430217645 58549 0 0 0 1.169 -2.136 0 2.97738 0 0
0 0 0 1430217645 98565 0 0 0 1.169 -2.136 0 2.97738 0 0
0 0 0 1430217645 138673 0 0 0 1.169 -2.136 0 2.97738 0 0
0 0 0 1430217645 178693 0 0 0 1.169 -2.136 0 2.97738 0 0
0 0 0 1430217645 218784 0 0 0 1.169 -2.136 0 2.97738 0 0
0 0 0 1430217645 258791 0 0 0 1.169 -2.136 0 2.97738 0 0
0 0 0 1430217645 298802 0 0 0 1.169 -2.136 0 2.97738 0 0
0 0 0 1430217645 338695 0 0 0 1.169 -2.136 0 2.97738 0 0
0 0 0 1430217645 378690 0 0 0 1.169 -2.136 0 2.97738 0 0
0 0 0 1430217645 418683 0 0 0 1.169 -2.136 0 2.97738 0 0
0 0 0 1430217645 458805 0 0 0 1.169 -2.136 0 2.97738 0 0
0 0 0 1430217645 498809 0 0 0 1.169 -2.136 0 2.97738 0 0
0 0 0 1430217645 538826 0 0 0 1.169 -2.136 0 2.97738 0 0
0 0 0 1430217645 578813 0 0 0 1.169 -2.136 0 2.97738 0 0
0 0 0 1430217645 618792 0 0 0 1.169 -2.136 0 2.97738 0 0
0 0 0 1430217645 658922 0 0 0 1.169 -2.136 0 2.97738 0 0
0 0 0 1430217645 698933 0 0 0 1.169 -2.136 0 2.97738 0 0
0 0 0 1430217645 738954 0 0 0 1.169 -2.136 0 2.97738 0 0
0 0 0 1430217645 778929 0 0 0 1.169 -2.136 0 2.97738 0 0
0 0 0 1430217645 818930 0 0 0 1.169 -2.136 0 2.97738 0 0
0 0 0 1430217645 858912 0 0 0 1.169 -2.136 0 2.97738 0 0
0 0 0 1430217645 898935 0 0 0 1.169 -2.136 0 2.97738 0 0
0 0 0 1430217645 938912 0 0 0 1.169 -2.136 0 2.97738 0 0
0 0 0 1430217645 979067 0 0 0 1.169 -2.136 0 2.97738 0 0
0 0 0 1430217646 19072 0 0 0 1.169 -2.136 0 2.97738 0 0
0 0 0 1430217646 59008 0 0 0 1.169 -2.136 0 2.97738 0 0
0 0 0 1430217646 99040 0 0 0 1.169 -2.136 0 2.97738 0 0
0 0 0 1430217646 139065 0 0 0 1.169 -2.136 0 2.97738 0 0
0 0 0 1430217646 179074 0 0 0 1.169 -2.136 0 2.97738 0 0
0 0 0 1430217646 219060 0 0 0 1.169 -2.136 0 2.97738 0 0
0 0 0 1430217646 259056 0 0 0 1.169 -2.136 0 2.97738 0 0
0 0 0 1430217646 299158 0 0 0 1.169 -2.136 0 2.97738 0 0
0 0 0 1430217646 339109 0 0 0 1.169 -2.136 0 2.97738 0 0
0 0 0 1430217646 379163 0 0 0 1.169 -2.136 0 2.97738 0 0
0 0 0 1430217646 419167 0 0 0 1.169 -2.136 0 2.97738 0 0
0 0 0 1430217646 459164 0 0 0 1.169 -2.136 0 2.97738 0 0
0 0 0 1430217646 499174 0 0 0 1.169 -2.136 0 2.97738 0 0
0 0 0 1430217646 539317 0 0 0 1.169 -2.136 0 2.97738 0 0
0 0 0 1430217646 579329 0 0 0 1.169 -2.136 0 2.97738 0 0
0 0 0 1430217646 619324 0 0 0 1.169 -2.136 0 2.97738 0 0
0 0 0 1430217646 659327 0 0 0 1.169 -2.136 0 2.97738 0 0
0 0 0 1430217646 699317 0 0 0 1.169 -2.136 0 2.97738 0 0
0 0 0 1430217646 739326 0 0 0 1.169 -2.136 0 2.97738 0 0
0 0 0 1430217646 779314 0 0 0 1.169 -2.136 0 2.97738 0 0
0 0 0 1430217646 819392 0 0 0 1.169 -2.136 0 2.97738 0 0
0 0 0 1430217646 859430 0 0 0 1.169 -2.136 0 2.97738 0 0
0 0 0 1430217646 899448 0 0 0 1.169 -2.136 0 2.97738 0 0
0 0 0 1430217646 939407 0 0 0 1.169 -2.136 0 2.97738 0 0
0 0 0 1430217646 979394 0 0 0 1.169 -2.136 0 2.97738 0 0
0 0 0 1430217647 19439 0 0 0 1.169 -2.136 0 2.97738 0 0
0 0 0 1430217647 59420 0 0 0 1.169 -2.136 0 2.97738 0 0
0 0 0 1430217647 99570 0 0 0 1.169 -2.136 0 2.97738 0 0
0 0 0 1430217647 139454 0 0 0 1.169 -2.136 0 2.97738 0 0
0 0 0 1430217647 179545 0 0 0 1.169 -2.136 0 2.97738 0 0
0 0 0 1430217647 219537 0 0 0 1.169 -2.136 0 2.97738 0 0
0 0 0 1430217647 259535 0 0 0 1.169 -2.136 0 2.97738 0 0
0 0 0 1430217647 299571 0 0 0 1.169 -2.136 0 2.97738 0 0
0 0 0 1430217647 339567 0 0 0 1.169 -2.136 0 2.97738 0 0
0 0 0 1430217647 379689 0 0 0 1.169 -2.136 0 2.97738 0 0
0 0 0 1430217647 419559 0 0 0 1.169 -2.136 0 2.97738 0 0
0 0 0 1430217647 459630 0 0 0 1.169 -2.136 0 2.97738 0 0
0 0 0 1430217647 499673 0 0 0 1.169 -2.136 0 2.97738 0 0
0 0 0 1430217647 539816 0 0 0 1.169 -2.136 0 2.97738 0 0
0 0 0 1430217647 579802 0 0 0 1.169 -2.136 0 2.97738 0 0
0 0 0 1430217647 619807 0 0 0 1.169 -2.136 0 2.97738 0 0
0 0 0 1430217647 659686 0 0 0 1.169 -2.136 0 2.97738 0 0
0 0 0 1430217647 699797 0 0 0 1.169 -2.136 0 2.97738 0 0
0 0 0 1430217647 719794 0 0 0 1.169 -2.136 0 2.97738 0 0
0 0 0 1430217647 739682 0 0 0 1.169 -2.136 0 2.97738 0 0
0 0 0 1430217647 779825 0 0 0 1.169 -2.136 0 2.97738 0 0
0 0 0 1430217647 819830 0 0 0 1.169 -2.136 0 2.97738 0 0
0 0 0 1430217647 859758 0 0 0 1.169 -2.136 0 2.97738 0 0
0 0 0 1430217647 899781 0 0 0 1.169 -2.136 0 2.97738 0 0
0 0 0 1430217647 939825 0 0 0 1.169 -2.136 0 2.97738 0 0
0 0 0 1430217647 979922 0 0 0 1.169 -2.136 0 2.97738 0 0
0 0 0 1430217648 19930 0 0 0 1.169 -2.136 0 2.97738 0 0
0 0 0 1430217648 59918 0 0 0 1.169 -2.136 0 2.97738 0 0
0 0 0 1430217648 99879 0 0 0 1.169 -2.136 0 2.97738 0 0
0 0 0 1430217648 139873 0 0 0 1.169 -2.136 0 2.97738 0 0
0 0 0 1430217648 179881 0 0 0 1.169 -2.136 0 2.97738 0 0
0 0 0 1430217648 219878 0 0 0 1.169 -2.136 0 2.97738 0 0
0 0 0 1430217648 259877 0 0 0 1.169 -2.136 0 2.97738 0 0
0 0 0 1430217648 299879 0 0 0 1.169 -2.136 0 2.97738 0 0
0 0 0 1430217648 340001 0 0 0 1.169 -2.136 0 2.97738 0 0
0 0 0 1430217648 380006 0 0 0 1.169 -2.136 0 2.97738 0 0
0 0 0 1430217648 420000 0 0 0 1.169 -2.136 0 2.97738 0 0
0 0 0 1430217648 460004 0 0 0 1.169 -2.136 0 2.97738 0 0
0 0 0 1430217648 500068 0 0 0 1.169 -2.136 0 2.97738 0 0
0 0 0 1430217648 540005 0 0 0 1.169 -2.136 0 2.97738 0 0
0 0 0 1430217648 580009 0 0 0 1.169 -2.136 0 2.97738 0 0
0 0 0 1430217648 620096 0 0 0 1.169 -2.136 0 2.97738 0 0
0 0 0 1430217648 660110 0 0 0 1.169 -2.136 0 2.97738 0 0
0 0 0 1430217648 700167 0 0 0 1.169 -2.136 0 2.97738 0 0
0 0 0 1430217648 740173 0 0 0 1.169 -2.136 0 2.97738 0 0
0 0 0 1430217648 780178 0 0 0 1.169 -2.136 0 2.97738 0 0
0 0 0 1430217648 820185 0 0 0 1.169 -2.136 0 2.97738 0 0
0 0 0 1430217648 860267 0 0 0 1.169 -2.136 0 2.97738 0 0
0 0 0 1430217648 900301 0 0 0 1.169 -2.136 0 2.97738 0 0
0 0 0 1430217648 920322 0 0 0 1.169 -2.136 0 2.97738 0 0
0 0 0 1430217648 940296 0 0 0 1.169 -2.136 0 2.97738 0 0
0 0 0 1430217648 980311 0 0 0 1.169 -2.136 0 2.97738 0 0
0 0 0 1430217649 20296 0 0 0 1.169 -2.136 0 2.97738 0 0
0 0 0 1430217649 60323 0 0 0 1.169 -2.136 0 2.97738 0 0
0 0 0 1430217649 100289 0 0 0 1.169 -2.136 0 2.97738 0 0
0 0 0 1430217649 140309 0 0 0 1.169 -2.136 0 2.97738 0 0
0 0 0 1430217649 180425 0 0 0 1.169 -2.136 0 2.97738 0 0
0 0 0 1430217649 220453 0 0 0 1.169 -2.136 0 2.97738 0 0
0 0 0 1430217649 260395 0 0 0 1.169 -2.136 0 2.97738 0 0
0 0 0 1430217649 300424 0 0 0 1.169 -2.136 0 2.97738 0 0
0 0 0 1430217649 340414 0 0 0 1.169 -2.136 0 2.97738 0 0
0 0 0 1430217649 380427 0 0 0 1.169 -2.136 0 2.97738 0 0
0 0 0 1430217649 420449 0 0 0 1.169 -2.136 0 2.97738 0 0
0 0 0 1430217649 460433 0 0 0 1.169 -2.136 0 2.97738 0 0
0 0 0 1430217649 500539 0 0 0 1.169 -2.136 0 2.97738 0 0
0 0 0 1430217649 540556 0 0 0 1.169 -2.136 0 2.97738 0 0
0 0 0 1430217649 580552 0 0 0 1.169 -2.136 0 2.97738 0 0
0 0 0 1430217649 620547 0 0 0 1.169 -2.136 0 2.97738 0 0
0 0 0 1430217649 660558 0 0 0 1.169 -2.136 0 2.97738 0 0
0 0 0 1430217649 700568 0 0 0 1.169 -2.136 0 2.97738 0 0
0 0 0 1430217649 740560 0 0 0 1.169 -2.136 0 2.97738 0 0
0 0 0 1430217649 780663 0 0 0 1.169 -2.136 0 2.97738 0 0
0 0 0 1430217649 820681 0 0 0 1.169 -2.136 0 2.97738 0 0
0 0 0 1430217649 860801 0 0 0 1.169 -2.136 0 2.97738 0 0
0 0 0 1430217649 900782 0 0 0 1.169 -2.136 0 2.97738 0 0
0 0 0 1430217649 940803 0 0 0 1.169 -2.136 0 2.97738 0 0
0 0 0 1430217649 980691 0 0 0 1.169 -2.136 0 2.97738 0 0
0 0 0 1430217650 20801 0 0 0 1.169 -2.136 0 2.97738 0 0
0 0 0 1430217650 60821 0 0 0 1.169 -2.136 0 2.97738 0 0
0 0 0 1430217650 100820 0 0 0 1.169 -2.136 0 2.97738 0 0
0 0 0 1430217650 140815 0 0 0 1.169 -2.136 0 2.97738 0 0
0 0 0 1430217650 180788 0 0 0 1.169 -2.136 0 2.97738 0 0
0 0 0 1430217650 220785 0 0 0 1.169 -2.136 0 2.97738 0 0
0 0 0 1430217650 260815 0 0 0 1.169 -2.136 0 2.97738 0 0
0 0 0 1430217650 300923 0 0 0 1.169 -2.136 0 2.97738 0 0
0 0 0 1430217650 340917 0 0 0 1.169 -2.136 0 2.97738 0 0
0 0 0 1430217650 380901 0 0 0 1.169 -2.136 0 2.97738 0 0
0 0 0 1430217650 420952 0 0 0 1.169 -2.136 0 2.97738 0 0
0 0 0 1430217650 460911 0 0 0 1.169 -2.136 0 2.97738 0 0
0 0 0 1430217650 500905 0 0 0 1.169 -2.136 0 2.97738 0 0
0 0 0 1430217650 540927 0 0 0 1.169 -2.136 0 2.97738 0 0
0 0 0 1430217650 581068 0 0 0 1.169 -2.136 0 2.97738 0 0
0 0 0 1430217650 620916 0 0 0 1.169 -2.136 0 2.97738 0 0
0 0 0 1430217650 661040 0 0 0 1.169 -2.136 0 2.97738 0 0
0 0 0 1430217650 701043 0 0 0 1.169 -2.136 0 2.97738 0 0
0 0 0 1430217650 741070 0 0 0 1.169 -2.136 0 2.97738 0 0
0 0 0 1430217650 781070 0 0 0 1.169 -2.136 0 2.97738 0 0
0 0 0 1430217650 821045 0 0 0 1.169 -2.136 0 2.97738 0 0
0 0 0 1430217650 861081 0 0 0 1.169 -2.136 0 2.97738 0 0
0 0 0 1430217650 901189 0 0 0 1.169 -2.136 0 2.97738 0 0
0 0 0 1430217650 941192 0 0 0 1.169 -2.136 0 2.97738 0 0
0 0 0 1430217650 981160 0 0 0 1.169 -2.136 0 2.97738 0 0
0 0 0 1430217651 21186 0 0 0 1.169 -2.136 0 2.97738 0 0
0 0 0 1430217651 61149 0 0 0 1.169 -2.136 0 2.97738 0 0
0 0 0 1430217651 101210 0 0 0 1.169 -2.136 0 2.97738 0 0
0 0 0 1430217651 141187 0 0 0 1.169 -2.136 0 2.97738 0 0
0 0 0 1430217651 181190 0 0 0 1.169 -2.136 0 2.97738 0 0
0 0 0 1430217651 221294 0 0 0 1.169 -2.136 0 2.97738 0 0
0 0 0 1430217651 261310 0 0 0 1.169 -2.136 0 2.97738 0 0
0 0 0 1430217651 301296 0 0 0 1.169 -2.136 0 2.97738 0 0
0 0 0 1430217651 341307 0 0 0 1.169 -2.136 0 2.97738 0 0
0 0 0 1430217651 381308 0 0 0 1.169 -2.136 0 2.97738 0 0
0 0 0 1430217651 421314 0 0 0 1.169 -2.136 0 2.97738 0 0
0 0 0 1430217651 461324 0 0 0 1.169 -2.136 0 2.97738 0 0
0 0 0 1430217651 501281 0 0 0 1.169 -2.136 0 2.97738 0 0
0 0 0 1430217651 541433 0 0 0 1.169 -2.136 0 2.97738 0 0
0 0 0 1430217651 581452 0 0 0 1.169 -2.136 0 2.97738 0 0
0 0 0 1430217651 621426 0 0 0 1.169 -2.136 0 2.97738 0 0
0 0 0 1430217651 661412 0 0 0 1.169 -2.136 0 2.97738 0 0
0 0 0 1430217651 701452 0 0 0 1.169 -2.136 0 2.97738 0 0
0 0 0 1430217651 741419 0 0 0 1.169 -2.136 0 2.97738 0 0
0 0 0 1430217651 781521 0 0 0 1.169 -2.136 0 2.97738 0 0
0 0 0 1430217651 821561 0 0 0 1.169 -2.136 0 2.97738 0 0
0 0 0 1430217651 861537 0 0 0 1.169 -2.136 0 2.97738 0 0
0 0 0 1430217651 901515 0 0 0 1.169 -2.136 0 2.97738 0 0
0 0 0 1430217651 941541 0 0 0 1.169 -2.136 0 2.97738 0 0
0 0 0 1430217651 981546 0 0 0 1.169 -2.136 0 2.97738 0 0
0 0 0 1430217652 21540 0 0 0 1.169 -2.136 0 2.97738 0 0
0 0 0 1430217652 61569 0 0 0 1.169 -2.136 0 2.97738 0 0
0 0 0 1430217652 101694 0 0 0 1.169 -2.136 0 2.97738 0 0
0 0 0 1430217652 141661 0 0 0 1.169 -2.136 0 2.97738 0 0
0 0 0 1430217652 181666 0 0 0 1.169 -2.136 0 2.97738 0 0
0 0 0 1430217652 221667 0 0 0 1.169 -2.136 0 2.97738 0 0
0 0 0 1430217652 261799 0 0 0 1.169 -2.136 0 2.97738 0 0
0 0 0 1430217652 301694 0 0 0 1.169 -2.136 0 2.97738 0 0
0 0 0 1430217652 341686 0 0 0 1.169 -2.136 0 2.97738 0 0
0 0 0 1430217652 381723 0 0 0 1.169 -2.136 0 2.97738 0 0
0 0 0 1430217652 421784 0 0 0 1.169 -2.136 0 2.97738 0 0
0 0 0 1430217652 461785 0 0 0 1.169 -2.136 0 2.97738 0 0
0 0 0 1430217652 501738 0 0 0 1.169 -2.136 0 2.97738 0 0
0 0 0 1430217652 541828 0 0 0 1.169 -2.136 0 2.97738 0 0
0 0 0 1430217652 581834 0 0 0 1.169 -2.136 0 2.97738 0 0
0 0 0 1430217652 621935 0 0 0 1.169 -2.136 0 2.97738 0 0
0 0 0 1430217652 661913 0 0 0 1.169 -2.136 0 2.97738 0 0
0 0 0 1430217652 701922 0 0 0 1.169 -2.136 0 2.97738 0 0
0 0 0 1430217652 741897 0 0 0 1.169 -2.136 0 2.97738 0 0
0 0 0 1430217652 781921 0 0 0 1.169 -2.136 0 2.97738 0 0
0 0 0 1430217652 821893 0 0 0 1.169 -2.136 0 2.97738 0 0
0 0 0 1430217652 861915 0 0 0 1.169 -2.136 0 2.97738 0 0
0 0 0 1430217652 901931 0 0 0 1.169 -2.136 0 2.97738 0 0
0 0 0 1430217652 942039 0 0 0 1.169 -2.136 0 2.97738 0 0
