0 0 0 1430216681 263718 0 0 0 -4.26 -7.853 0 -2.6066 0 0
0 0 0 1430216681 283716 0 0 0 -4.26 -7.853 0 -2.6066 0 0
0 0 0 1430216681 303707 0 0 0 -4.26 -7.853 0 -2.6066 0 0
0 0 0 1430216681 323801 0 0 0 -4.26 -7.853 0 -2.6066 0 0
0 0 0 1430216681 343847 0 0 0 -4.26 -7.853 0 -2.6066 0 0
0 0 0 1430216681 363843 0 0 0 -4.26 -7.853 0 -2.6066 0 0
0 0 0 1430216681 383834 0 0 0 -4.26 -7.853 0 -2.6066 0 0
0 0 0 1430216681 403839 0 0 0 -4.26 -7.853 0 -2.6066 0 0
0 0 0 1430216681 423837 0 0 0 -4.26 -7.853 0 -2.6066 0 0
0 0 0 1430216681 443821 0 0 0 -4.26 -7.853 0 -2.6066 0 0
0 0 0 1430216681 463824 0 0 0 -4.26 -7.853 0 -2.6066 0 0
0 0 0 1430216681 483856 0 0 0 -4.26 -7.853 0 -2.6066 0 0
0 0 0 1430216681 503855 0 0 0 -4.26 -7.853 0 -2.6066 0 0
0 0 0 1430216681 523844 0 0 0 -4.26 -7.853 0 -2.6066 0 0
0 0 0 1430216681 543835 0 0 0 -4.26 -7.853 0 -2.6066 0 0
0 0 0 1430216681 563859 0 0 0 -4.26 -7.853 0 -2.6066 0 0
0 0 0 1430216681 583846 0 0 0 -4.26 -7.853 0 -2.6066 0 0
0 0 0 1430216681 603968 0 0 0 -4.26 -7.853 0 -2.6066 0 0
0 0 0 1430216681 623865 0 0 0 -4.26 -7.853 0 -2.6066 0 0
0 0 0 1430216681 643991 0 0 0 -4.26 -7.853 0 -2.6066 0 0
0 0 0 1430216681 663918 0 0 0 -4.26 -7.853 0 -2.6066 0 0
0 0 0 1430216681 683935 0 0 0 -4.26 -7.853 0 -2.6066 0 0
0 0 0 1430216681 703929 0 0 0 -4.26 -7.853 0 -2.6066 0 0
0 0 0 1430216681 723976 0 0 0 -4.26 -7.853 0 -2.6066 0 0
0 0 0 1430216681 743958 0 0 0 -4.26 -7.853 0 -2.6066 0 0
0 0 0 1430216681 763942 0 0 0 -4.26 -7.853 0 -2.6066 0 0
0 0 0 1430216681 783963 0 0 0 -4.26 -7.853 0 -2.6066 0 0
0 0 0 1430216681 803953 0 0 0 -4.26 -7.853 0 -2.6066 0 0
0 0 0 1430216681 823980 0 0 0 -4.26 -7.853 0 -2.6066 0 0
0 0 0 1430216681 843981 0 0 0 -4.26 -7.853 0 -2.6066 0 0
0 0 0 1430216681 863972 0 0 0 -4.26 -7.853 0 -2.6066 0 0
0 0 0 1430216681 883986 0 0 0 -4.26 -7.853 0 -2.6066 0 0
0 0 0 1430216681 903968 0 0 0 -4.26 -7.853 0 -2.6066 0 0
0 0 0 1430216681 924074 0 0 0 -4.26 -7.853 0 -2.6066 0 0
0 0 0 1430216681 944090 0 0 0 -4.26 -7.853 0 -2.6066 0 0
0 0 0 1430216681 964071 0 0 0 -4.26 -7.853 0 -2.6066 0 0
0 0 0 1430216681 984108 0 0 0 -4.26 -7.853 0 -2.6066 0 0
0 0 0 1430216682 4021 0 0 0 -4.26 -7.853 0 -2.6066 0 0
0 0 0 1430216682 24092 0 0 0 -4.26 -7.853 0 -2.6066 0 0
0 0 0 1430216682 44091 0 0 0 -4.26 -7.853 0 -2.6066 0 0
0 0 0 1430216682 64095 0 0 0 -4.26 -7.853 0 -2.6066 0 0
0 0 0 1430216682 84089 0 0 0 -4.26 -7.853 0 -2.6066 0 0
0 0 0 1430216682 104068 0 0 0 -4.26 -7.853 0 -2.6066 0 0
0 0 0 1430216682 124062 0 0 0 -4.26 -7.853 0 -2.6066 0 0
0 0 0 1430216682 144092 0 0 0 -4.26 -7.853 0 -2.6066 0 0
0 0 0 1430216682 164072 0 0 0 -4.26 -7.853 0 -2.6066 0 0
0 0 0 1430216682 184109 0 0 0 -4.26 -7.853 0 -2.6066 0 0
0 0 0 1430216682 204238 0 0 0 -4.26 -7.853 0 -2.6066 0 0
0 0 0 1430216682 224195 0 0 0 -4.26 -7.853 0 -2.6066 0 0
0 0 0 1430216682 244214 0 0 0 -4.26 -7.853 0 -2.6066 0 0
0 0 0 1430216682 264223 0 0 0 -4.26 -7.853 0 -2.6066 0 0
0 0 0 1430216682 284548 0 0 0 -4.26 -7.853 0 -2.6066 0 0
0 0 0 1430216682 304211 0 0 0 -4.26 -7.853 0 -2.6066 0 0
0 0 0 1430216682 324200 0 0 0 -4.26 -7.853 0 -2.6066 0 0
0 0 0 1430216682 344195 0 0 0 -4.26 -7.853 0 -2.6066 0 0
0 0 0 1430216682 364191 0 0 0 -4.26 -7.853 0 -2.6066 0 0
0 0 0 1430216682 384322 0 0 0 -4.26 -7.853 0 -2.6066 0 0
0 0 0 1430216682 404177 0 0 0 -4.26 -7.853 0 -2.6066 0 0
0 0 0 1430216682 424322 0 0 0 -4.26 -7.853 0 -2.6066 0 0
0 0 0 1430216682 444275 0 0 0 -4.26 -7.853 0 -2.6066 0 0
0 0 0 1430216682 464208 0 0 0 -4.26 -7.853 0 -2.6066 0 0
0 0 0 1430216682 484367 0 0 0 -4.26 -7.853 0 -2.6066 0 0
0 0 0 1430216682 504277 0 0 0 -4.26 -7.853 0 -2.6066 0 0
0 0 0 1430216682 524219 0 0 0 -4.26 -7.853 0 -2.6066 0 0
0 0 0 1430216682 544364 0 0 0 -4.26 -7.853 0 -2.6066 0 0
0 0 0 1430216682 564366 0 0 0 -4.26 -7.853 0 -2.6066 0 0
0 0 0 1430216682 584381 0 0 0 -4.26 -7.853 0 -2.6066 0 0
0 0 0 1430216682 604382 0 0 0 -4.26 -7.853 0 -2.6066 0 0
0 0 0 1430216682 624372 0 0 0 -4.26 -7.853 0 -2.6066 0 0
0 0 0 1430216682 644356 0 0 0 -4.26 -7.853 0 -2.6066 0 0
0 0 0 1430216682 664318 0 0 0 -4.26 -7.853 0 -2.6066 0 0
0 0 0 1430216682 684354 0 0 0 -4.26 -7.853 0 -2.6066 0 0
0 0 0 1430216682 704340 0 0 0 -4.26 -7.853 0 -2.6066 0 0
0 0 0 1430216682 724363 0 0 0 -4.26 -7.853 0 -2.6066 0 0
0 0 0 1430216682 744476 0 0 0 -4.26 -7.853 0 -2.6066 0 0
0 0 0 1430216682 764485 0 0 0 -4.26 -7.853 0 -2.6066 0 0
0 0 0 1430216682 784470 0 0 0 -4.26 -7.853 0 -2.6066 0 0
0 0 0 1430216682 804471 0 0 0 -4.26 -7.853 0 -2.6066 0 0
0 0 0 1430216682 824465 0 0 0 -4.26 -7.853 0 -2.6066 0 0
0 0 0 1430216682 844490 0 0 0 -4.26 -7.853 0 -2.6066 0 0
0 0 0 1430216682 864487 0 0 0 -4.26 -7.853 0 -2.6066 0 0
0 0 0 1430216682 884410 0 0 0 -4.26 -7.853 0 -2.6066 0 0
0 0 0 1430216682 904455 0 0 0 -4.26 -7.853 0 -2.6066 0 0
0 0 0 1430216682 924443 0 0 0 -4.26 -7.853 0 -2.6066 0 0
0 0 0 1430216682 944475 0 0 0 -4.26 -7.853 0 -2.6066 0 0
0 0 0 1430216682 964466 0 0 0 -4.26 -7.853 0 -2.6066 0 0
0 0 0 1430216682 984483 0 0 0 -4.26 -7.853 0 -2.6066 0 0
0 0 0 1430216683 4451 0 0 0 -4.26 -7.853 0 -2.6066 0 0
0 0 0 1430216683 24456 0 0 0 -4.26 -7.853 0 -2.6066 0 0
0 0 0 1430216683 44464 0 0 0 -4.26 -7.853 0 -2.6066 0 0
0 0 0 1430216683 64606 0 0 0 -4.26 -7.853 0 -2.6066 0 0
0 0 0 1430216683 84557 0 0 0 -4.26 -7.853 0 -2.6066 0 0
0 0 0 1430216683 104587 0 0 0 -4.26 -7.853 0 -2.6066 0 0
0 0 0 1430216683 124619 0 0 0 -4.26 -7.853 0 -2.6066 0 0
0 0 0 1430216683 144610 0 0 0 -4.26 -7.853 0 -2.6066 0 0
0 0 0 1430216683 164580 0 0 0 -4.26 -7.853 0 -2.6066 0 0
0 0 0 1430216683 184589 0 0 0 -4.26 -7.853 0 -2.6066 0 0
0 0 0 1430216683 204595 0 0 0 -4.26 -7.853 0 -2.6066 0 0
0 0 0 1430216683 224596 0 0 0 -4.26 -7.853 0 -2.6066 0 0
0 0 0 1430216683 244589 0 0 0 -4.26 -7.853 0 -2.6066 0 0
0 0 0 1430216683 264592 0 0 0 -4.26 -7.853 0 -2.6066 0 0
0 0 0 1430216683 284587 0 0 0 -4.26 -7.853 0 -2.6066 0 0
0 0 0 1430216683 304592 0 0 0 -4.26 -7.853 0 -2.6066 0 0
0 0 0 1430216683 324598 0 0 0 -4.26 -7.853 0 -2.6066 0 0
0 0 0 1430216683 344737 0 0 0 -4.26 -7.853 0 -2.6066 0 0
0 0 0 1430216683 364711 0 0 0 -4.26 -7.853 0 -2.6066 0 0
0 0 0 1430216683 384735 0 0 0 -4.26 -7.853 0 -2.6066 0 0
0 0 0 1430216683 404715 0 0 0 -4.26 -7.853 0 -2.6066 0 0
0 0 0 1430216683 424733 0 0 0 -4.26 -7.853 0 -2.6066 0 0
0 0 0 1430216683 444709 0 0 0 -4.26 -7.853 0 -2.6066 0 0
0 0 0 1430216683 464719 0 0 0 -4.26 -7.853 0 -2.6066 0 0
0 0 0 1430216683 484719 0 0 0 -4.26 -7.853 0 -2.6066 0 0
0 0 0 1430216683 504729 0 0 0 -4.26 -7.853 0 -2.6066 0 0
0 0 0 1430216683 524699 0 0 0 -4.26 -7.853 0 -2.6066 0 0
0 0 0 1430216683 544716 0 0 0 -4.26 -7.853 0 -2.6066 0 0
0 0 0 1430216683 564651 0 0 0 -4.26 -7.853 0 -2.6066 0 0
0 0 0 1430216683 584748 0 0 0 -4.26 -7.853 0 -2.6066 0 0
0 0 0 1430216683 604734 0 0 0 -4.26 -7.853 0 -2.6066 0 0
0 0 0 1430216683 624719 0 0 0 -4.26 -7.853 0 -2.6066 0 0
0 0 0 1430216683 644852 0 0 0 -4.26 -7.853 0 -2.6066 0 0
0 0 0 1430216683 664847 0 0 0 -4.26 -7.853 0 -2.6066 0 0
0 0 0 1430216683 684848 0 0 0 -4.26 -7.853 0 -2.6066 0 0
0 0 0 1430216683 704834 0 0 0 -4.26 -7.853 0 -2.6066 0 0
0 0 0 1430216683 724841 0 0 0 -4.26 -7.853 0 -2.6066 0 0
0 0 0 1430216683 744846 0 0 0 -4.26 -7.853 0 -2.6066 0 0
0 0 0 1430216683 764795 0 0 0 -4.26 -7.853 0 -2.6066 0 0
0 0 0 1430216683 784821 0 0 0 -4.26 -7.853 0 -2.6066 0 0
0 0 0 1430216683 804844 0 0 0 -4.26 -7.853 0 -2.6066 0 0
0 0 0 1430216683 824824 0 0 0 -4.26 -7.853 0 -2.6066 0 0
0 0 0 1430216683 844852 0 0 0 -4.26 -7.853 0 -2.6066 0 0
0 0 0 1430216683 864771 0 0 0 -4.26 -7.853 0 -2.6066 0 0
0 0 0 1430216683 884851 0 0 0 -4.26 -7.853 0 -2.6066 0 0
0 0 0 1430216683 904833 0 0 0 -4.26 -7.853 0 -2.6066 0 0
0 0 0 1430216683 924892 0 0 0 -4.26 -7.853 0 -2.6066 0 0
0 0 0 1430216683 944833 0 0 0 -4.26 -7.853 0 -2.6066 0 0
0 0 0 1430216683 964999 0 0 0 -4.26 -7.853 0 -2.6066 0 0
0 0 0 1430216683 984958 0 0 0 -4.26 -7.853 0 -2.6066 0 0
0 0 0 1430216684 4866 0 0 0 -4.26 -7.853 0 -2.6066 0 0
0 0 0 1430216684 24980 0 0 0 -4.26 -7.853 0 -2.6066 0 0
0 0 0 1430216684 44962 0 0 0 -4.26 -7.853 0 -2.6066 0 0
0 0 0 1430216684 64920 0 0 0 -4.26 -7.853 0 -2.6066 0 0
0 0 0 1430216684 85413 0 0 0 -4.26 -7.853 0 -2.6066 0 0
0 0 0 1430216684 104975 0 0 0 -4.26 -7.853 0 -2.6066 0 0
0 0 0 1430216684 124961 0 0 0 -4.26 -7.853 0 -2.6066 0 0
0 0 0 1430216684 144981 0 0 0 -4.26 -7.853 0 -2.6066 0 0
0 0 0 1430216684 164897 0 0 0 -4.26 -7.853 0 -2.6066 0 0
0 0 0 1430216684 184990 0 0 0 -4.26 -7.853 0 -2.6066 0 0
0 0 0 1430216684 204963 0 0 0 -4.26 -7.853 0 -2.6066 0 0
0 0 0 1430216684 225091 0 0 0 -4.26 -7.853 0 -2.6066 0 0
0 0 0 1430216684 245088 0 0 0 -4.26 -7.853 0 -2.6066 0 0
0 0 0 1430216684 265111 0 0 0 -4.26 -7.853 0 -2.6066 0 0
0 0 0 1430216684 285074 0 0 0 -4.26 -7.853 0 -2.6066 0 0
0 0 0 1430216684 305082 0 0 0 -4.26 -7.853 0 -2.6066 0 0
0 0 0 1430216684 325093 0 0 0 -4.26 -7.853 0 -2.6066 0 0
0 0 0 1430216684 345083 0 0 0 -4.26 -7.853 0 -2.6066 0 0
0 0 0 1430216684 365078 0 0 0 -4.26 -7.853 0 -2.6066 0 0
0 0 0 1430216684 385117 0 0 0 -4.26 -7.853 0 -2.6066 0 0
0 0 0 1430216684 405088 0 0 0 -4.26 -7.853 0 -2.6066 0 0
0 0 0 1430216684 425084 0 0 0 -4.26 -7.853 0 -2.6066 0 0
0 0 0 1430216684 445040 0 0 0 -4.26 -7.853 0 -2.6066 0 0
0 0 0 1430216684 465093 0 0 0 -4.26 -7.853 0 -2.6066 0 0
0 0 0 1430216684 485091 0 0 0 -4.26 -7.853 0 -2.6066 0 0
0 0 0 1430216684 505114 0 0 0 -4.26 -7.853 0 -2.6066 0 0
0 0 0 1430216684 525248 0 0 0 -4.26 -7.853 0 -2.6066 0 0
0 0 0 1430216684 545233 0 0 0 -4.26 -7.853 0 -2.6066 0 0
0 0 0 1430216684 565215 0 0 0 -4.26 -7.853 0 -2.6066 0 0
0 0 0 1430216684 585218 0 0 0 -4.26 -7.853 0 -2.6066 0 0
0 0 0 1430216684 605240 0 0 0 -4.26 -7.853 0 -2.6066 0 0
0 0 0 1430216684 625241 0 0 0 -4.26 -7.853 0 -2.6066 0 0
0 0 0 1430216684 645230 0 0 0 -4.26 -7.853 0 -2.6066 0 0
0 0 0 1430216684 665314 0 0 0 -4.26 -7.853 0 -2.6066 0 0
0 0 0 1430216684 685202 0 0 0 -4.26 -7.853 0 -2.6066 0 0
0 0 0 1430216684 705268 0 0 0 -4.26 -7.853 0 -2.6066 0 0
0 0 0 1430216684 725265 0 0 0 -4.26 -7.853 0 -2.6066 0 0
0 0 0 1430216684 745214 0 0 0 -4.26 -7.853 0 -2.6066 0 0
0 0 0 1430216684 765300 0 0 0 -4.26 -7.853 0 -2.6066 0 0
0 0 0 1430216684 785353 0 0 0 -4.26 -7.853 0 -2.6066 0 0
0 0 0 1430216684 805250 0 0 0 -4.26 -7.853 0 -2.6066 0 0
0 0 0 1430216684 825211 0 0 0 -4.26 -7.853 0 -2.6066 0 0
0 0 0 1430216684 845337 0 0 0 -4.26 -7.853 0 -2.6066 0 0
0 0 0 1430216684 865301 0 0 0 -4.26 -7.853 0 -2.6066 0 0
0 0 0 1430216684 885333 0 0 0 -4.26 -7.853 0 -2.6066 0 0
0 0 0 1430216684 905357 0 0 0 -4.26 -7.853 0 -2.6066 0 0
0 0 0 1430216684 925357 0 0 0 -4.26 -7.853 0 -2.6066 0 0
0 0 0 1430216684 945358 0 0 0 -4.26 -7.853 0 -2.6066 0 0
0 0 0 1430216684 965354 0 0 0 -4.26 -7.853 0 -2.6066 0 0
0 0 0 1430216684 985358 0 0 0 -4.26 -7.853 0 -2.6066 0 0
0 0 0 1430216685 5305 0 0 0 -4.26 -7.853 0 -2.6066 0 0
0 0 0 1430216685 25322 0 0 0 -4.26 -7.853 0 -2.6066 0 0
0 0 0 1430216685 45360 0 0 0 -4.26 -7.853 0 -2.6066 0 0
0 0 0 1430216685 65453 0 0 0 -4.26 -7.853 0 -2.6066 0 0
0 0 0 1430216685 85466 0 0 0 -4.26 -7.853 0 -2.6066 0 0
0 0 0 1430216685 105447 0 0 0 -4.26 -7.853 0 -2.6066 0 0
0 0 0 1430216685 125476 0 0 0 -4.26 -7.853 0 -2.6066 0 0
0 0 0 1430216685 145416 0 0 0 -4.26 -7.853 0 -2.6066 0 0
0 0 0 1430216685 165459 0 0 0 -4.26 -7.853 0 -2.6066 0 0
0 0 0 1430216685 185447 0 0 0 -4.26 -7.853 0 -2.6066 0 0
0 0 0 1430216685 205443 0 0 0 -4.26 -7.853 0 -2.6066 0 0
0 0 0 1430216685 225421 0 0 0 -4.26 -7.853 0 -2.6066 0 0
0 0 0 1430216685 245469 0 0 0 -4.26 -7.853 0 -2.6066 0 0
0 0 0 1430216685 265394 0 0 0 -4.26 -7.853 0 -2.6066 0 0
0 0 0 1430216685 285468 0 0 0 -4.26 -7.853 0 -2.6066 0 0
0 0 0 1430216685 305477 0 0 0 -4.26 -7.853 0 -2.6066 0 0
0 0 0 1430216685 325497 0 0 0 -4.26 -7.853 0 -2.6066 0 0
0 0 0 1430216685 345450 0 0 0 -4.26 -7.853 0 -2.6066 0 0
0 0 0 1430216685 365554 0 0 0 -4.26 -7.853 0 -2.6066 0 0
0 0 0 1430216685 385464 0 0 0 -4.26 -7.853 0 -2.6066 0 0
0 0 0 1430216685 405573 0 0 0 -4.26 -7.853 0 -2.6066 0 0
0 0 0 1430216685 445609 0 0 0 -4.26 -7.853 0 -2.6066 0 0
0 0 0 1430216685 485608 0 0 0 -4.26 -7.853 0 -2.6066 0 0
0 0 0 1430216685 525594 0 0 0 -4.26 -7.853 0 -2.6066 0 0
0 0 0 1430216685 545598 0 0 0 -4.26 -7.853 0 -2.6066 0 0
0 0 0 1430216685 565604 0 0 0 -4.26 -7.853 0 -2.6066 0 0
0 0 0 1430216685 605621 0 0 0 -4.26 -7.853 0 -2.6066 0 0
0 0 0 1430216685 645613 0 0 0 -4.26 -7.853 0 -2.6066 0 0
0 0 0 1430216685 685611 0 0 0 -4.26 -7.853 0 -2.6066 0 0
0 0 0 1430216685 725713 0 0 0 -4.26 -7.853 0 -2.6066 0 0
0 0 0 1430216685 765696 0 0 0 -4.26 -7.853 0 -2.6066 0 0
0 0 0 1430216685 785734 0 0 0 -4.26 -7.853 0 -2.6066 0 0
0 0 0 1430216685 805662 0 0 0 -4.26 -7.853 0 -2.6066 0 0
0 0 0 1430216685 845714 0 0 0 -4.26 -7.853 0 -2.6066 0 0
0 0 0 1430216685 885700 0 0 0 -4.26 -7.853 0 -2.6066 0 0
0 0 0 1430216685 925741 0 0 0 -4.26 -7.853 0 -2.6066 0 0
0 0 0 1430216685 965817 0 0 0 -4.26 -7.853 0 -2.6066 0 0
0 0 0 1430216686 5836 0 0 0 -4.26 -7.853 0 -2.6066 0 0
0 0 0 1430216686 45866 0 0 0 -4.26 -7.853 0 -2.6066 0 0
0 0 0 1430216686 85851 0 0 0 -4.26 -7.853 0 -2.6066 0 0
0 0 0 1430216686 125874 0 0 0 -4.26 -7.853 0 -2.6066 0 0
0 0 0 1430216686 165841 0 0 0 -4.26 -7.853 0 -2.6066 0 0
0 0 0 1430216686 185821 0 0 0 -4.26 -7.853 0 -2.6066 0 0
0 0 0 1430216686 205841 0 0 0 -4.26 -7.853 0 -2.6066 0 0
0 0 0 1430216686 225864 0 0 0 -4.26 -7.853 0 -2.6066 0 0
0 0 0 1430216686 245873 0 0 0 -4.26 -7.853 0 -2.6066 0 0
0 0 0 1430216686 265956 0 0 0 -4.26 -7.853 0 -2.6066 0 0
0 0 0 1430216686 285931 0 0 0 -4.26 -7.853 0 -2.6066 0 0
0 0 0 1430216686 305900 0 0 0 -4.26 -7.853 0 -2.6066 0 0
0 0 0 1430216686 325964 0 0 0 -4.26 -7.853 0 -2.6066 0 0
0 0 0 1430216686 345962 0 0 0 -4.26 -7.853 0 -2.6066 0 0
0 0 0 1430216686 365960 0 0 0 -4.26 -7.853 0 -2.6066 0 0
0 0 0 1430216686 385956 0 0 0 -4.26 -7.853 0 -2.6066 0 0
0 0 0 1430216686 405940 0 0 0 -4.26 -7.853 0 -2.6066 0 0
0 0 0 1430216686 445959 0 0 0 -4.26 -7.853 0 -2.6066 0 0
0 0 0 1430216686 485975 0 0 0 -4.26 -7.853 0 -2.6066 0 0
0 0 0 1430216686 525989 0 0 0 -4.26 -7.853 0 -2.6066 0 0
0 0 0 1430216686 566089 0 0 0 -4.26 -7.853 0 -2.6066 0 0
0 0 0 1430216686 606129 0 0 0 -4.26 -7.853 0 -2.6066 0 0
0 0 0 1430216686 646041 0 0 0 -4.26 -7.853 0 -2.6066 0 0
0 0 0 1430216686 686043 0 0 0 -4.26 -7.853 0 -2.60507 0 0
0 0 0 1430216686 726087 0 0 0 -4.26 -7.853 0 -2.60507 0 0
0 0 0 1430216686 766114 0 0 0 -4.26 -7.853 0 -2.60507 0 0
0 0 0 1430216686 806088 0 0 0 -4.26 -7.853 0 -2.60048 0 0
0 0 0 1430216686 826092 0 0 0 -4.26 -7.853 0 -2.59589 0 0
0 0 0 1430216686 846087 0 0 0 -4.26 -7.853 0 -2.5913 0 0
0 0 0 1430216686 886236 0 0 0 -4.26 -7.853 0 -2.58212 0 0
0 0 0 1430216686 926183 0 0 0 -4.26 -7.853 0 -2.57294 0 0
0 0 0 1430216686 966229 0 0 0 -4.26 -7.853 0 -2.56376 0 0
0 0 0 1430216687 6256 0 0 0 -4.26 -7.853 0 -2.55611 0 0
0 0 0 1430216687 46225 0 0 0 -4.26 -7.853 0 -2.55152 0 0
0 0 0 1430216687 66254 0 0 0 -4.26 -7.853 0 -2.54693 0 0
0 0 0 1430216687 86356 0 0 0 -4.26 -7.853 0 -2.54387 0 0
0 0 0 1430216687 126246 0 0 0 -4.26 -7.853 0 -2.53928 0 0
0 0 0 1430216687 166252 0 0 0 -4.26 -7.853 0 -2.53469 0 0
0 0 0 1430216687 206279 0 0 0 -4.26 -7.853 0 -2.52857 0 0
0 0 0 1430216687 246361 0 0 0 -4.26 -7.853 0 -2.52092 0 0
0 0 0 1430216687 286373 0 0 0 -4.26 -7.853 0 -2.5148 0 0
0 0 0 1430216687 326351 0 0 0 -4.26 -7.853 0 -2.50868 0 0
0 0 0 1430216687 346313 0 0 0 -4.26 -7.853 0 -2.50409 0 0
0 0 0 1430216687 366335 0 0 0 -4.26 -7.853 0 -2.4995 0 0
0 0 0 1430216687 386341 0 0 0 -4.26 -7.853 0 -2.49491 0 0
0 0 0 1430216687 406400 0 0 0 -4.26 -7.853 0 -2.48879 0 0
0 0 0 1430216687 446472 0 0 0 -4.26 -7.853 0 -2.47655 0 0
0 0 0 1430216687 486436 0 0 0 -4.26 -7.853 0 -2.46584 0 0
0 0 0 1430216687 526458 0 0 0 -4.26 -7.853 0 -2.4536 0 0
0 0 0 1430216687 566444 0 0 0 -4.26 -7.853 0 -2.44289 0 0
0 0 0 1430216687 606460 0 0 0 -4.26 -7.853 0 -2.43218 0 0
0 0 0 1430216687 646407 0 0 0 -4.26 -7.853 0 -2.42147 0 0
0 0 0 1430216687 686419 0 0 0 -4.26 -7.853 0 -2.41076 0 0
0 0 0 1430216687 726622 0 0 0 -4.26 -7.853 0 -2.40005 0 0
0 0 0 1430216687 766563 0 0 0 -4.26 -7.853 0 -2.38781 0 0
0 0 0 1430216687 806585 0 0 0 -4.26 -7.853 0 -2.37557 0 0
0 0 0 1430216687 846623 0 0 0 -4.26 -7.853 0 -2.36486 0 0
0 0 0 1430216687 886627 0 0 0 -4.26 -7.853 0 -2.35415 0 0
0 0 0 1430216687 926609 0 0 0 -4.26 -7.853 0 -2.34497 0 0
0 0 0 1430216687 966584 0 0 0 -4.26 -7.853 0 -2.33273 0 0
0 0 0 1430216688 6541 0 0 0 -4.26 -7.853 0 -2.32049 0 0
0 0 0 1430216688 46686 0 0 0 -4.26 -7.853 0 -2.30978 0 0
0 0 0 1430216688 86687 0 0 0 -4.26 -7.853 0 -2.29907 0 0
0 0 0 1430216688 126741 0 0 0 -4.26 -7.853 0 -2.28836 0 0
0 0 0 1430216688 166660 0 0 0 -4.26 -7.853 0 -2.27765 0 0
0 0 0 1430216688 206716 0 0 0 -4.26 -7.853 0 -2.26694 0 0
0 0 0 1430216688 246663 0 0 0 -4.26 -7.853 0 -2.2547 0 0
0 0 0 1430216688 286759 0 0 0 -4.26 -7.853 0 -2.24246 0 0
0 0 0 1430216688 326890 0 0 0 -4.26 -7.853 0 -2.23175 0 0
0 0 0 1430216688 366870 0 0 0 -4.26 -7.853 0 -2.21951 0 0
0 0 0 1430216688 406864 0 0 0 -4.26 -7.853 0 -2.2088 0 0
0 0 0 1430216688 446829 0 0 0 -4.26 -7.853 0 -2.19656 0 0
0 0 0 1430216688 486805 0 0 0 -4.26 -7.853 0 -2.18432 0 0
0 0 0 1430216688 535486 0 0 0 -4.26 -7.853 0 -2.17208 0 0
0 0 0 1430216688 566923 0 0 0 -4.26 -7.853 0 -2.15984 0 0
0 0 0 1430216688 606887 0 0 0 -4.26 -7.853 0 -2.14913 0 0
0 0 0 1430216688 646873 0 0 0 -4.26 -7.853 0 -2.13689 0 0
0 0 0 1430216688 686872 0 0 0 -4.26 -7.853 0 -2.12618 0 0
0 0 0 1430216688 726871 0 0 0 -4.26 -7.853 0 -2.11394 0 0
0 0 0 1430216688 766873 0 0 0 -4.26 -7.853 0 -2.1017 0 0
0 0 0 1430216688 806872 0 0 0 -4.26 -7.853 0 -2.08793 0 0
0 0 0 1430216688 846873 0 0 0 -4.26 -7.853 0 -2.07569 0 0
0 0 0 1430216688 887001 0 0 0 -4.26 -7.853 0 -2.06345 0 0
0 0 0 1430216688 926997 0 0 0 -4.26 -7.853 0 -2.05121 0 0
0 0 0 1430216688 966981 0 0 0 -4.26 -7.853 0 -2.03744 0 0
0 0 0 1430216689 6994 0 0 0 -4.26 -7.853 0 -2.02367 0 0
0 0 0 1430216689 46997 0 0 0 -4.26 -7.853 0 -2.0099 0 0
0 0 0 1430216689 86999 0 0 0 -4.26 -7.853 0 -1.99613 0 0
0 0 0 1430216689 127037 0 0 0 -4.26 -7.853 0 -1.98236 0 0
0 0 0 1430216689 167121 0 0 0 -4.26 -7.853 0 -1.96859 0 0
0 0 0 1430216689 207120 0 0 0 -4.26 -7.853 0 -1.95482 0 0
0 0 0 1430216689 247188 0 0 0 -4.26 -7.853 0 -1.94105 0 0
0 0 0 1430216689 287166 0 0 0 -4.26 -7.853 0 -1.92575 0 0
0 0 0 1430216689 327334 0 0 0 -4.26 -7.853 0 -1.91198 0 0
0 0 0 1430216689 367355 0 0 0 -4.26 -7.853 0 -1.89974 0 0
0 0 0 1430216689 407347 0 0 0 -4.26 -7.853 0 -1.88597 0 0
0 0 0 1430216689 447337 0 0 0 -4.26 -7.853 0 -1.87067 0 0
0 0 0 1430216689 487352 0 0 0 -4.26 -7.853 0 -1.8569 0 0
0 0 0 1430216689 527339 0 0 0 -4.26 -7.853 0 -1.84313 0 0
0 0 0 1430216689 567352 0 0 0 -4.26 -7.853 0 -1.82936 0 0
0 0 0 1430216689 607353 0 0 0 -4.26 -7.853 0 -1.81559 0 0
0 0 0 1430216689 647347 0 0 0 -4.26 -7.853 0 -1.80182 0 0
0 0 0 1430216689 687357 0 0 0 -4.26 -7.853 0 -1.78805 0 0
0 0 0 1430216689 727460 0 0 0 -4.26 -7.853 0 -1.77428 0 0
0 0 0 1430216689 767507 0 0 0 -4.26 -7.853 0 -1.75898 0 0
0 0 0 1430216689 807491 0 0 0 -4.26 -7.853 0 -1.74674 0 0
0 0 0 1430216689 847497 0 0 0 -4.26 -7.853 0 -1.73297 0 0
0 0 0 1430216689 887468 0 0 0 -4.26 -7.853 0 -1.7192 0 0
0 0 0 1430216689 927475 0 0 0 -4.26 -7.853 0 -1.7039 0 0
0 0 0 1430216689 967460 0 0 0 -4.26 -7.853 0 -1.69013 0 0
0 0 0 1430216690 7470 0 0 0 -4.26 -7.853 0 -1.67636 0 0
0 0 0 1430216690 47581 0 0 0 -4.26 -7.853 0 -1.66259 0 0
0 0 0 1430216690 87590 0 0 0 -4.26 -7.853 0 -1.64882 0 0
0 0 0 1430216690 127589 0 0 0 -4.26 -7.853 0 -1.63505 0 0
0 0 0 1430216690 167592 0 0 0 -4.26 -7.853 0 -1.62128 0 0
0 0 0 1430216690 207581 0 0 0 -4.26 -7.853 0 -1.60598 0 0
0 0 0 1430216690 247593 0 0 0 -4.26 -7.853 0 -1.59221 0 0
0 0 0 1430216690 287582 0 0 0 -4.26 -7.853 0 -1.57844 0 0
0 0 0 1430216690 327736 0 0 0 -4.26 -7.853 0 -1.56467 0 0
0 0 0 1430216690 367691 0 0 0 -4.26 -7.853 0 -1.54937 0 0
0 0 0 1430216690 407717 0 0 0 -4.26 -7.853 0 -1.53407 0 0
0 0 0 1430216690 447696 0 0 0 -4.26 -7.853 0 -1.5203 0 0
0 0 0 1430216690 487714 0 0 0 -4.26 -7.853 0 -1.50653 0 0
0 0 0 1430216690 527676 0 0 0 -4.26 -7.853 0 -1.49123 0 0
0 0 0 1430216690 567712 0 0 0 -4.26 -7.853 0 -1.47593 0 0
0 0 0 1430216690 607680 0 0 0 -4.26 -7.853 0 -1.46216 0 0
0 0 0 1430216690 647838 0 0 0 -4.26 -7.853 0 -1.44686 0 0
0 0 0 1430216690 687814 0 0 0 -4.26 -7.853 0 -1.43156 0 0
0 0 0 1430216690 727844 0 0 0 -4.26 -7.853 0 -1.41779 0 0
0 0 0 1430216690 767796 0 0 0 -4.26 -7.853 0 -1.40249 0 0
0 0 0 1430216690 807831 0 0 0 -4.26 -7.853 0 -1.38872 0 0
0 0 0 1430216690 847853 0 0 0 -4.26 -7.853 0 -1.37342 0 0
0 0 0 1430216690 887869 0 0 0 -4.26 -7.853 0 -1.35965 0 0
0 0 0 1430216690 927952 0 0 0 -4.26 -7.853 0 -1.34435 0 0
0 0 0 1430216690 967955 0 0 0 -4.26 -7.853 0 -1.33058 0 0
0 0 0 1430216691 7962 0 0 0 -4.26 -7.853 0 -1.31528 0 0
0 0 0 1430216691 47955 0 0 0 -4.26 -7.853 0 -1.30151 0 0
0 0 0 1430216691 87965 0 0 0 -4.26 -7.853 0 -1.28621 0 0
0 0 0 1430216691 127967 0 0 0 -4.26 -7.853 0 -1.27244 0 0
0 0 0 1430216691 167963 0 0 0 -4.26 -7.853 0 -1.25714 0 0
0 0 0 1430216691 208087 0 0 0 -4.26 -7.853 0 -1.24337 0 0
0 0 0 1430216691 248088 0 0 0 -4.26 -7.853 0 -1.22807 0 0
0 0 0 1430216691 288083 0 0 0 -4.26 -7.853 0 -1.21277 0 0
0 0 0 1430216691 328090 0 0 0 -4.26 -7.853 0 -1.199 0 0
0 0 0 1430216691 368102 0 0 0 -4.26 -7.853 0 -1.1837 0 0
0 0 0 1430216691 408121 0 0 0 -4.26 -7.853 0 -1.16993 0 0
0 0 0 1430216691 448074 0 0 0 -4.26 -7.853 0 -1.15463 0 0
0 0 0 1430216691 488095 0 0 0 -4.26 -7.853 0 -1.14086 0 0
0 0 0 1430216691 528182 0 0 0 -4.26 -7.853 0 -1.12556 0 0
0 0 0 1430216691 568208 0 0 0 -4.26 -7.853 0 -1.11026 0 0
0 0 0 1430216691 608180 0 0 0 -4.26 -7.853 0 -1.09649 0 0
0 0 0 1430216691 648209 0 0 0 -4.26 -7.853 0 -1.08119 0 0
0 0 0 1430216691 688314 0 0 0 -4.26 -7.853 0 -1.06742 0 0
0 0 0 1430216691 728333 0 0 0 -4.26 -7.853 0 -1.05212 0 0
0 0 0 1430216691 768299 0 0 0 -4.26 -7.853 0 -1.03682 0 0
0 0 0 1430216691 808335 0 0 0 -4.26 -7.853 0 -1.02305 0 0
0 0 0 1430216691 848338 0 0 0 -4.26 -7.853 0 -1.00775 0 0
0 0 0 1430216691 888367 0 0 0 -4.26 -7.853 0 -0.993975 0 0
0 0 0 1430216691 928313 0 0 0 -4.26 -7.853 0 -0.980205 0 0
0 0 0 1430216691 968340 0 0 0 -4.26 -7.853 0 -0.964905 0 0
0 0 0 1430216692 8309 0 0 0 -4.26 -7.853 0 -0.951135 0 0
0 0 0 1430216692 48339 0 0 0 -4.26 -7.853 0 -0.935835 0 0
0 0 0 1430216692 88452 0 0 0 -4.26 -7.853 0 -0.922065 0 0
0 0 0 1430216692 128459 0 0 0 -4.26 -7.853 0 -0.906765 0 0
0 0 0 1430216692 168451 0 0 0 -4.26 -7.853 0 -0.892995 0 0
0 0 0 1430216692 208457 0 0 0 -4.26 -7.853 0 -0.877695 0 0
0 0 0 1430216692 248511 0 0 0 -4.26 -7.853 0 -0.862395 0 0
0 0 0 1430216692 288463 0 0 0 -4.26 -7.853 0 -0.848625 0 0
0 0 0 1430216692 328462 0 0 0 -4.26 -7.853 0 -0.834855 0 0
0 0 0 1430216692 368615 0 0 0 -4.26 -7.853 0 -0.819555 0 0
0 0 0 1430216692 408593 0 0 0 -4.26 -7.853 0 -0.804255 0 0
0 0 0 1430216692 448590 0 0 0 -4.26 -7.853 0 -0.788955 0 0
0 0 0 1430216692 488589 0 0 0 -4.26 -7.853 0 -0.775185 0 0
0 0 0 1430216692 528590 0 0 0 -4.26 -7.853 0 -0.761415 0 0
0 0 0 1430216692 568588 0 0 0 -4.26 -7.853 0 -0.746115 0 0
0 0 0 1430216692 608591 0 0 0 -4.26 -7.853 0 -0.732345 0 0
0 0 0 1430216692 648815 0 0 0 -4.26 -7.853 0 -0.717045 0 0
0 0 0 1430216692 688731 0 0 0 -4.26 -7.853 0 -0.703275 0 0
0 0 0 1430216692 728689 0 0 0 -4.26 -7.853 0 -0.687975 0 0
0 0 0 1430216692 768641 0 0 0 -4.26 -7.853 0 -0.674205 0 0
0 0 0 1430216692 808628 0 0 0 -4.26 -7.853 0 -0.658905 0 0
0 0 0 1430216692 848680 0 0 0 -4.26 -7.853 0 -0.645135 0 0
0 0 0 1430216692 888636 0 0 0 -4.26 -7.853 0 -0.629835 0 0
0 0 0 1430216692 908633 0 0 0 -4.26 -7.853 0 -0.622185 0 0
0 0 0 1430216692 928630 0 0 0 -4.26 -7.853 0 -0.614535 0 0
0 0 0 1430216692 968753 0 0 0 -4.26 -7.853 0 -0.600765 0 0
0 0 0 1430216693 8756 0 0 0 -4.26 -7.853 0 -0.585465 0 0
0 0 0 1430216693 48752 0 0 0 -4.26 -7.853 0 -0.571695 0 0
0 0 0 1430216693 88761 0 0 0 -4.26 -7.853 0 -0.556395 0 0
0 0 0 1430216693 128754 0 0 0 -4.26 -7.853 0 -0.542625 0 0
0 0 0 1430216693 168754 0 0 0 -4.26 -7.853 0 -0.527325 0 0
0 0 0 1430216693 208753 0 0 0 -4.26 -7.853 0 -0.512025 0 0
0 0 0 1430216693 248755 0 0 0 -4.26 -7.853 0 -0.498255 0 0
0 0 0 1430216693 288877 0 0 0 -4.26 -7.853 0 -0.484485 0 0
0 0 0 1430216693 328877 0 0 0 -4.26 -7.853 0 -0.469185 0 0
0 0 0 1430216693 368927 0 0 0 -4.26 -7.853 0 -0.455415 0 0
0 0 0 1430216693 408882 0 0 0 -4.26 -7.853 0 -0.440115 0 0
0 0 0 1430216693 448906 0 0 0 -4.26 -7.853 0 -0.424815 0 0
0 0 0 1430216693 489017 0 0 0 -4.26 -7.853 0 -0.411045 0 0
0 0 0 1430216693 529091 0 0 0 -4.26 -7.853 0 -0.395745 0 0
0 0 0 1430216693 569059 0 0 0 -4.26 -7.853 0 -0.380445 0 0
0 0 0 1430216693 608986 0 0 0 -4.26 -7.853 0 -0.365145 0 0
0 0 0 1430216693 649009 0 0 0 -4.26 -7.853 0 -0.348315 0 0
0 0 0 1430216693 689008 0 0 0 -4.26 -7.853 0 -0.333015 0 0
0 0 0 1430216693 729004 0 0 0 -4.26 -7.853 0 -0.317715 0 0
0 0 0 1430216693 769005 0 0 0 -4.26 -7.853 0 -0.303945 0 0
0 0 0 1430216693 809006 0 0 0 -4.26 -7.853 0 -0.288645 0 0
0 0 0 1430216693 849130 0 0 0 -4.26 -7.853 0 -0.271815 0 0
0 0 0 1430216693 889131 0 0 0 -4.26 -7.853 0 -0.256515 0 0
0 0 0 1430216693 929177 0 0 0 -4.26 -7.853 0 -0.242745 0 0
0 0 0 1430216693 969258 0 0 0 -4.26 -7.853 0 -0.227445 0 0
0 0 0 1430216694 9261 0 0 0 -4.26 -7.853 0 -0.212145 0 0
0 0 0 1430216694 49252 0 0 0 -4.26 -7.853 0 -0.195315 0 0
0 0 0 1430216694 89252 0 0 0 -4.26 -7.853 0 -0.180015 0 0
0 0 0 1430216694 129252 0 0 0 -4.26 -7.853 0 -0.163185 0 0
0 0 0 1430216694 169345 0 0 0 -4.26 -7.853 0 -0.147885 0 0
0 0 0 1430216694 209268 0 0 0 -4.26 -7.853 0 -0.132585 0 0
0 0 0 1430216694 249316 0 0 0 -4.26 -7.853 0 -0.115755 0 0
0 0 0 1430216694 289345 0 0 0 -4.26 -7.853 0 -0.100455 0 0
0 0 0 1430216694 329300 0 0 0 -4.26 -7.853 0 -0.0836253 0 0
0 0 0 1430216694 369468 0 0 0 -4.26 -7.853 0 -0.0683253 0 0
0 0 0 1430216694 409519 0 0 0 -4.26 -7.853 0 -0.0514953 0 0
0 0 0 1430216694 449450 0 0 0 -4.26 -7.853 0 -0.0361953 0 0
0 0 0 1430216694 489459 0 0 0 -4.26 -7.853 0 -0.0193653 0 0
0 0 0 1430216694 529468 0 0 0 -4.26 -7.853 0 0.01224 0 0
0 0 0 1430216694 569458 0 0 0 -4.26 -7.853 0 0.02754 0 0
0 0 0 1430216694 609465 0 0 0 -4.26 -7.853 0 0.04437 0 0
0 0 0 1430216694 649440 0 0 0 -4.26 -7.853 0 0.0612 0 0
0 0 0 1430216694 689460 0 0 0 -4.26 -7.853 0 0.0765 0 0
0 0 0 1430216694 729592 0 0 0 -4.26 -7.853 0 0.0918 0 0
0 0 0 1430216694 769580 0 0 0 -4.26 -7.853 0 0.10863 0 0
0 0 0 1430216694 809586 0 0 0 -4.26 -7.853 0 0.12393 0 0
0 0 0 1430216694 849575 0 0 0 -4.26 -7.853 0 0.14076 0 0
0 0 0 1430216694 889587 0 0 0 -4.26 -7.853 0 0.15606 0 0
0 0 0 1430216694 929599 0 0 0 -4.26 -7.853 0 0.17289 0 0
0 0 0 1430216694 969681 0 0 0 -4.26 -7.853 0 0.18819 0 0
0 0 0 1430216695 9712 0 0 0 -4.26 -7.853 0 0.20502 0 0
0 0 0 1430216695 49722 0 0 0 -4.26 -7.853 0 0.22185 0 0
0 0 0 1430216695 89709 0 0 0 -4.26 -7.853 0 0.24021 0 0
0 0 0 1430216695 129714 0 0 0 -4.26 -7.853 0 0.25857 0 0
0 0 0 1430216695 169685 0 0 0 -4.26 -7.853 0 0.2754 0 0
0 0 0 1430216695 209716 0 0 0 -4.26 -7.853 0 0.29223 0 0
0 0 0 1430216695 249842 0 0 0 -4.26 -7.853 0 0.31059 0 0
0 0 0 1430216695 289854 0 0 0 -4.26 -7.853 0 0.32742 0 0
0 0 0 1430216695 329835 0 0 0 -4.26 -7.853 0 0.34425 0 0
0 0 0 1430216695 369851 0 0 0 -4.26 -7.853 0 0.36108 0 0
0 0 0 1430216695 409844 0 0 0 -4.26 -7.853 0 0.37944 0 0
0 0 0 1430216695 449842 0 0 0 -4.26 -7.853 0 0.39627 0 0
0 0 0 1430216695 489817 0 0 0 -4.26 -7.853 0 0.41463 0 0
0 0 0 1430216695 529836 0 0 0 -4.26 -7.853 0 0.43146 0 0
0 0 0 1430216695 569965 0 0 0 -4.26 -7.853 0 0.44829 0 0
0 0 0 1430216695 609959 0 0 0 -4.26 -7.853 0 0.46665 0 0
0 0 0 1430216695 649959 0 0 0 -4.26 -7.853 0 0.48348 0 0
0 0 0 1430216695 689969 0 0 0 -4.26 -7.853 0 0.50031 0 0
0 0 0 1430216695 729958 0 0 0 -4.26 -7.853 0 0.51867 0 0
0 0 0 1430216695 769989 0 0 0 -4.26 -7.853 0 0.5355 0 0
0 0 0 1430216695 809934 0 0 0 -4.26 -7.853 0 0.55233 0 0
0 0 0 1430216695 849969 0 0 0 -4.26 -7.853 0 0.57069 0 0
0 0 0 1430216695 890098 0 0 0 -4.26 -7.853 0 0.58752 0 0
0 0 0 1430216695 930075 0 0 0 -4.26 -7.853 0 0.60588 0 0
0 0 0 1430216695 970080 0 0 0 -4.26 -7.853 0 0.62271 0 0
0 0 0 1430216696 10095 0 0 0 -4.26 -7.853 0 0.63954 0 0
0 0 0 1430216696 50086 0 0 0 -4.26 -7.853 0 0.6579 0 0
0 0 0 1430216696 90096 0 0 0 -4.26 -7.853 0 0.67473 0 0
0 0 0 1430216696 130063 0 0 0 -4.26 -7.853 0 0.69156 0 0
0 0 0 1430216696 170214 0 0 0 -4.26 -7.853 0 0.70992 0 0
0 0 0 1430216696 210217 0 0 0 -4.26 -7.853 0 0.72675 0 0
0 0 0 1430216696 250173 0 0 0 -4.26 -7.853 0 0.74358 0 0
0 0 0 1430216696 290210 0 0 0 -4.26 -7.853 0 0.76194 0 0
0 0 0 1430216696 330345 0 0 0 -4.26 -7.853 0 0.77877 0 0
0 0 0 1430216696 370347 0 0 0 -4.26 -7.853 0 0.7956 0 0
0 0 0 1430216696 410339 0 0 0 -4.26 -7.853 0 0.81396 0 0
0 0 0 1430216696 450314 0 0 0 -4.26 -7.853 0 0.83079 0 0
0 0 0 1430216696 490337 0 0 0 -4.26 -7.853 0 0.84762 0 0
0 0 0 1430216696 530341 0 0 0 -4.26 -7.853 0 0.86445 0 0
0 0 0 1430216696 550320 0 0 0 -4.26 -7.853 0 0.87363 0 0
0 0 0 1430216696 570334 0 0 0 -4.26 -7.853 0 0.88281 0 0
0 0 0 1430216696 610334 0 0 0 -4.26 -7.853 0 0.89964 0 0
0 0 0 1430216696 650339 0 0 0 -4.26 -7.853 0 0.918 0 0
0 0 0 1430216696 690338 0 0 0 -4.26 -7.853 0 0.93483 0 0
0 0 0 1430216696 730469 0 0 0 -4.26 -7.853 0 0.95319 0 0
0 0 0 1430216696 770438 0 0 0 -4.26 -7.853 0 0.97002 0 0
0 0 0 1430216696 810461 0 0 0 -4.26 -7.853 0 0.98685 0 0
0 0 0 1430216696 850472 0 0 0 -4.26 -7.853 0 1.00521 0 0
0 0 0 1430216696 890469 0 0 0 -4.26 -7.853 0 1.02204 0 0
0 0 0 1430216696 930475 0 0 0 -4.26 -7.853 0 1.0404 0 0
0 0 0 1430216696 970449 0 0 0 -4.26 -7.853 0 1.05723 0 0
0 0 0 1430216697 10523 0 0 0 -4.26 -7.853 0 1.07406 0 0
0 0 0 1430216697 50590 0 0 0 -4.26 -7.853 0 1.09089 0 0
0 0 0 1430216697 90580 0 0 0 -4.26 -7.853 0 1.10925 0 0
0 0 0 1430216697 130589 0 0 0 -4.26 -7.853 0 1.12608 0 0
0 0 0 1430216697 170598 0 0 0 -4.26 -7.853 0 1.14291 0 0
0 0 0 1430216697 210586 0 0 0 -4.26 -7.853 0 1.16127 0 0
0 0 0 1430216697 250589 0 0 0 -4.26 -7.853 0 1.1781 0 0
0 0 0 1430216697 290690 0 0 0 -4.26 -7.853 0 1.19646 0 0
0 0 0 1430216697 330709 0 0 0 -4.26 -7.853 0 1.21329 0 0
0 0 0 1430216697 374416 0 0 0 -4.26 -7.853 0 1.23012 0 0
0 0 0 1430216697 410718 0 0 0 -4.26 -7.853 0 1.24848 0 0
0 0 0 1430216697 450685 0 0 0 -4.26 -7.853 0 1.26531 0 0
0 0 0 1430216697 490643 0 0 0 -4.26 -7.853 0 1.28367 0 0
0 0 0 1430216697 530621 0 0 0 -4.26 -7.853 0 1.30356 0 0
0 0 0 1430216697 570623 0 0 0 -4.26 -7.853 0 1.32039 0 0
0 0 0 1430216697 610746 0 0 0 -4.26 -7.853 0 1.33875 0 0
0 0 0 1430216697 650742 0 0 0 -4.26 -7.853 0 1.35711 0 0
0 0 0 1430216697 690760 0 0 0 -4.26 -7.853 0 1.37394 0 0
0 0 0 1430216697 730749 0 0 0 -4.26 -7.853 0 1.3923 0 0
0 0 0 1430216697 770747 0 0 0 -4.26 -7.853 0 1.41066 0 0
0 0 0 1430216697 810749 0 0 0 -4.26 -7.853 0 1.42902 0 0
0 0 0 1430216697 850748 0 0 0 -4.26 -7.853 0 1.44738 0 0
0 0 0 1430216697 890747 0 0 0 -4.26 -7.853 0 1.46574 0 0
0 0 0 1430216697 930871 0 0 0 -4.26 -7.853 0 1.48257 0 0
0 0 0 1430216697 970876 0 0 0 -4.26 -7.853 0 1.50093 0 0
0 0 0 1430216698 10873 0 0 0 -4.26 -7.853 0 1.51929 0 0
0 0 0 1430216698 50873 0 0 0 -4.26 -7.853 0 1.53765 0 0
0 0 0 1430216698 90875 0 0 0 -4.26 -7.853 0 1.55448 0 0
0 0 0 1430216698 130871 0 0 0 -4.26 -7.853 0 1.57437 0 0
0 0 0 1430216698 170873 0 0 0 -4.26 -7.853 0 1.5912 0 0
0 0 0 1430216698 210990 0 0 0 -4.26 -7.853 0 1.60956 0 0
0 0 0 1430216698 250996 0 0 0 -4.26 -7.852 0 1.62792 0 0
0 0 0 1430216698 291077 0 0 0 -4.26 -7.853 0 1.64628 0 0
0 0 0 1430216698 331002 0 0 0 -4.26 -7.853 0 1.66311 0 0
0 0 0 1430216698 371006 0 0 0 -4.26 -7.853 0 1.68147 0 0
0 0 0 1430216698 410997 0 0 0 -4.26 -7.853 0 1.69983 0 0
0 0 0 1430216698 451002 0 0 0 -4.26 -7.853 0 1.71819 0 0
0 0 0 1430216698 491130 0 0 0 -4.26 -7.853 0 1.73655 0 0
0 0 0 1430216698 531125 0 0 0 -4.26 -7.853 0 1.75338 0 0
0 0 0 1430216698 571128 0 0 0 -4.26 -7.853 0 1.77174 0 0
0 0 0 1430216698 611123 0 0 0 -4.26 -7.852 0 1.7901 0 0
0 0 0 1430216698 651263 0 0 0 -4.26 -7.852 0 1.80999 0 0
0 0 0 1430216698 691257 0 0 0 -4.26 -7.853 0 1.82835 0 0
0 0 0 1430216698 731259 0 0 0 -4.26 -7.852 0 1.84671 0 0
0 0 0 1430216698 771251 0 0 0 -4.26 -7.852 0 1.8666 0 0
0 0 0 1430216698 811262 0 0 0 -4.26 -7.853 0 1.88496 0 0
0 0 0 1430216698 851260 0 0 0 -4.26 -7.853 0 1.90332 0 0
0 0 0 1430216698 891270 0 0 0 -4.26 -7.853 0 1.92168 0 0
0 0 0 1430216698 931256 0 0 0 -4.26 -7.852 0 1.94157 0 0
0 0 0 1430216698 971261 0 0 0 -4.26 -7.852 0 1.95993 0 0
0 0 0 1430216699 11261 0 0 0 -4.26 -7.853 0 1.97829 0 0
0 0 0 1430216699 51484 0 0 0 -4.26 -7.852 0 1.99665 0 0
0 0 0 1430216699 91449 0 0 0 -4.26 -7.852 0 2.01501 0 0
0 0 0 1430216699 131453 0 0 0 -4.26 -7.852 0 2.0349 0 0
0 0 0 1430216699 171423 0 0 0 -4.26 -7.852 0 2.05326 0 0
0 0 0 1430216699 211376 0 0 0 -4.26 -7.852 0 2.07162 0 0
0 0 0 1430216699 251374 0 0 0 -4.26 -7.852 0 2.09151 0 0
0 0 0 1430216699 291374 0 0 0 -4.26 -7.852 0 2.10987 0 0
0 0 0 1430216699 331374 0 0 0 -4.26 -7.852 0 2.12823 0 0
0 0 0 1430216699 371500 0 0 0 -4.26 -7.852 0 2.14659 0 0
0 0 0 1430216699 411498 0 0 0 -4.26 -7.852 0 2.16495 0 0
0 0 0 1430216699 451497 0 0 0 -4.26 -7.852 0 2.18484 0 0
0 0 0 1430216699 491499 0 0 0 -4.26 -7.853 0 2.2032 0 0
0 0 0 1430216699 531505 0 0 0 -4.26 -7.852 0 2.22156 0 0
0 0 0 1430216699 571500 0 0 0 -4.26 -7.852 0 2.24145 0 0
0 0 0 1430216699 611505 0 0 0 -4.26 -7.852 0 2.25981 0 0
0 0 0 1430216699 651621 0 0 0 -4.26 -7.852 0 2.27817 0 0
0 0 0 1430216699 691620 0 0 0 -4.26 -7.852 0 2.29653 0 0
0 0 0 1430216699 731622 0 0 0 -4.26 -7.852 0 2.31489 0 0
0 0 0 1430216699 771620 0 0 0 -4.26 -7.852 0 2.33478 0 0
0 0 0 1430216699 811630 0 0 0 -4.26 -7.853 0 2.35314 0 0
0 0 0 1430216699 851631 0 0 0 -4.26 -7.853 0 2.36997 0 0
0 0 0 1430216699 891701 0 0 0 -4.26 -7.852 0 2.38374 0 0
0 0 0 1430216699 931776 0 0 0 -4.26 -7.852 0 2.39445 0 0
0 0 0 1430216699 971774 0 0 0 -4.26 -7.853 0 2.4021 0 0
0 0 0 1430216700 11822 0 0 0 -4.26 -7.853 0 2.40975 0 0
0 0 0 1430216700 51837 0 0 0 -4.26 -7.853 0 2.41434 0 0
0 0 0 1430216700 91833 0 0 0 -4.26 -7.853 0 2.41587 0 0
0 0 0 1430216700 131839 0 0 0 -4.26 -7.853 0 2.41434 0 0
0 0 0 1430216700 171831 0 0 0 -4.259 -7.853 0 2.41281 0 0
0 0 0 1430216700 211840 0 0 0 -4.259 -7.853 0 2.41281 0 0
0 0 0 1430216700 251954 0 0 0 -4.26 -7.853 0 2.41281 0 0
0 0 0 1430216700 291960 0 0 0 -4.26 -7.853 0 2.41281 0 0
0 0 0 1430216700 331960 0 0 0 -4.26 -7.853 0 2.41281 0 0
0 0 0 1430216700 371964 0 0 0 -4.26 -7.853 0 2.41281 0 0
0 0 0 1430216700 411962 0 0 0 -4.26 -7.853 0 2.41281 0 0
0 0 0 1430216700 451959 0 0 0 -4.26 -7.853 0 2.41281 0 0
0 0 0 1430216700 492089 0 0 0 -4.26 -7.853 0 2.41281 0 0
0 0 0 1430216700 532086 0 0 0 -4.259 -7.853 0 2.41281 0 0
0 0 0 1430216700 572085 0 0 0 -4.26 -7.853 0 2.41281 0 0
0 0 0 1430216700 612087 0 0 0 -4.259 -7.853 0 2.41281 0 0
0 0 0 1430216700 652081 0 0 0 -4.26 -7.853 0 2.41281 0 0
0 0 0 1430216700 692089 0 0 0 -4.26 -7.852 0 2.41281 0 0
0 0 0 1430216700 732080 0 0 0 -4.261 -7.852 0 2.41281 0 0
0 0 0 1430216700 772091 0 0 0 -4.262 -7.851 0 2.41281 0 0
0 0 0 1430216700 812212 0 0 0 -4.264 -7.849 0 2.41281 0 0
0 0 0 1430216700 852214 0 0 0 -4.265 -7.848 0 2.41281 0 0
0 0 0 1430216700 892216 0 0 0 -4.268 -7.846 0 2.41281 0 0
0 0 0 1430216700 932211 0 0 0 -4.27 -7.844 0 2.41281 0 0
0 0 0 1430216700 972329 0 0 0 -4.272 -7.842 0 2.41281 0 0
0 0 0 1430216701 12367 0 0 0 -4.275 -7.84 0 2.41281 0 0
0 0 0 1430216701 52332 0 0 0 -4.277 -7.838 0 2.41281 0 0
0 0 0 1430216701 92297 0 0 0 -4.279 -7.836 0 2.41281 0 0
0 0 0 1430216701 132340 0 0 0 -4.281 -7.834 0 2.41281 0 0
0 0 0 1430216701 172328 0 0 0 -4.283 -7.832 0 2.40975 0 0
0 0 0 1430216701 212313 0 0 0 -4.284 -7.831 0 2.40669 0 0
0 0 0 1430216701 252307 0 0 0 -4.286 -7.83 0 2.39904 0 0
0 0 0 1430216701 292331 0 0 0 -4.286 -7.829 0 2.3868 0 0
0 0 0 1430216701 332603 0 0 0 -4.286 -7.829 0 2.3715 0 0
0 0 0 1430216701 372456 0 0 0 -4.286 -7.829 0 2.35467 0 0
0 0 0 1430216701 412466 0 0 0 -4.286 -7.829 0 2.33478 0 0
0 0 0 1430216701 452458 0 0 0 -4.286 -7.829 0 2.31489 0 0
0 0 0 1430216701 492469 0 0 0 -4.286 -7.83 0 2.29806 0 0
0 0 0 1430216701 532451 0 0 0 -4.286 -7.829 0 2.2797 0 0
0 0 0 1430216701 572464 0 0 0 -4.286 -7.829 0 2.26287 0 0
0 0 0 1430216701 612534 0 0 0 -4.287 -7.828 0 2.24604 0 0
0 0 0 1430216701 652468 0 0 0 -4.288 -7.828 0 2.22615 0 0
0 0 0 1430216701 692670 0 0 0 -4.289 -7.826 0 2.21085 0 0
0 0 0 1430216701 732579 0 0 0 -4.29 -7.825 0 2.19861 0 0
0 0 0 1430216701 772574 0 0 0 -4.291 -7.823 0 2.18943 0 0
0 0 0 1430216701 812582 0 0 0 -4.292 -7.821 0 2.18025 0 0
0 0 0 1430216701 852550 0 0 0 -4.293 -7.82 0 2.17107 0 0
0 0 0 1430216701 892583 0 0 0 -4.295 -7.818 0 2.16495 0 0
0 0 0 1430216701 932551 0 0 0 -4.296 -7.816 0 2.15577 0 0
0 0 0 1430216701 972708 0 0 0 -4.297 -7.815 0 2.14659 0 0
0 0 0 1430216702 12682 0 0 0 -4.298 -7.813 0 2.13588 0 0
0 0 0 1430216702 52713 0 0 0 -4.299 -7.812 0 2.12517 0 0
0 0 0 1430216702 92694 0 0 0 -4.3 -7.81 0 2.11446 0 0
0 0 0 1430216702 132701 0 0 0 -4.301 -7.809 0 2.10222 0 0
0 0 0 1430216702 172730 0 0 0 -4.301 -7.807 0 2.08845 0 0
0 0 0 1430216702 212701 0 0 0 -4.302 -7.805 0 2.07468 0 0
0 0 0 1430216702 252829 0 0 0 -4.303 -7.803 0 2.06244 0 0
0 0 0 1430216702 292833 0 0 0 -4.304 -7.802 0 2.04867 0 0
0 0 0 1430216702 332842 0 0 0 -4.305 -7.8 0 2.0349 0 0
0 0 0 1430216702 372832 0 0 0 -4.306 -7.799 0 2.02266 0 0
0 0 0 1430216702 412844 0 0 0 -4.307 -7.797 0 2.00889 0 0
0 0 0 1430216702 452848 0 0 0 -4.307 -7.795 0 1.99665 0 0
0 0 0 1430216702 492842 0 0 0 -4.308 -7.794 0 1.98288 0 0
0 0 0 1430216702 532839 0 0 0 -4.309 -7.792 0 1.96911 0 0
0 0 0 1430216702 572963 0 0 0 -4.31 -7.79 0 1.95687 0 0
0 0 0 1430216702 612957 0 0 0 -4.31 -7.788 0 1.9431 0 0
0 0 0 1430216702 652958 0 0 0 -4.311 -7.787 0 1.92933 0 0
0 0 0 1430216702 692964 0 0 0 -4.312 -7.785 0 1.91709 0 0
0 0 0 1430216702 732958 0 0 0 -4.312 -7.783 0 1.90332 0 0
0 0 0 1430216702 772957 0 0 0 -4.313 -7.781 0 1.88955 0 0
0 0 0 1430216702 812968 0 0 0 -4.313 -7.78 0 1.87578 0 0
0 0 0 1430216702 853058 0 0 0 -4.314 -7.778 0 1.86354 0 0
0 0 0 1430216702 893082 0 0 0 -4.315 -7.776 0 1.84977 0 0
0 0 0 1430216702 933070 0 0 0 -4.315 -7.774 0 1.83753 0 0
0 0 0 1430216702 973082 0 0 0 -4.316 -7.772 0 1.82376 0 0
0 0 0 1430216703 13071 0 0 0 -4.316 -7.771 0 1.80999 0 0
0 0 0 1430216703 53084 0 0 0 -4.316 -7.769 0 1.79775 0 0
0 0 0 1430216703 93063 0 0 0 -4.317 -7.767 0 1.78551 0 0
0 0 0 1430216703 133209 0 0 0 -4.317 -7.765 0 1.77174 0 0
0 0 0 1430216703 173203 0 0 0 -4.318 -7.763 0 1.75797 0 0
0 0 0 1430216703 213214 0 0 0 -4.318 -7.762 0 1.7442 0 0
0 0 0 1430216703 253203 0 0 0 -4.318 -7.76 0 1.73043 0 0
0 0 0 1430216703 293332 0 0 0 -4.318 -7.758 0 1.71819 0 0
0 0 0 1430216703 333329 0 0 0 -4.319 -7.756 0 1.70442 0 0
0 0 0 1430216703 373255 0 0 0 -4.319 -7.754 0 1.69218 0 0
0 0 0 1430216703 413230 0 0 0 -4.319 -7.752 0 1.67841 0 0
0 0 0 1430216703 453218 0 0 0 -4.319 -7.75 0 1.66617 0 0
0 0 0 1430216703 493298 0 0 0 -4.319 -7.749 0 1.65393 0 0
0 0 0 1430216703 513298 0 0 0 -4.32 -7.748 0 1.64934 0 0
0 0 0 1430216703 533318 0 0 0 -4.32 -7.747 0 1.64322 0 0
0 0 0 1430216703 573271 0 0 0 -4.32 -7.745 0 1.63404 0 0
0 0 0 1430216703 613365 0 0 0 -4.32 -7.744 0 1.62639 0 0
0 0 0 1430216703 653339 0 0 0 -4.32 -7.742 0 1.6218 0 0
0 0 0 1430216703 693326 0 0 0 -4.32 -7.74 0 1.62333 0 0
0 0 0 1430216703 733404 0 0 0 -4.32 -7.738 0 1.62333 0 0
0 0 0 1430216703 773458 0 0 0 -4.32 -7.736 0 1.62486 0 0
0 0 0 1430216703 813476 0 0 0 -4.32 -7.735 0 1.62486 0 0
0 0 0 1430216703 853468 0 0 0 -4.32 -7.733 0 1.62486 0 0
0 0 0 1430216703 893470 0 0 0 -4.32 -7.731 0 1.62486 0 0
0 0 0 1430216703 933467 0 0 0 -4.321 -7.729 0 1.62333 0 0
0 0 0 1430216703 973487 0 0 0 -4.321 -7.727 0 1.62333 0 0
0 0 0 1430216704 13469 0 0 0 -4.321 -7.725 0 1.6218 0 0
0 0 0 1430216704 53594 0 0 0 -4.321 -7.723 0 1.6218 0 0
0 0 0 1430216704 93608 0 0 0 -4.321 -7.722 0 1.61721 0 0
0 0 0 1430216704 133596 0 0 0 -4.321 -7.72 0 1.61109 0 0
0 0 0 1430216704 173590 0 0 0 -4.321 -7.718 0 1.6065 0 0
0 0 0 1430216704 213593 0 0 0 -4.321 -7.716 0 1.60038 0 0
0 0 0 1430216704 253599 0 0 0 -4.321 -7.714 0 1.59426 0 0
0 0 0 1430216704 293594 0 0 0 -4.321 -7.712 0 1.58661 0 0
0 0 0 1430216704 333718 0 0 0 -4.321 -7.711 0 1.5759 0 0
0 0 0 1430216704 373722 0 0 0 -4.321 -7.709 0 1.56672 0 0
0 0 0 1430216704 413717 0 0 0 -4.321 -7.707 0 1.55754 0 0
0 0 0 1430216704 453720 0 0 0 -4.321 -7.705 0 1.54683 0 0
0 0 0 1430216704 493727 0 0 0 -4.321 -7.703 0 1.53612 0 0
0 0 0 1430216704 533708 0 0 0 -4.321 -7.701 0 1.52694 0 0
0 0 0 1430216704 573723 0 0 0 -4.321 -7.699 0 1.51776 0 0
0 0 0 1430216704 613828 0 0 0 -4.321 -7.698 0 1.50858 0 0
0 0 0 1430216704 653755 0 0 0 -4.321 -7.696 0 1.4994 0 0
0 0 0 1430216704 693751 0 0 0 -4.321 -7.693 0 1.49022 0 0
0 0 0 1430216704 733761 0 0 0 -4.32 -7.691 0 1.47798 0 0
0 0 0 1430216704 773761 0 0 0 -4.32 -7.688 0 1.47033 0 0
0 0 0 1430216704 813773 0 0 0 -4.32 -7.686 0 1.45809 0 0
0 0 0 1430216704 853762 0 0 0 -4.32 -7.683 0 1.44738 0 0
0 0 0 1430216704 893889 0 0 0 -4.319 -7.681 0 1.4382 0 0
0 0 0 1430216704 933884 0 0 0 -4.319 -7.678 0 1.42749 0 0
0 0 0 1430216704 973883 0 0 0 -4.319 -7.676 0 1.41678 0 0
0 0 0 1430216705 13886 0 0 0 -4.318 -7.673 0 1.4076 0 0
0 0 0 1430216705 53893 0 0 0 -4.318 -7.671 0 1.39689 0 0
0 0 0 1430216705 93889 0 0 0 -4.318 -7.668 0 1.38618 0 0
0 0 0 1430216705 134009 0 0 0 -4.317 -7.666 0 1.37394 0 0
0 0 0 1430216705 174009 0 0 0 -4.317 -7.663 0 1.36476 0 0
0 0 0 1430216705 214008 0 0 0 -4.316 -7.66 0 1.35405 0 0
0 0 0 1430216705 254097 0 0 0 -4.315 -7.657 0 1.34181 0 0
0 0 0 1430216705 294042 0 0 0 -4.315 -7.654 0 1.3311 0 0
0 0 0 1430216705 334030 0 0 0 -4.314 -7.651 0 1.31886 0 0
0 0 0 1430216705 374095 0 0 0 -4.313 -7.648 0 1.30815 0 0
0 0 0 1430216705 414094 0 0 0 -4.312 -7.644 0 1.29744 0 0
0 0 0 1430216705 454241 0 0 0 -4.311 -7.641 0 1.2852 0 0
0 0 0 1430216705 494227 0 0 0 -4.31 -7.638 0 1.27449 0 0
0 0 0 1430216705 534221 0 0 0 -4.309 -7.635 0 1.26378 0 0
0 0 0 1430216705 574189 0 0 0 -4.309 -7.632 0 1.25307 0 0
0 0 0 1430216705 614347 0 0 0 -4.308 -7.629 0 1.24236 0 0
0 0 0 1430216705 654348 0 0 0 -4.306 -7.626 0 1.23012 0 0
0 0 0 1430216705 694340 0 0 0 -4.305 -7.623 0 1.21941 0 0
0 0 0 1430216705 734218 0 0 0 -4.304 -7.62 0 1.2087 0 0
0 0 0 1430216705 774335 0 0 0 -4.303 -7.617 0 1.19646 0 0
0 0 0 1430216705 814343 0 0 0 -4.302 -7.614 0 1.18575 0 0
0 0 0 1430216705 854348 0 0 0 -4.301 -7.611 0 1.17504 0 0
0 0 0 1430216705 894338 0 0 0 -4.3 -7.608 0 1.16433 0 0
0 0 0 1430216705 934341 0 0 0 -4.298 -7.605 0 1.15362 0 0
0 0 0 1430216705 974352 0 0 0 -4.297 -7.602 0 1.14291 0 0
0 0 0 1430216706 14355 0 0 0 -4.296 -7.599 0 1.13526 0 0
0 0 0 1430216706 54486 0 0 0 -4.294 -7.596 0 1.12608 0 0
0 0 0 1430216706 94444 0 0 0 -4.293 -7.593 0 1.1169 0 0
0 0 0 1430216706 134466 0 0 0 -4.291 -7.59 0 1.10772 0 0
0 0 0 1430216706 174469 0 0 0 -4.29 -7.587 0 1.09854 0 0
0 0 0 1430216706 214463 0 0 0 -4.289 -7.585 0 1.08936 0 0
0 0 0 1430216706 254467 0 0 0 -4.287 -7.582 0 1.08018 0 0
0 0 0 1430216706 294462 0 0 0 -4.286 -7.579 0 1.071 0 0
0 0 0 1430216706 334592 0 0 0 -4.284 -7.576 0 1.06335 0 0
0 0 0 1430216706 374598 0 0 0 -4.282 -7.573 0 1.05264 0 0
0 0 0 1430216706 414583 0 0 0 -4.281 -7.571 0 1.04193 0 0
0 0 0 1430216706 454623 0 0 0 -4.279 -7.568 0 1.03122 0 0
0 0 0 1430216706 494611 0 0 0 -4.277 -7.565 0 1.01745 0 0
0 0 0 1430216706 534603 0 0 0 -4.276 -7.562 0 1.00674 0 0
0 0 0 1430216706 575748 0 0 0 -4.274 -7.56 0 0.9945 0 0
0 0 0 1430216706 614607 0 0 0 -4.272 -7.557 0 0.98379 0 0
0 0 0 1430216706 654713 0 0 0 -4.271 -7.554 0 0.97155 0 0
0 0 0 1430216706 694721 0 0 0 -4.269 -7.552 0 0.96084 0 0
0 0 0 1430216706 734703 0 0 0 -4.267 -7.549 0 0.9486 0 0
0 0 0 1430216706 774712 0 0 0 -4.265 -7.546 0 0.93636 0 0
0 0 0 1430216706 814727 0 0 0 -4.263 -7.544 0 0.92412 0 0
0 0 0 1430216706 854721 0 0 0 -4.261 -7.541 0 0.91188 0 0
0 0 0 1430216706 894837 0 0 0 -4.259 -7.539 0 0.89964 0 0
0 0 0 1430216706 934834 0 0 0 -4.257 -7.536 0 0.88893 0 0
0 0 0 1430216706 974852 0 0 0 -4.255 -7.534 0 0.87669 0 0
0 0 0 1430216707 14851 0 0 0 -4.253 -7.531 0 0.86445 0 0
0 0 0 1430216707 54833 0 0 0 -4.251 -7.529 0 0.85374 0 0
0 0 0 1430216707 94880 0 0 0 -4.249 -7.526 0 0.84609 0 0
0 0 0 1430216707 134850 0 0 0 -4.247 -7.524 0 0.83997 0 0
0 0 0 1430216707 174812 0 0 0 -4.245 -7.522 0 0.83844 0 0
0 0 0 1430216707 214965 0 0 0 -4.243 -7.519 0 0.83691 0 0
0 0 0 1430216707 255355 0 0 0 -4.241 -7.517 0 0.83844 0 0
0 0 0 1430216707 294966 0 0 0 -4.24 -7.516 0 0.83538 0 0
0 0 0 1430216707 334973 0 0 0 -4.238 -7.514 0 0.83997 0 0
0 0 0 1430216707 374966 0 0 0 -4.237 -7.513 0 0.84609 0 0
0 0 0 1430216707 414967 0 0 0 -4.237 -7.513 0 0.85374 0 0
0 0 0 1430216707 454963 0 0 0 -4.236 -7.512 0 0.86445 0 0
0 0 0 1430216707 495091 0 0 0 -4.236 -7.512 0 0.87822 0 0
0 0 0 1430216707 535107 0 0 0 -4.236 -7.512 0 0.89505 0 0
0 0 0 1430216707 575084 0 0 0 -4.237 -7.513 0 0.91494 0 0
0 0 0 1430216707 615095 0 0 0 -4.237 -7.513 0 0.93789 0 0
0 0 0 1430216707 655108 0 0 0 -4.237 -7.513 0 0.9639 0 0
0 0 0 1430216707 695092 0 0 0 -4.237 -7.513 0 0.99297 0 0
0 0 0 1430216707 735100 0 0 0 -4.237 -7.513 0 1.02357 0 0
0 0 0 1430216707 775068 0 0 0 -4.237 -7.512 0 1.05723 0 0
0 0 0 1430216707 815226 0 0 0 -4.236 -7.512 0 1.09242 0 0
0 0 0 1430216707 855244 0 0 0 -4.237 -7.512 0 1.1322 0 0
0 0 0 1430216707 895216 0 0 0 -4.237 -7.513 0 1.17351 0 0
0 0 0 1430216707 935341 0 0 0 -4.237 -7.513 0 1.21329 0 0
0 0 0 1430216707 975370 0 0 0 -4.237 -7.513 0 1.25307 0 0
0 0 0 1430216708 15227 0 0 0 -4.237 -7.513 0 1.29285 0 0
0 0 0 1430216708 55346 0 0 0 -4.237 -7.513 0 1.3311 0 0
0 0 0 1430216708 95317 0 0 0 -4.237 -7.513 0 1.37241 0 0
0 0 0 1430216708 135362 0 0 0 -4.237 -7.513 0 1.41219 0 0
0 0 0 1430216708 175371 0 0 0 -4.237 -7.512 0 1.44891 0 0
0 0 0 1430216708 215345 0 0 0 -4.237 -7.512 0 1.4841 0 0
0 0 0 1430216708 255349 0 0 0 -4.237 -7.512 0 1.51623 0 0
0 0 0 1430216708 295333 0 0 0 -4.237 -7.512 0 1.5453 0 0
0 0 0 1430216708 335341 0 0 0 -4.237 -7.512 0 1.57131 0 0
0 0 0 1430216708 375478 0 0 0 -4.237 -7.513 0 1.59426 0 0
0 0 0 1430216708 415471 0 0 0 -4.237 -7.513 0 1.61721 0 0
0 0 0 1430216708 455478 0 0 0 -4.237 -7.513 0 1.63557 0 0
0 0 0 1430216708 495492 0 0 0 -4.237 -7.513 0 1.65087 0 0
0 0 0 1430216708 535472 0 0 0 -4.237 -7.513 0 1.6677 0 0
0 0 0 1430216708 575367 0 0 0 -4.237 -7.513 0 1.68606 0 0
0 0 0 1430216708 595393 0 0 0 -4.237 -7.513 0 1.69371 0 0
0 0 0 1430216708 615390 0 0 0 -4.237 -7.512 0 1.70289 0 0
0 0 0 1430216708 635389 0 0 0 -4.237 -7.512 0 1.71207 0 0
0 0 0 1430216708 655523 0 0 0 -4.237 -7.512 0 1.72125 0 0
0 0 0 1430216708 695510 0 0 0 -4.237 -7.512 0 1.74114 0 0
0 0 0 1430216708 735509 0 0 0 -4.237 -7.512 0 1.7595 0 0
0 0 0 1430216708 775514 0 0 0 -4.237 -7.512 0 1.77786 0 0
0 0 0 1430216708 815512 0 0 0 -4.237 -7.513 0 1.79622 0 0
0 0 0 1430216708 855527 0 0 0 -4.237 -7.513 0 1.81305 0 0
0 0 0 1430216708 895476 0 0 0 -4.237 -7.513 0 1.83141 0 0
0 0 0 1430216708 935512 0 0 0 -4.237 -7.513 0 1.8513 0 0
0 0 0 1430216708 975638 0 0 0 -4.237 -7.513 0 1.87119 0 0
0 0 0 1430216709 15613 0 0 0 -4.237 -7.512 0 1.89108 0 0
0 0 0 1430216709 55646 0 0 0 -4.237 -7.512 0 1.90944 0 0
0 0 0 1430216709 95635 0 0 0 -4.237 -7.512 0 1.9278 0 0
0 0 0 1430216709 135787 0 0 0 -4.237 -7.512 0 1.94616 0 0
0 0 0 1430216709 175639 0 0 0 -4.237 -7.513 0 1.96299 0 0
0 0 0 1430216709 215717 0 0 0 -4.237 -7.513 0 1.98288 0 0
0 0 0 1430216709 255825 0 0 0 -4.237 -7.513 0 2.00277 0 0
0 0 0 1430216709 295851 0 0 0 -4.237 -7.513 0 2.02113 0 0
0 0 0 1430216709 335800 0 0 0 -4.237 -7.513 0 2.03949 0 0
0 0 0 1430216709 375757 0 0 0 -4.237 -7.513 0 2.05785 0 0
0 0 0 1430216709 415762 0 0 0 -4.237 -7.512 0 2.07621 0 0
0 0 0 1430216709 455763 0 0 0 -4.237 -7.512 0 2.09457 0 0
0 0 0 1430216709 495754 0 0 0 -4.237 -7.513 0 2.11293 0 0
0 0 0 1430216709 535879 0 0 0 -4.237 -7.513 0 2.13282 0 0
0 0 0 1430216709 575878 0 0 0 -4.237 -7.513 0 2.15271 0 0
0 0 0 1430216709 615884 0 0 0 -4.237 -7.512 0 2.17107 0 0
0 0 0 1430216709 655856 0 0 0 -4.237 -7.512 0 2.18943 0 0
0 0 0 1430216709 695881 0 0 0 -4.237 -7.513 0 2.20779 0 0
0 0 0 1430216709 735879 0 0 0 -4.237 -7.512 0 2.22768 0 0
0 0 0 1430216709 775882 0 0 0 -4.237 -7.512 0 2.24757 0 0
0 0 0 1430216709 816006 0 0 0 -4.237 -7.512 0 2.26746 0 0
0 0 0 1430216709 855990 0 0 0 -4.237 -7.513 0 2.28735 0 0
0 0 0 1430216709 896003 0 0 0 -4.237 -7.513 0 2.30571 0 0
0 0 0 1430216709 936005 0 0 0 -4.237 -7.513 0 2.3256 0 0
0 0 0 1430216709 976003 0 0 0 -4.237 -7.513 0 2.34396 0 0
0 0 0 1430216710 16015 0 0 0 -4.237 -7.512 0 2.36385 0 0
0 0 0 1430216710 56205 0 0 0 -4.237 -7.513 0 2.38374 0 0
0 0 0 1430216710 96061 0 0 0 -4.237 -7.513 0 2.40363 0 0
0 0 0 1430216710 136104 0 0 0 -4.237 -7.513 0 2.42352 0 0
0 0 0 1430216710 176220 0 0 0 -4.237 -7.513 0 2.44341 0 0
0 0 0 1430216710 216229 0 0 0 -4.237 -7.513 0 2.46177 0 0
0 0 0 1430216710 256344 0 0 0 -4.237 -7.513 0 2.48166 0 0
0 0 0 1430216710 296331 0 0 0 -4.237 -7.512 0 2.50002 0 0
0 0 0 1430216710 336344 0 0 0 -4.237 -7.513 0 2.51991 0 0
0 0 0 1430216710 376223 0 0 0 -4.237 -7.512 0 2.5398 0 0
0 0 0 1430216710 416220 0 0 0 -4.237 -7.512 0 2.55969 0 0
0 0 0 1430216710 456357 0 0 0 -4.237 -7.512 0 2.57805 0 0
0 0 0 1430216710 496277 0 0 0 -4.237 -7.512 0 2.59794 0 0
0 0 0 1430216710 536285 0 0 0 -4.237 -7.512 0 2.61783 0 0
0 0 0 1430216710 576262 0 0 0 -4.237 -7.512 0 2.63772 0 0
0 0 0 1430216710 616271 0 0 0 -4.237 -7.512 0 2.65608 0 0
0 0 0 1430216710 656292 0 0 0 -4.237 -7.513 0 2.67597 0 0
0 0 0 1430216710 696382 0 0 0 -4.237 -7.513 0 2.69586 0 0
0 0 0 1430216710 736398 0 0 0 -4.237 -7.512 0 2.71575 0 0
0 0 0 1430216710 776383 0 0 0 -4.237 -7.513 0 2.73411 0 0
0 0 0 1430216710 816393 0 0 0 -4.237 -7.513 0 2.754 0 0
0 0 0 1430216710 856392 0 0 0 -4.237 -7.512 0 2.77389 0 0
0 0 0 1430216710 896386 0 0 0 -4.237 -7.512 0 2.79225 0 0
0 0 0 1430216710 936388 0 0 0 -4.237 -7.512 0 2.81214 0 0
0 0 0 1430216710 976518 0 0 0 -4.237 -7.512 0 2.83203 0 0
0 0 0 1430216711 16531 0 0 0 -4.237 -7.512 0 2.85039 0 0
0 0 0 1430216711 56518 0 0 0 -4.237 -7.512 0 2.87028 0 0
0 0 0 1430216711 96515 0 0 0 -4.237 -7.512 0 2.89017 0 0
0 0 0 1430216711 136514 0 0 0 -4.237 -7.512 0 2.91006 0 0
0 0 0 1430216711 176513 0 0 0 -4.237 -7.512 0 2.92842 0 0
0 0 0 1430216711 216594 0 0 0 -4.237 -7.512 0 2.94831 0 0
0 0 0 1430216711 256528 0 0 0 -4.237 -7.512 0 2.9682 0 0
0 0 0 1430216711 296647 0 0 0 -4.237 -7.512 0 2.98656 0 0
0 0 0 1430216711 336733 0 0 0 -4.237 -7.512 0 3.00645 0 0
0 0 0 1430216711 376707 0 0 0 -4.237 -7.512 0 3.02634 0 0
0 0 0 1430216711 416677 0 0 0 -4.237 -7.512 0 3.04623 0 0
0 0 0 1430216711 456729 0 0 0 -4.237 -7.512 0 3.06459 0 0
0 0 0 1430216711 496717 0 0 0 -4.237 -7.512 0 3.08448 0 0
0 0 0 1430216711 536723 0 0 0 -4.237 -7.512 0 3.10437 0 0
0 0 0 1430216711 576838 0 0 0 -4.237 -7.512 0 3.12426 0 0
0 0 0 1430216711 616841 0 0 0 -4.237 -7.512 0 -3.13751 0 0
0 0 0 1430216711 656840 0 0 0 -4.237 -7.512 0 -3.11915 0 0
0 0 0 1430216711 696839 0 0 0 -4.237 -7.512 0 -3.09926 0 0
0 0 0 1430216711 736846 0 0 0 -4.237 -7.512 0 -3.07937 0 0
0 0 0 1430216711 776835 0 0 0 -4.237 -7.512 0 -3.05948 0 0
0 0 0 1430216711 816845 0 0 0 -4.237 -7.512 0 -3.04112 0 0
0 0 0 1430216711 856974 0 0 0 -4.237 -7.512 0 -3.02123 0 0
0 0 0 1430216711 896946 0 0 0 -4.237 -7.512 0 -3.00134 0 0
0 0 0 1430216711 936968 0 0 0 -4.237 -7.512 0 -2.98298 0 0
0 0 0 1430216711 976975 0 0 0 -4.237 -7.513 0 -2.96309 0 0
0 0 0 1430216712 16969 0 0 0 -4.237 -7.512 0 -2.9432 0 0
0 0 0 1430216712 56971 0 0 0 -4.237 -7.512 0 -2.92331 0 0
0 0 0 1430216712 96950 0 0 0 -4.237 -7.513 0 -2.90495 0 0
0 0 0 1430216712 137035 0 0 0 -4.237 -7.513 0 -2.88506 0 0
0 0 0 1430216712 177095 0 0 0 -4.237 -7.513 0 -2.86517 0 0
0 0 0 1430216712 217088 0 0 0 -4.237 -7.513 0 -2.84681 0 0
0 0 0 1430216712 257099 0 0 0 -4.237 -7.513 0 -2.82692 0 0
0 0 0 1430216712 297100 0 0 0 -4.237 -7.513 0 -2.80703 0 0
0 0 0 1430216712 337091 0 0 0 -4.237 -7.513 0 -2.78714 0 0
0 0 0 1430216712 377478 0 0 0 -4.237 -7.513 0 -2.76878 0 0
0 0 0 1430216712 417079 0 0 0 -4.237 -7.513 0 -2.74889 0 0
0 0 0 1430216712 457219 0 0 0 -4.237 -7.513 0 -2.729 0 0
0 0 0 1430216712 497214 0 0 0 -4.237 -7.513 0 -2.70911 0 0
0 0 0 1430216712 537224 0 0 0 -4.237 -7.512 0 -2.68769 0 0
0 0 0 1430216712 577873 0 0 0 -4.237 -7.513 0 -2.66627 0 0
0 0 0 1430216712 617345 0 0 0 -4.237 -7.513 0 -2.64332 0 0
0 0 0 1430216712 657346 0 0 0 -4.237 -7.513 0 -2.62037 0 0
0 0 0 1430216712 697354 0 0 0 -4.237 -7.513 0 -2.59742 0 0
0 0 0 1430216712 737195 0 0 0 -4.237 -7.513 0 -2.576 0 0
0 0 0 1430216712 777215 0 0 0 -4.237 -7.512 0 -2.55305 0 0
0 0 0 1430216712 817350 0 0 0 -4.237 -7.512 0 -2.53163 0 0
0 0 0 1430216712 857347 0 0 0 -4.237 -7.512 0 -2.51021 0 0
0 0 0 1430216712 897339 0 0 0 -4.237 -7.513 0 -2.48726 0 0
0 0 0 1430216712 937349 0 0 0 -4.237 -7.513 0 -2.46431 0 0
0 0 0 1430216712 977346 0 0 0 -4.237 -7.513 0 -2.44136 0 0
0 0 0 1430216713 17483 0 0 0 -4.237 -7.513 0 -2.41994 0 0
0 0 0 1430216713 57457 0 0 0 -4.237 -7.513 0 -2.39852 0 0
0 0 0 1430216713 97468 0 0 0 -4.237 -7.512 0 -2.3771 0 0
0 0 0 1430216713 137478 0 0 0 -4.237 -7.513 0 -2.35415 0 0
0 0 0 1430216713 177473 0 0 0 -4.237 -7.513 0 -2.33273 0 0
0 0 0 1430216713 217471 0 0 0 -4.237 -7.513 0 -2.30978 0 0
0 0 0 1430216713 257470 0 0 0 -4.237 -7.513 0 -2.28683 0 0
0 0 0 1430216713 297585 0 0 0 -4.237 -7.513 0 -2.26541 0 0
0 0 0 1430216713 337603 0 0 0 -4.237 -7.513 0 -2.24246 0 0
0 0 0 1430216713 377575 0 0 0 -4.237 -7.513 0 -2.22104 0 0
0 0 0 1430216713 417596 0 0 0 -4.237 -7.512 0 -2.19962 0 0
0 0 0 1430216713 457602 0 0 0 -4.237 -7.512 0 -2.17667 0 0
0 0 0 1430216713 497590 0 0 0 -4.237 -7.513 0 -2.15372 0 0
0 0 0 1430216713 537597 0 0 0 -4.237 -7.513 0 -2.13077 0 0
0 0 0 1430216713 577578 0 0 0 -4.237 -7.513 0 -2.10935 0 0
0 0 0 1430216713 617738 0 0 0 -4.237 -7.513 0 -2.0864 0 0
0 0 0 1430216713 657724 0 0 0 -4.237 -7.513 0 -2.06498 0 0
0 0 0 1430216713 697710 0 0 0 -4.237 -7.513 0 -2.04203 0 0
0 0 0 1430216713 737716 0 0 0 -4.237 -7.513 0 -2.01908 0 0
0 0 0 1430216713 777725 0 0 0 -4.237 -7.513 0 -1.9946 0 0
0 0 0 1430216713 797711 0 0 0 -4.237 -7.513 0 -1.98389 0 0
0 0 0 1430216713 817722 0 0 0 -4.237 -7.513 0 -1.97165 0 0
0 0 0 1430216713 857724 0 0 0 -4.237 -7.513 0 -1.9487 0 0
0 0 0 1430216713 897810 0 0 0 -4.237 -7.513 0 -1.92575 0 0
0 0 0 1430216713 937843 0 0 0 -4.237 -7.513 0 -1.90433 0 0
0 0 0 1430216713 977846 0 0 0 -4.237 -7.513 0 -1.88138 0 0
0 0 0 1430216714 17849 0 0 0 -4.237 -7.513 0 -1.85843 0 0
0 0 0 1430216714 57845 0 0 0 -4.237 -7.513 0 -1.83395 0 0
0 0 0 1430216714 97857 0 0 0 -4.237 -7.513 0 -1.811 0 0
0 0 0 1430216714 137855 0 0 0 -4.237 -7.513 0 -1.78958 0 0
0 0 0 1430216714 177993 0 0 0 -4.237 -7.513 0 -1.76663 0 0
0 0 0 1430216714 217972 0 0 0 -4.237 -7.513 0 -1.74368 0 0
0 0 0 1430216714 257994 0 0 0 -4.237 -7.513 0 -1.7192 0 0
0 0 0 1430216714 297940 0 0 0 -4.237 -7.513 0 -1.69625 0 0
0 0 0 1430216714 337974 0 0 0 -4.237 -7.513 0 -1.6733 0 0
0 0 0 1430216714 377969 0 0 0 -4.237 -7.513 0 -1.65188 0 0
0 0 0 1430216714 417931 0 0 0 -4.237 -7.513 0 -1.62893 0 0
0 0 0 1430216714 457980 0 0 0 -4.237 -7.513 0 -1.60598 0 0
0 0 0 1430216714 498094 0 0 0 -4.237 -7.513 0 -1.58303 0 0
0 0 0 1430216714 538007 0 0 0 -4.237 -7.513 0 -1.56008 0 0
0 0 0 1430216714 578004 0 0 0 -4.237 -7.513 0 -1.53713 0 0
0 0 0 1430216714 618010 0 0 0 -4.237 -7.513 0 -1.51418 0 0
0 0 0 1430216714 658014 0 0 0 -4.237 -7.513 0 -1.49123 0 0
0 0 0 1430216714 698011 0 0 0 -4.237 -7.513 0 -1.46828 0 0
0 0 0 1430216714 737990 0 0 0 -4.237 -7.513 0 -1.44533 0 0
0 0 0 1430216714 778129 0 0 0 -4.237 -7.513 0 -1.42085 0 0
0 0 0 1430216714 818135 0 0 0 -4.237 -7.513 0 -1.39943 0 0
0 0 0 1430216714 858135 0 0 0 -4.237 -7.513 0 -1.37495 0 0
0 0 0 1430216714 898131 0 0 0 -4.237 -7.513 0 -1.352 0 0
0 0 0 1430216714 938256 0 0 0 -4.237 -7.513 0 -1.33058 0 0
0 0 0 1430216714 978259 0 0 0 -4.237 -7.513 0 -1.30763 0 0
0 0 0 1430216714 998259 0 0 0 -4.237 -7.513 0 -1.29539 0 0
0 0 0 1430216715 18257 0 0 0 -4.237 -7.513 0 -1.28468 0 0
0 0 0 1430216715 58272 0 0 0 -4.237 -7.513 0 -1.26173 0 0
0 0 0 1430216715 98260 0 0 0 -4.237 -7.513 0 -1.23878 0 0
0 0 0 1430216715 138261 0 0 0 -4.237 -7.513 0 -1.21583 0 0
0 0 0 1430216715 178259 0 0 0 -4.237 -7.513 0 -1.19288 0 0
0 0 0 1430216715 218261 0 0 0 -4.237 -7.513 0 -1.16993 0 0
0 0 0 1430216715 258260 0 0 0 -4.237 -7.513 0 -1.14698 0 0
0 0 0 1430216715 298256 0 0 0 -4.237 -7.513 0 -1.12403 0 0
0 0 0 1430216715 338480 0 0 0 -4.237 -7.513 0 -1.10108 0 0
0 0 0 1430216715 378427 0 0 0 -4.237 -7.513 0 -1.07813 0 0
0 0 0 1430216715 418385 0 0 0 -4.237 -7.513 0 -1.05518 0 0
0 0 0 1430216715 458395 0 0 0 -4.237 -7.513 0 -1.03223 0 0
0 0 0 1430216715 498383 0 0 0 -4.237 -7.513 0 -1.01081 0 0
0 0 0 1430216715 538400 0 0 0 -4.237 -7.513 0 -0.986325 0 0
0 0 0 1430216715 578382 0 0 0 -4.237 -7.513 0 -0.963375 0 0
0 0 0 1430216715 618392 0 0 0 -4.237 -7.513 0 -0.938895 0 0
0 0 0 1430216715 658509 0 0 0 -4.237 -7.513 0 -0.915945 0 0
0 0 0 1430216715 698509 0 0 0 -4.237 -7.513 0 -0.889935 0 0
0 0 0 1430216715 738507 0 0 0 -4.237 -7.513 0 -0.866985 0 0
0 0 0 1430216715 778508 0 0 0 -4.237 -7.513 0 -0.842505 0 0
0 0 0 1430216715 818511 0 0 0 -4.237 -7.513 0 -0.818025 0 0
0 0 0 1430216715 858510 0 0 0 -4.237 -7.513 0 -0.793545 0 0
0 0 0 1430216715 898508 0 0 0 -4.237 -7.513 0 -0.769065 0 0
0 0 0 1430216715 938645 0 0 0 -4.237 -7.513 0 -0.744585 0 0
0 0 0 1430216715 978631 0 0 0 -4.237 -7.513 0 -0.720105 0 0
0 0 0 1430216716 18635 0 0 0 -4.237 -7.513 0 -0.694095 0 0
0 0 0 1430216716 58723 0 0 0 -4.237 -7.513 0 -0.669615 0 0
0 0 0 1430216716 98701 0 0 0 -4.237 -7.513 0 -0.645135 0 0
0 0 0 1430216716 138638 0 0 0 -4.237 -7.513 0 -0.619125 0 0
0 0 0 1430216716 178615 0 0 0 -4.237 -7.513 0 -0.594645 0 0
0 0 0 1430216716 218637 0 0 0 -4.237 -7.513 0 -0.570165 0 0
0 0 0 1430216716 258761 0 0 0 -4.237 -7.513 0 -0.544155 0 0
0 0 0 1430216716 298757 0 0 0 -4.237 -7.513 0 -0.519675 0 0
0 0 0 1430216716 338758 0 0 0 -4.237 -7.513 0 -0.493665 0 0
0 0 0 1430216716 378747 0 0 0 -4.237 -7.513 0 -0.469185 0 0
0 0 0 1430216716 418757 0 0 0 -4.237 -7.513 0 -0.444705 0 0
0 0 0 1430216716 458760 0 0 0 -4.237 -7.513 0 -0.420225 0 0
0 0 0 1430216716 498880 0 0 0 -4.237 -7.513 0 -0.395745 0 0
0 0 0 1430216716 538883 0 0 0 -4.237 -7.513 0 -0.369735 0 0
0 0 0 1430216716 578874 0 0 0 -4.237 -7.513 0 -0.343725 0 0
0 0 0 1430216716 618881 0 0 0 -4.237 -7.513 0 -0.319245 0 0
0 0 0 1430216716 658886 0 0 0 -4.237 -7.513 0 -0.294765 0 0
0 0 0 1430216716 698892 0 0 0 -4.237 -7.513 0 -0.270285 0 0
0 0 0 1430216716 738885 0 0 0 -4.237 -7.513 0 -0.244275 0 0
0 0 0 1430216716 778887 0 0 0 -4.237 -7.513 0 -0.219795 0 0
0 0 0 1430216716 819103 0 0 0 -4.237 -7.513 0 -0.193785 0 0
0 0 0 1430216716 859025 0 0 0 -4.237 -7.513 0 -0.169305 0 0
0 0 0 1430216716 899025 0 0 0 -4.237 -7.513 0 -0.144825 0 0
0 0 0 1430216716 939137 0 0 0 -4.237 -7.513 0 -0.120345 0 0
0 0 0 1430216716 979101 0 0 0 -4.237 -7.513 0 -0.0958653 0 0
0 0 0 1430216717 19098 0 0 0 -4.237 -7.513 0 -0.0698553 0 0
0 0 0 1430216717 59104 0 0 0 -4.237 -7.513 0 -0.0438453 0 0
0 0 0 1430216717 99263 0 0 0 -4.237 -7.513 0 -0.0193653 0 0
0 0 0 1430216717 139264 0 0 0 -4.237 -7.513 0 0.02295 0 0
0 0 0 1430216717 179233 0 0 0 -4.237 -7.513 0 0.04743 0 0
0 0 0 1430216717 219297 0 0 0 -4.237 -7.513 0 0.07191 0 0
0 0 0 1430216717 259351 0 0 0 -4.237 -7.513 0 0.09639 0 0
0 0 0 1430216717 299380 0 0 0 -4.237 -7.513 0 0.12087 0 0
0 0 0 1430216717 339355 0 0 0 -4.237 -7.513 0 0.14688 0 0
0 0 0 1430216717 379364 0 0 0 -4.237 -7.513 0 0.17289 0 0
0 0 0 1430216717 419365 0 0 0 -4.237 -7.513 0 0.19737 0 0
0 0 0 1430216717 459353 0 0 0 -4.237 -7.513 0 0.22185 0 0
0 0 0 1430216717 499349 0 0 0 -4.237 -7.513 0 0.24786 0 0
0 0 0 1430216717 539351 0 0 0 -4.237 -7.513 0 0.27387 0 0
0 0 0 1430216717 579346 0 0 0 -4.237 -7.513 0 0.29988 0 0
0 0 0 1430216717 619354 0 0 0 -4.237 -7.513 0 0.32589 0 0
0 0 0 1430216717 659475 0 0 0 -4.237 -7.513 0 0.35037 0 0
0 0 0 1430216717 699475 0 0 0 -4.237 -7.513 0 0.37638 0 0
0 0 0 1430216717 739459 0 0 0 -4.237 -7.513 0 0.40239 0 0
0 0 0 1430216717 779467 0 0 0 -4.237 -7.513 0 0.4284 0 0
0 0 0 1430216717 819463 0 0 0 -4.237 -7.513 0 0.45441 0 0
0 0 0 1430216717 859475 0 0 0 -4.237 -7.513 0 0.48042 0 0
0 0 0 1430216717 899455 0 0 0 -4.237 -7.513 0 0.5049 0 0
0 0 0 1430216717 939477 0 0 0 -4.237 -7.513 0 0.53091 0 0
0 0 0 1430216717 959603 0 0 0 -4.237 -7.513 0 0.54468 0 0
0 0 0 1430216717 979567 0 0 0 -4.237 -7.513 0 0.55692 0 0
0 0 0 1430216718 19630 0 0 0 -4.237 -7.513 0 0.58446 0 0
0 0 0 1430216718 59587 0 0 0 -4.237 -7.513 0 0.612 0 0
0 0 0 1430216718 99598 0 0 0 -4.237 -7.513 0 0.63954 0 0
0 0 0 1430216718 139612 0 0 0 -4.237 -7.513 0 0.66555 0 0
0 0 0 1430216718 179620 0 0 0 -4.237 -7.513 0 0.69309 0 0
0 0 0 1430216718 219575 0 0 0 -4.237 -7.513 0 0.72063 0 0
0 0 0 1430216718 259720 0 0 0 -4.237 -7.513 0 0.74664 0 0
0 0 0 1430216718 299760 0 0 0 -4.237 -7.513 0 0.77418 0 0
0 0 0 1430216718 339718 0 0 0 -4.237 -7.513 0 0.80172 0 0
0 0 0 1430216718 379708 0 0 0 -4.237 -7.513 0 0.82926 0 0
0 0 0 1430216718 419715 0 0 0 -4.237 -7.513 0 0.8568 0 0
0 0 0 1430216718 459719 0 0 0 -4.237 -7.513 0 0.88281 0 0
0 0 0 1430216718 499731 0 0 0 -4.237 -7.513 0 0.90882 0 0
0 0 0 1430216718 539852 0 0 0 -4.237 -7.513 0 0.93636 0 0
0 0 0 1430216718 579846 0 0 0 -4.237 -7.513 0 0.9639 0 0
0 0 0 1430216718 619884 0 0 0 -4.237 -7.513 0 0.99144 0 0
0 0 0 1430216718 659828 0 0 0 -4.237 -7.513 0 1.01745 0 0
0 0 0 1430216718 699849 0 0 0 -4.237 -7.513 0 1.04499 0 0
0 0 0 1430216718 739851 0 0 0 -4.237 -7.513 0 1.07253 0 0
0 0 0 1430216718 779856 0 0 0 -4.237 -7.513 0 1.09854 0 0
0 0 0 1430216718 819847 0 0 0 -4.237 -7.513 0 1.12608 0 0
0 0 0 1430216718 859974 0 0 0 -4.237 -7.513 0 1.15362 0 0
0 0 0 1430216718 900004 0 0 0 -4.237 -7.513 0 1.18116 0 0
0 0 0 1430216718 939976 0 0 0 -4.237 -7.513 0 1.2087 0 0
0 0 0 1430216718 979934 0 0 0 -4.237 -7.513 0 1.23624 0 0
0 0 0 1430216719 19975 0 0 0 -4.237 -7.513 0 1.26378 0 0
0 0 0 1430216719 59952 0 0 0 -4.237 -7.513 0 1.29132 0 0
0 0 0 1430216719 99976 0 0 0 -4.237 -7.513 0 1.32039 0 0
0 0 0 1430216719 140103 0 0 0 -4.237 -7.513 0 1.34793 0 0
0 0 0 1430216719 180094 0 0 0 -4.237 -7.513 0 1.37547 0 0
0 0 0 1430216719 220077 0 0 0 -4.237 -7.513 0 1.40301 0 0
0 0 0 1430216719 260100 0 0 0 -4.237 -7.513 0 1.43055 0 0
0 0 0 1430216719 300073 0 0 0 -4.237 -7.513 0 1.45809 0 0
0 0 0 1430216719 340102 0 0 0 -4.237 -7.513 0 1.48563 0 0
0 0 0 1430216719 380097 0 0 0 -4.237 -7.513 0 1.5147 0 0
0 0 0 1430216719 420219 0 0 0 -4.237 -7.513 0 1.54224 0 0
0 0 0 1430216719 460198 0 0 0 -4.237 -7.513 0 1.56978 0 0
0 0 0 1430216719 500225 0 0 0 -4.237 -7.513 0 1.59732 0 0
0 0 0 1430216719 540193 0 0 0 -4.237 -7.513 0 1.62486 0 0
0 0 0 1430216719 580381 0 0 0 -4.237 -7.513 0 1.6524 0 0
0 0 0 1430216719 620364 0 0 0 -4.237 -7.513 0 1.67994 0 0
0 0 0 1430216719 660347 0 0 0 -4.237 -7.513 0 1.70748 0 0
0 0 0 1430216719 700351 0 0 0 -4.237 -7.513 0 1.73655 0 0
0 0 0 1430216719 740352 0 0 0 -4.237 -7.513 0 1.76409 0 0
0 0 0 1430216719 780352 0 0 0 -4.237 -7.513 0 1.79163 0 0
0 0 0 1430216719 820352 0 0 0 -4.237 -7.513 0 1.8207 0 0
0 0 0 1430216719 860355 0 0 0 -4.237 -7.513 0 1.84824 0 0
0 0 0 1430216719 900347 0 0 0 -4.237 -7.513 0 1.87578 0 0
0 0 0 1430216719 940357 0 0 0 -4.237 -7.513 0 1.90332 0 0
0 0 0 1430216719 980472 0 0 0 -4.237 -7.513 0 1.93086 0 0
0 0 0 1430216720 20461 0 0 0 -4.237 -7.513 0 1.95993 0 0
0 0 0 1430216720 60475 0 0 0 -4.237 -7.513 0 1.98747 0 0
0 0 0 1430216720 100476 0 0 0 -4.237 -7.513 0 2.01501 0 0
0 0 0 1430216720 140470 0 0 0 -4.237 -7.513 0 2.04255 0 0
0 0 0 1430216720 180507 0 0 0 -4.237 -7.513 0 2.07009 0 0
0 0 0 1430216720 220474 0 0 0 -4.237 -7.513 0 2.09763 0 0
0 0 0 1430216720 260626 0 0 0 -4.237 -7.513 0 2.12517 0 0
0 0 0 1430216720 300617 0 0 0 -4.237 -7.513 0 2.15424 0 0
0 0 0 1430216720 340585 0 0 0 -4.237 -7.513 0 2.18178 0 0
0 0 0 1430216720 380513 0 0 0 -4.237 -7.513 0 2.20932 0 0
0 0 0 1430216720 420523 0 0 0 -4.237 -7.513 0 2.23686 0 0
0 0 0 1430216720 460512 0 0 0 -4.237 -7.513 0 2.2644 0 0
0 0 0 1430216720 500513 0 0 0 -4.237 -7.513 0 2.29194 0 0
0 0 0 1430216720 540511 0 0 0 -4.237 -7.513 0 2.31948 0 0
0 0 0 1430216720 580636 0 0 0 -4.237 -7.513 0 2.34702 0 0
0 0 0 1430216720 620635 0 0 0 -4.237 -7.513 0 2.37609 0 0
0 0 0 1430216720 660642 0 0 0 -4.237 -7.513 0 2.40363 0 0
0 0 0 1430216720 700638 0 0 0 -4.237 -7.513 0 2.42964 0 0
0 0 0 1430216720 740628 0 0 0 -4.237 -7.513 0 2.45259 0 0
0 0 0 1430216720 780635 0 0 0 -4.237 -7.513 0 2.47248 0 0
0 0 0 1430216720 820639 0 0 0 -4.237 -7.513 0 2.48931 0 0
0 0 0 1430216720 860636 0 0 0 -4.237 -7.513 0 2.50461 0 0
0 0 0 1430216720 900765 0 0 0 -4.236 -7.513 0 2.51685 0 0
0 0 0 1430216720 940761 0 0 0 -4.237 -7.513 0 2.5245 0 0
0 0 0 1430216720 980765 0 0 0 -4.236 -7.513 0 2.52909 0 0
0 0 0 1430216721 20861 0 0 0 -4.236 -7.513 0 2.53215 0 0
0 0 0 1430216721 60852 0 0 0 -4.237 -7.513 0 2.53215 0 0
0 0 0 1430216721 100765 0 0 0 -4.237 -7.513 0 2.53215 0 0
0 0 0 1430216721 140760 0 0 0 -4.237 -7.513 0 2.53215 0 0
0 0 0 1430216721 180864 0 0 0 -4.237 -7.513 0 2.53368 0 0
0 0 0 1430216721 220908 0 0 0 -4.236 -7.513 0 2.53827 0 0
0 0 0 1430216721 260895 0 0 0 -4.237 -7.513 0 2.54592 0 0
0 0 0 1430216721 300887 0 0 0 -4.237 -7.513 0 2.5551 0 0
0 0 0 1430216721 340895 0 0 0 -4.237 -7.513 0 2.56887 0 0
0 0 0 1430216721 380885 0 0 0 -4.237 -7.513 0 2.58417 0 0
0 0 0 1430216721 420886 0 0 0 -4.237 -7.513 0 2.59947 0 0
0 0 0 1430216721 461015 0 0 0 -4.237 -7.513 0 2.61477 0 0
0 0 0 1430216721 501012 0 0 0 -4.237 -7.513 0 2.62701 0 0
0 0 0 1430216721 541015 0 0 0 -4.237 -7.513 0 2.63925 0 0
0 0 0 1430216721 581010 0 0 0 -4.237 -7.513 0 2.65302 0 0
0 0 0 1430216721 621010 0 0 0 -4.237 -7.513 0 2.66832 0 0
0 0 0 1430216721 661011 0 0 0 -4.237 -7.513 0 2.68362 0 0
0 0 0 1430216721 701009 0 0 0 -4.237 -7.513 0 2.69739 0 0
0 0 0 1430216721 741139 0 0 0 -4.237 -7.513 0 2.71116 0 0
0 0 0 1430216721 781134 0 0 0 -4.237 -7.513 0 2.7234 0 0
0 0 0 1430216721 821280 0 0 0 -4.237 -7.513 0 2.73717 0 0
0 0 0 1430216721 861254 0 0 0 -4.237 -7.513 0 2.75094 0 0
0 0 0 1430216721 901354 0 0 0 -4.237 -7.513 0 2.76777 0 0
0 0 0 1430216721 941223 0 0 0 -4.237 -7.513 0 2.78307 0 0
0 0 0 1430216721 981239 0 0 0 -4.237 -7.513 0 2.80143 0 0
0 0 0 1430216722 21228 0 0 0 -4.237 -7.513 0 2.81826 0 0
0 0 0 1430216722 61208 0 0 0 -4.237 -7.513 0 2.83815 0 0
0 0 0 1430216722 101366 0 0 0 -4.237 -7.513 0 2.85804 0 0
0 0 0 1430216722 141352 0 0 0 -4.237 -7.513 0 2.8764 0 0
0 0 0 1430216722 181350 0 0 0 -4.237 -7.513 0 2.89476 0 0
0 0 0 1430216722 221355 0 0 0 -4.237 -7.513 0 2.91465 0 0
0 0 0 1430216722 261348 0 0 0 -4.237 -7.513 0 2.93301 0 0
0 0 0 1430216722 301441 0 0 0 -4.237 -7.513 0 2.95137 0 0
0 0 0 1430216722 341449 0 0 0 -4.237 -7.513 0 2.96973 0 0
0 0 0 1430216722 381392 0 0 0 -4.237 -7.513 0 2.98809 0 0
0 0 0 1430216722 421394 0 0 0 -4.237 -7.513 0 3.00492 0 0
0 0 0 1430216722 461377 0 0 0 -4.237 -7.513 0 3.01869 0 0
0 0 0 1430216722 501390 0 0 0 -4.237 -7.513 0 3.02787 0 0
0 0 0 1430216722 541698 0 0 0 -4.237 -7.513 0 3.03705 0 0
0 0 0 1430216722 561409 0 0 0 -4.237 -7.513 0 3.04164 0 0
0 0 0 1430216722 581399 0 0 0 -4.236 -7.513 0 3.04317 0 0
0 0 0 1430216722 621404 0 0 0 -4.236 -7.513 0 3.04623 0 0
0 0 0 1430216722 661516 0 0 0 -4.236 -7.513 0 3.04776 0 0
0 0 0 1430216722 701511 0 0 0 -4.236 -7.513 0 3.04623 0 0
0 0 0 1430216722 741527 0 0 0 -4.236 -7.513 0 3.04623 0 0
0 0 0 1430216722 781526 0 0 0 -4.236 -7.513 0 3.04623 0 0
0 0 0 1430216722 821534 0 0 0 -4.236 -7.513 0 3.04623 0 0
0 0 0 1430216722 861534 0 0 0 -4.236 -7.513 0 3.04623 0 0
0 0 0 1430216722 901526 0 0 0 -4.236 -7.513 0 3.04623 0 0
0 0 0 1430216722 941644 0 0 0 -4.236 -7.513 0 3.04623 0 0
0 0 0 1430216722 981752 0 0 0 -4.236 -7.513 0 3.04776 0 0
0 0 0 1430216723 21723 0 0 0 -4.237 -7.513 0 3.04929 0 0
0 0 0 1430216723 61726 0 0 0 -4.236 -7.513 0 3.05694 0 0
0 0 0 1430216723 101743 0 0 0 -4.236 -7.513 0 3.06306 0 0
0 0 0 1430216723 141756 0 0 0 -4.235 -7.513 0 3.07224 0 0
0 0 0 1430216723 181879 0 0 0 -4.233 -7.513 0 3.08295 0 0
0 0 0 1430216723 201882 0 0 0 -4.232 -7.513 0 3.08754 0 0
0 0 0 1430216723 221868 0 0 0 -4.231 -7.513 0 3.09213 0 0
0 0 0 1430216723 261873 0 0 0 -4.228 -7.513 0 3.09672 0 0
0 0 0 1430216723 301868 0 0 0 -4.225 -7.513 0 3.09672 0 0
0 0 0 1430216723 341867 0 0 0 -4.221 -7.513 0 3.09519 0 0
0 0 0 1430216723 381872 0 0 0 -4.217 -7.513 0 3.09366 0 0
0 0 0 1430216723 421860 0 0 0 -4.212 -7.514 0 3.0906 0 0
0 0 0 1430216723 461849 0 0 0 -4.207 -7.514 0 3.09213 0 0
0 0 0 1430216723 501974 0 0 0 -4.201 -7.514 0 3.09366 0 0
0 0 0 1430216723 521946 0 0 0 -4.199 -7.514 0 3.09519 0 0
0 0 0 1430216723 541995 0 0 0 -4.196 -7.514 0 3.09519 0 0
0 0 0 1430216723 581971 0 0 0 -4.19 -7.514 0 3.09519 0 0
0 0 0 1430216723 621937 0 0 0 -4.185 -7.515 0 3.09519 0 0
0 0 0 1430216723 662005 0 0 0 -4.179 -7.515 0 3.09519 0 0
0 0 0 1430216723 701969 0 0 0 -4.173 -7.515 0 3.10131 0 0
0 0 0 1430216723 742009 0 0 0 -4.168 -7.515 0 3.10437 0 0
0 0 0 1430216723 782140 0 0 0 -4.162 -7.515 0 3.11355 0 0
0 0 0 1430216723 822121 0 0 0 -4.156 -7.515 0 3.12732 0 0
0 0 0 1430216723 862126 0 0 0 -4.151 -7.515 0 -3.13598 0 0
0 0 0 1430216723 882129 0 0 0 -4.148 -7.515 0 -3.12527 0 0
0 0 0 1430216723 902050 0 0 0 -4.145 -7.515 0 -3.11609 0 0
0 0 0 1430216723 942121 0 0 0 -4.14 -7.515 0 -3.09314 0 0
0 0 0 1430216723 982129 0 0 0 -4.134 -7.515 0 -3.07019 0 0
0 0 0 1430216724 2106 0 0 0 -4.131 -7.514 0 -3.05642 0 0
0 0 0 1430216724 23393 0 0 0 -4.129 -7.514 0 -3.04112 0 0
0 0 0 1430216724 62238 0 0 0 -4.123 -7.514 0 -3.01205 0 0
0 0 0 1430216724 82227 0 0 0 -4.121 -7.513 0 -2.99522 0 0
0 0 0 1430216724 102216 0 0 0 -4.118 -7.513 0 -2.97839 0 0
0 0 0 1430216724 122227 0 0 0 -4.115 -7.512 0 -2.96156 0 0
0 0 0 1430216724 142233 0 0 0 -4.112 -7.512 0 -2.94167 0 0
0 0 0 1430216724 182229 0 0 0 -4.107 -7.51 0 -2.90495 0 0
0 0 0 1430216724 222239 0 0 0 -4.101 -7.509 0 -2.86517 0 0
0 0 0 1430216724 242361 0 0 0 -4.099 -7.508 0 -2.84528 0 0
0 0 0 1430216724 262368 0 0 0 -4.096 -7.507 0 -2.82539 0 0
0 0 0 1430216724 302226 0 0 0 -4.092 -7.506 0 -2.78561 0 0
0 0 0 1430216724 342353 0 0 0 -4.088 -7.504 0 -2.74583 0 0
0 0 0 1430216724 382356 0 0 0 -4.085 -7.503 0 -2.70605 0 0
0 0 0 1430216724 422360 0 0 0 -4.081 -7.501 0 -2.66474 0 0
0 0 0 1430216724 462315 0 0 0 -4.078 -7.499 0 -2.62496 0 0
0 0 0 1430216724 502354 0 0 0 -4.076 -7.498 0 -2.58671 0 0
0 0 0 1430216724 542350 0 0 0 -4.074 -7.496 0 -2.54693 0 0
0 0 0 1430216724 582364 0 0 0 -4.072 -7.495 0 -2.50715 0 0
0 0 0 1430216724 622477 0 0 0 -4.071 -7.494 0 -2.46737 0 0
0 0 0 1430216724 662442 0 0 0 -4.07 -7.493 0 -2.42606 0 0
0 0 0 1430216724 702479 0 0 0 -4.069 -7.493 0 -2.38628 0 0
0 0 0 1430216724 742477 0 0 0 -4.069 -7.493 0 -2.3465 0 0
0 0 0 1430216724 782480 0 0 0 -4.07 -7.493 0 -2.30825 0 0
0 0 0 1430216724 822468 0 0 0 -4.07 -7.493 0 -2.27 0 0
0 0 0 1430216724 862476 0 0 0 -4.07 -7.493 0 -2.22869 0 0
0 0 0 1430216724 902546 0 0 0 -4.07 -7.494 0 -2.19044 0 0
0 0 0 1430216724 942460 0 0 0 -4.07 -7.494 0 -2.15066 0 0
0 0 0 1430216724 962598 0 0 0 -4.07 -7.494 0 -2.1323 0 0
0 0 0 1430216724 983155 0 0 0 -4.07 -7.494 0 -2.11241 0 0
0 0 0 1430216725 22603 0 0 0 -4.07 -7.493 0 -2.07263 0 0
0 0 0 1430216725 62599 0 0 0 -4.07 -7.493 0 -2.03132 0 0
0 0 0 1430216725 102597 0 0 0 -4.07 -7.493 0 -1.99154 0 0
0 0 0 1430216725 142591 0 0 0 -4.07 -7.493 0 -1.95176 0 0
0 0 0 1430216725 162598 0 0 0 -4.07 -7.493 0 -1.9334 0 0
0 0 0 1430216725 182593 0 0 0 -4.07 -7.493 0 -1.91351 0 0
0 0 0 1430216725 222728 0 0 0 -4.07 -7.493 0 -1.87373 0 0
0 0 0 1430216725 262729 0 0 0 -4.07 -7.493 0 -1.83701 0 0
0 0 0 1430216725 302729 0 0 0 -4.07 -7.494 0 -1.80182 0 0
0 0 0 1430216725 342732 0 0 0 -4.07 -7.494 0 -1.76969 0 0
0 0 0 1430216725 382729 0 0 0 -4.07 -7.493 0 -1.73909 0 0
0 0 0 1430216725 422727 0 0 0 -4.07 -7.493 0 -1.71308 0 0
0 0 0 1430216725 462733 0 0 0 -4.07 -7.493 0 -1.69013 0 0
0 0 0 1430216725 502724 0 0 0 -4.07 -7.493 0 -1.67177 0 0
0 0 0 1430216725 542855 0 0 0 -4.07 -7.493 0 -1.65341 0 0
0 0 0 1430216725 582849 0 0 0 -4.07 -7.493 0 -1.63964 0 0
0 0 0 1430216725 622851 0 0 0 -4.07 -7.493 0 -1.6274 0 0
0 0 0 1430216725 662844 0 0 0 -4.07 -7.494 0 -1.61822 0 0
0 0 0 1430216725 702853 0 0 0 -4.07 -7.494 0 -1.6121 0 0
0 0 0 1430216725 742823 0 0 0 -4.07 -7.494 0 -1.60904 0 0
0 0 0 1430216725 782833 0 0 0 -4.07 -7.494 0 -1.60751 0 0
0 0 0 1430216725 822973 0 0 0 -4.07 -7.493 0 -1.60751 0 0
0 0 0 1430216725 862987 0 0 0 -4.07 -7.493 0 -1.60904 0 0
0 0 0 1430216725 902978 0 0 0 -4.07 -7.493 0 -1.60751 0 0
0 0 0 1430216725 942984 0 0 0 -4.07 -7.493 0 -1.60751 0 0
0 0 0 1430216725 982948 0 0 0 -4.07 -7.493 0 -1.60904 0 0
0 0 0 1430216726 22972 0 0 0 -4.07 -7.494 0 -1.60751 0 0
0 0 0 1430216726 62983 0 0 0 -4.07 -7.494 0 -1.60751 0 0
0 0 0 1430216726 103098 0 0 0 -4.07 -7.493 0 -1.60751 0 0
0 0 0 1430216726 123114 0 0 0 -4.07 -7.494 0 -1.60751 0 0
0 0 0 1430216726 163321 0 0 0 -4.07 -7.494 0 -1.60751 0 0
0 0 0 1430216726 203082 0 0 0 -4.07 -7.494 0 -1.60751 0 0
0 0 0 1430216726 243123 0 0 0 -4.07 -7.494 0 -1.60751 0 0
0 0 0 1430216726 283123 0 0 0 -4.07 -7.494 0 -1.60751 0 0
0 0 0 1430216726 343027 0 0 0 -4.07 -7.494 0 -1.60751 0 0
0 0 0 1430216726 383150 0 0 0 -4.07 -7.493 0 -1.60751 0 0
0 0 0 1430216726 403152 0 0 0 -4.07 -7.493 0 -1.60751 0 0
0 0 0 1430216726 443129 0 0 0 -4.07 -7.494 0 -1.60751 0 0
0 0 0 1430216726 483146 0 0 0 -4.07 -7.493 0 -1.60751 0 0
0 0 0 1430216726 543121 0 0 0 -4.07 -7.493 0 -1.60751 0 0
0 0 0 1430216726 563275 0 0 0 -4.07 -7.493 0 -1.60751 0 0
0 0 0 1430216726 583271 0 0 0 -4.07 -7.493 0 -1.60751 0 0
0 0 0 1430216726 603277 0 0 0 -4.07 -7.493 0 -1.60751 0 0
0 0 0 1430216726 643279 0 0 0 -4.07 -7.493 0 -1.60751 0 0
0 0 0 1430216726 683145 0 0 0 -4.07 -7.493 0 -1.60751 0 0
0 0 0 1430216726 723282 0 0 0 -4.07 -7.493 0 -1.60751 0 0
0 0 0 1430216726 763269 0 0 0 -4.07 -7.493 0 -1.60751 0 0
0 0 0 1430216726 803274 0 0 0 -4.07 -7.493 0 -1.60751 0 0
0 0 0 1430216726 843269 0 0 0 -4.07 -7.493 0 -1.60751 0 0
0 0 0 1430216726 883274 0 0 0 -4.07 -7.493 0 -1.60751 0 0
0 0 0 1430216726 923274 0 0 0 -4.07 -7.493 0 -1.60751 0 0
0 0 0 1430216726 963356 0 0 0 -4.07 -7.493 0 -1.60751 0 0
0 0 0 1430216727 3394 0 0 0 -4.07 -7.493 0 -1.60751 0 0
0 0 0 1430216727 43400 0 0 0 -4.07 -7.493 0 -1.60751 0 0
0 0 0 1430216727 83484 0 0 0 -4.07 -7.493 0 -1.60751 0 0
0 0 0 1430216727 123519 0 0 0 -4.07 -7.493 0 -1.60751 0 0
0 0 0 1430216727 163470 0 0 0 -4.07 -7.493 0 -1.60751 0 0
0 0 0 1430216727 203477 0 0 0 -4.07 -7.493 0 -1.60751 0 0
0 0 0 1430216727 243489 0 0 0 -4.07 -7.493 0 -1.60751 0 0
0 0 0 1430216727 283605 0 0 0 -4.07 -7.493 0 -1.60751 0 0
0 0 0 1430216727 323618 0 0 0 -4.07 -7.493 0 -1.60751 0 0
0 0 0 1430216727 363598 0 0 0 -4.07 -7.493 0 -1.60751 0 0
0 0 0 1430216727 403603 0 0 0 -4.07 -7.493 0 -1.60751 0 0
0 0 0 1430216727 443605 0 0 0 -4.07 -7.493 0 -1.60751 0 0
0 0 0 1430216727 483711 0 0 0 -4.07 -7.493 0 -1.60751 0 0
0 0 0 1430216727 523600 0 0 0 -4.07 -7.493 0 -1.60751 0 0
0 0 0 1430216727 563601 0 0 0 -4.07 -7.493 0 -1.60751 0 0
0 0 0 1430216727 603717 0 0 0 -4.07 -7.493 0 -1.60751 0 0
0 0 0 1430216727 643717 0 0 0 -4.07 -7.493 0 -1.60751 0 0
0 0 0 1430216727 683741 0 0 0 -4.07 -7.493 0 -1.60751 0 0
0 0 0 1430216727 723718 0 0 0 -4.07 -7.493 0 -1.60751 0 0
0 0 0 1430216727 763688 0 0 0 -4.07 -7.493 0 -1.60751 0 0
0 0 0 1430216727 803728 0 0 0 -4.07 -7.493 0 -1.60751 0 0
0 0 0 1430216727 843741 0 0 0 -4.07 -7.493 0 -1.60751 0 0
0 0 0 1430216727 883851 0 0 0 -4.07 -7.493 0 -1.60751 0 0
0 0 0 1430216727 923790 0 0 0 -4.07 -7.493 0 -1.60751 0 0
0 0 0 1430216727 943803 0 0 0 -4.07 -7.493 0 -1.60751 0 0
0 0 0 1430216727 963803 0 0 0 -4.07 -7.493 0 -1.60751 0 0
0 0 0 1430216728 3864 0 0 0 -4.07 -7.493 0 -1.60751 0 0
0 0 0 1430216728 43852 0 0 0 -4.07 -7.493 0 -1.60751 0 0
0 0 0 1430216728 83853 0 0 0 -4.07 -7.493 0 -1.60751 0 0
0 0 0 1430216728 123855 0 0 0 -4.07 -7.493 0 -1.60751 0 0
0 0 0 1430216728 163850 0 0 0 -4.07 -7.493 0 -1.60751 0 0
0 0 0 1430216728 203977 0 0 0 -4.07 -7.493 0 -1.60751 0 0
0 0 0 1430216728 243992 0 0 0 -4.07 -7.493 0 -1.60751 0 0
0 0 0 1430216728 283978 0 0 0 -4.07 -7.493 0 -1.60751 0 0
0 0 0 1430216728 303982 0 0 0 -4.07 -7.493 0 -1.60751 0 0
0 0 0 1430216728 323979 0 0 0 -4.07 -7.493 0 -1.60751 0 0
0 0 0 1430216728 364156 0 0 0 -4.07 -7.493 0 -1.60751 0 0
0 0 0 1430216728 403984 0 0 0 -4.07 -7.493 0 -1.60751 0 0
0 0 0 1430216728 444066 0 0 0 -4.07 -7.493 0 -1.60751 0 0
0 0 0 1430216728 484092 0 0 0 -4.07 -7.493 0 -1.60751 0 0
0 0 0 1430216728 504094 0 0 0 -4.07 -7.493 0 -1.60751 0 0
0 0 0 1430216728 524091 0 0 0 -4.07 -7.493 0 -1.60751 0 0
0 0 0 1430216728 564097 0 0 0 -4.07 -7.493 0 -1.60751 0 0
0 0 0 1430216728 584110 0 0 0 -4.07 -7.493 0 -1.60751 0 0
0 0 0 1430216728 604102 0 0 0 -4.07 -7.493 0 -1.60751 0 0
0 0 0 1430216728 644110 0 0 0 -4.07 -7.493 0 -1.60751 0 0
0 0 0 1430216728 664114 0 0 0 -4.07 -7.493 0 -1.60751 0 0
0 0 0 1430216728 684097 0 0 0 -4.07 -7.493 0 -1.60751 0 0
0 0 0 1430216728 724167 0 0 0 -4.07 -7.493 0 -1.60751 0 0
0 0 0 1430216728 744253 0 0 0 -4.07 -7.493 0 -1.60751 0 0
0 0 0 1430216728 764198 0 0 0 -4.07 -7.493 0 -1.60751 0 0
0 0 0 1430216728 804220 0 0 0 -4.07 -7.493 0 -1.60751 0 0
0 0 0 1430216728 824166 0 0 0 -4.07 -7.493 0 -1.60751 0 0
0 0 0 1430216728 844228 0 0 0 -4.07 -7.493 0 -1.60751 0 0
0 0 0 1430216728 884222 0 0 0 -4.07 -7.493 0 -1.60751 0 0
0 0 0 1430216728 924348 0 0 0 -4.07 -7.493 0 -1.60751 0 0
0 0 0 1430216728 944345 0 0 0 -4.07 -7.493 0 -1.60751 0 0
0 0 0 1430216728 964277 0 0 0 -4.07 -7.493 0 -1.60751 0 0
0 0 0 1430216728 984244 0 0 0 -4.07 -7.493 0 -1.60751 0 0
0 0 0 1430216729 4232 0 0 0 -4.07 -7.493 0 -1.60751 0 0
0 0 0 1430216729 44307 0 0 0 -4.07 -7.493 0 -1.60751 0 0
0 0 0 1430216729 84351 0 0 0 -4.07 -7.494 0 -1.60751 0 0
0 0 0 1430216729 124342 0 0 0 -4.07 -7.493 0 -1.60751 0 0
0 0 0 1430216729 164367 0 0 0 -4.07 -7.494 0 -1.60751 0 0
0 0 0 1430216729 184352 0 0 0 -4.07 -7.494 0 -1.60751 0 0
0 0 0 1430216729 204364 0 0 0 -4.07 -7.494 0 -1.60751 0 0
0 0 0 1430216729 224292 0 0 0 -4.07 -7.494 0 -1.60751 0 0
0 0 0 1430216729 244360 0 0 0 -4.07 -7.494 0 -1.60751 0 0
0 0 0 1430216729 284473 0 0 0 -4.07 -7.494 0 -1.60751 0 0
0 0 0 1430216729 324471 0 0 0 -4.07 -7.494 0 -1.60751 0 0
0 0 0 1430216729 364462 0 0 0 -4.07 -7.494 0 -1.60751 0 0
0 0 0 1430216729 404489 0 0 0 -4.07 -7.494 0 -1.60751 0 0
0 0 0 1430216729 444477 0 0 0 -4.07 -7.494 0 -1.60751 0 0
0 0 0 1430216729 484477 0 0 0 -4.07 -7.494 0 -1.60751 0 0
0 0 0 1430216729 524474 0 0 0 -4.07 -7.494 0 -1.60751 0 0
0 0 0 1430216729 564483 0 0 0 -4.07 -7.494 0 -1.60751 0 0
0 0 0 1430216729 604480 0 0 0 -4.07 -7.494 0 -1.60751 0 0
0 0 0 1430216729 644488 0 0 0 -4.07 -7.494 0 -1.60751 0 0
0 0 0 1430216729 684610 0 0 0 -4.07 -7.494 0 -1.60751 0 0
0 0 0 1430216729 724680 0 0 0 -4.07 -7.494 0 -1.60751 0 0
