-1.06847 1.0811
-1.06587 1.09764
-1.06307 1.11422
-1.06689 1.13813
-1.0636 1.15484
-1.0668 1.179
-1.06302 1.19582
-1.0656 1.2202
-1.06784 1.24472
-1.06328 1.26172
-1.06487 1.28645
-1.07874 1.32681
-1.07325 1.34408
-1.07988 1.37708
-1.07381 1.39447
-1.07355 1.41982
-1.07292 1.44528
-1.08371 1.487
-1.09384 1.52902
-1.09757 1.56315
-1.09511 1.58923
-1.10347 1.63195
-1.10564 1.6666
-1.14546 1.76009
-1.7433 2.73103
-1.71918 2.74628
-1.70015 2.76984
-1.66022 2.759
-1.63077 2.7649
-1.60636 2.77916
-1.57196 2.7758
-1.53775 2.77204
-1.5085 2.77669
-1.47459 2.77222
-1.44088 2.76736
-1.41191 2.77103
-1.38298 2.77441
-1.35411 2.7775
-1.32529 2.78029
-1.2923 2.77373
-1.26368 2.7759
-1.23512 2.77778
-1.20662 2.77938
-1.17819 2.7807
-1.14983 2.78172
-1.12529 2.79174
-1.11528 2.83878
-1.11883 2.9232
-1.1105 2.9798
-1.11148 3.06467
-1.11106 3.14979
-1.11571 3.25404
-1.11544 3.34913
-1.11973 3.46349
-1.1221 3.57818
-1.12253 3.69317
-1.12102 3.80844
-1.01229 3.80774
-0.834639 3.25469
-0.76996 3.11629
-0.747107 3.14241
-0.723854 3.16836
-0.69806 3.18439
-0.633944 3.47261
-0.596496 3.43865
-0.56294 3.42403
-0.53583 3.44862
-0.509778 3.48289
0.861951 3.77279
0.862766 3.62885
0.865912 3.50461
0.869422 3.3903
0.870988 3.2762
0.873268 3.17199
0.873782 3.068
0.866887 2.94506
0.872437 2.87034
0.873747 2.78621
0.876721 2.7118
0.878453 2.63756
0.878947 2.5635
0.881534 2.49908
0.886464 2.44421
0.883514 2.37072
0.882914 2.30681
0.881258 2.2431
0.889766 2.20742
0.886254 2.14405
0.8934 2.10854
0.888044 2.04555
0.889776 2.0011
0.890794 1.95678
0.891102 1.9126
0.895005 1.8776
0.885215 1.81571
0.878867 1.76309
0.889823 1.74637
0.891316 1.71186
0.892271 1.67745
0.887916 1.63438
0.892576 1.60901
0.89193 1.57498
0.89576 1.54975
0.899215 1.52457
0.891984 1.48232
0.899775 1.46588
0.896733 1.43247
0.898555 1.40766
0.900009 1.38293
0.895571 1.34995
0.896224 1.32544
0.902189 1.30926
0.896447 1.27671
0.901839 1.26063
0.901128 1.23647
0.894102 1.2044
0.898645 1.1885
0.896876 1.16469
0.894759 1.14101
0.811177 1.01587
0.662383 0.814708
0.631274 0.762622
0.631523 0.749386
0.625077 0.728615
0.624892 0.715549
0.631171 0.710017
0.6374 0.70443
0.650354 0.706144
0.64971 0.693092
0.669596 0.701813
0.675751 0.695888
0.681855 0.689909
