-1.05441 1.06687
-1.06587 1.09764
-1.05616 1.10699
-1.06005 1.13084
-1.0636 1.15484
-1.0668 1.179
-1.05638 1.18835
-1.0656 1.2202
-1.06784 1.24472
-1.06972 1.26937
-1.06487 1.28645
-1.06612 1.31129
-1.06701 1.33626
-1.06754 1.36135
-1.06771 1.38654
-1.06752 1.41185
-1.06696 1.43725
-1.07782 1.47892
-1.09384 1.52902
-1.10332 1.57133
-1.09511 1.58923
-1.09787 1.62366
-1.10011 1.65827
-1.13455 1.74333
-1.73254 2.71417
-1.71387 2.7378
-1.69492 2.76131
-1.66022 2.759
-1.63077 2.7649
-1.60135 2.7705
-1.56703 2.76709
-1.5329 2.7633
-1.5085 2.77669
-1.47929 2.78105
-1.4455 2.77623
-1.41191 2.77103
-1.38298 2.77441
-1.35411 2.7775
-1.32529 2.78029
-1.28808 2.76466
-1.26368 2.7759
-1.23512 2.77778
-1.20662 2.77938
-1.17429 2.77149
-1.14983 2.78172
-1.12155 2.78247
-1.11528 2.83878
-1.1224 2.93254
-1.1105 2.9798
-1.11148 3.06467
-1.11106 3.14979
-1.11246 3.24458
-1.11544 3.34913
-1.11666 3.45398
-1.11911 3.56864
-1.12253 3.69317
-1.12102 3.80844
0.861951 3.77279
0.865079 3.63858
0.86831 3.51432
0.869422 3.3903
0.870988 3.2762
0.86796 3.1527
0.868304 3.04876
0.864063 2.93547
0.875345 2.87991
0.876739 2.79575
0.876721 2.7118
0.878453 2.63756
0.878947 2.5635
0.881534 2.49908
0.368224 1.01529
0.328262 0.88082
0.336008 0.877895
0.34007 0.865593
0.340204 0.844015
0.347625 0.840985
0.358921 0.847099
0.362386 0.834731
0.369724 0.831507
0.372891 0.819117
0.384314 0.824865
0.391565 0.821448
0.398785 0.817967
0.405974 0.814423
0.422212 0.828636
0.434112 0.833754
0.493097 0.927014
0.887916 1.63438
0.892576 1.60901
0.89193 1.57498
0.89576 1.54975
0.899215 1.52457
0.891984 1.48232
0.894544 1.45736
0.896733 1.43247
0.893174 1.39923
0.894555 1.37454
0.895571 1.34995
0.896224 1.32544
0.896515 1.30102
0.8907 1.26852
0.896021 1.2525
0.895239 1.22839
0.894102 1.2044
0.898645 1.1885
0.646727 0.839848
0.592392 0.755428
0.586543 0.734552
0.580374 0.713839
0.580262 0.700996
0.586414 0.695858
0.586009 0.683076
0.592003 0.677888
0.597951 0.672647
0.597143 0.659939
0.602933 0.654654
0.608676 0.649318
0.621274 0.651167
0.633952 0.652843
0.639678 0.647234
