-0.72403 0.732585
-0.724515 0.746108
-0.717916 0.752461
-0.718099 0.766051
-0.731647 0.794413
-0.919196 1.01586
-1.06967 1.20329
-1.0656 1.2202
-1.06784 1.24472
-1.06972 1.26937
-1.07763 1.30185
-1.06612 1.31129
-1.07325 1.34408
-1.07371 1.36922
-1.06771 1.38654
-1.06752 1.41185
-1.07292 1.44528
-1.08371 1.487
-1.09966 1.53716
-1.09757 1.56315
-1.10646 1.6057
-1.09787 1.62366
-1.10011 1.65827
-1.13455 1.74333
-1.7433 2.73103
-1.71918 2.74628
-1.70015 2.76984
-1.66538 2.76757
-1.63585 2.77351
-1.60135 2.7705
-1.56703 2.76709
-1.5329 2.7633
-1.50372 2.76791
-1.47459 2.77222
-1.44088 2.76736
-0.458529 0.899917
-0.441663 0.886022
-0.425077 0.8719
-0.417381 0.87561
-0.401205 0.861124
-0.393605 0.864624
-0.385974 0.868058
-0.382295 0.880597
-0.374524 0.88393
-0.366724 0.887194
-0.358895 0.89039
-0.351039 0.893517
-0.346729 0.905913
-0.338737 0.908932
-0.334127 0.921281
-0.335979 0.95248
-0.334063 0.974321
-1.1186 3.35862
-1.11973 3.46349
-1.11911 3.56864
-1.11962 3.68361
-1.12102 3.80844
0.864178 3.78254
0.865079 3.63858
0.86831 3.51432
0.871906 3.39998
0.870988 3.2762
0.873268 3.17199
0.871043 3.05838
0.864063 2.93547
0.872437 2.87034
0.876739 2.79575
0.879797 2.72132
0.878453 2.63756
0.875704 2.55404
0.881534 2.49908
0.879645 2.42541
0.887006 2.38009
0.886488 2.31615
0.884914 2.2524
0.889766 2.20742
0.886254 2.14405
0.885598 2.09012
0.892027 2.05472
0.889776 2.0011
0.890794 1.95678
0.895325 1.92166
0.890702 1.86857
0.885215 1.81571
0.878867 1.76309
0.889823 1.74637
0.895934 1.72073
0.892271 1.67745
0.89269 1.64317
0.892576 1.60901
0.89193 1.57498
0.89576 1.54975
0.894134 1.51596
0.89714 1.49089
0.899775 1.46588
0.896733 1.43247
0.898555 1.40766
0.894555 1.37454
0.895571 1.34995
0.896224 1.32544
0.902189 1.30926
0.896447 1.27671
0.896021 1.2525
0.901128 1.23647
0.894102 1.2044
0.898645 1.1885
0.896876 1.16469
0.9071 1.15675
0.898534 1.12527
0.895794 1.1018
0.899088 1.08616
0.889287 1.05526
0.898548 1.04738
0.894583 1.02436
0.896927 1.00897
0.899069 0.993617
0.901012 0.978303
0.902755 0.963034
0.904299 0.947809
0.905646 0.932633
0.899767 0.910395
