-1.06144 1.07398
-1.05891 1.09047
-1.06307 1.11422
-1.06689 1.13813
-1.07037 1.1622
-1.06009 1.17158
-1.05638 1.18835
-1.0656 1.2202
-1.06784 1.24472
-1.06972 1.26937
-1.06487 1.28645
-1.06612 1.31129
-1.06701 1.33626
-1.06754 1.36135
-1.06771 1.38654
-1.07355 1.41982
-1.07292 1.44528
-1.08371 1.487
-1.09384 1.52902
-1.09757 1.56315
-1.09511 1.58923
-1.09787 1.62366
-1.10011 1.65827
-1.14001 1.75171
-1.7433 2.73103
-1.71918 2.74628
-1.70015 2.76984
-1.66538 2.76757
-1.63077 2.7649
-1.60636 2.77916
-1.56703 2.76709
-1.5329 2.7633
-1.50372 2.76791
-1.46989 2.76339
-1.4455 2.77623
-1.41191 2.77103
-1.38298 2.77441
-1.35411 2.7775
-1.32529 2.78029
-1.29653 2.78279
-1.26368 2.7759
-1.23512 2.77778
-1.20662 2.77938
-1.17819 2.7807
-1.14983 2.78172
-1.12155 2.78247
-1.11894 2.84808
-1.1224 2.93254
-1.11399 2.98917
-1.11148 3.06467
-1.11439 3.15922
-1.11571 3.25404
-1.1186 3.35862
-1.11666 3.45398
-1.11911 3.56864
-1.11962 3.68361
-1.12384 3.81803
0.861951 3.77279
0.867392 3.64831
0.86831 3.51432
0.871906 3.39998
0.873558 3.28586
0.873268 3.17199
0.871043 3.05838
0.864063 2.93547
0.878253 2.88948
0.873747 2.78621
0.879797 2.72132
0.878453 2.63756
0.882191 2.57296
0.881534 2.49908
0.883055 2.43481
0.887006 2.38009
0.886488 2.31615
0.888571 2.26171
0.886027 2.19815
0.886254 2.14405
0.889499 2.09933
0.888044 2.04555
0.889776 2.0011
0.894937 1.96588
0.891102 1.9126
0.890702 1.86857
0.889597 1.8247
0.878867 1.76309
0.894363 1.75528
0.891316 1.71186
0.896967 1.68628
0.89269 1.64317
0.892576 1.60901
0.89193 1.57498
0.890755 1.54109
0.899215 1.52457
0.891984 1.48232
0.894544 1.45736
0.896733 1.43247
0.898555 1.40766
0.894555 1.37454
0.901099 1.35828
0.901825 1.33372
0.902189 1.30926
0.896447 1.27671
0.901839 1.26063
0.901128 1.23647
0.894102 1.2044
0.898645 1.1885
0.896876 1.16469
0.900929 1.14888
0.892294 1.11746
0.895794 1.1018
0.892711 1.07846
0.902176 1.07055
0.898548 1.04738
0.90116 1.0319
0.903571 1.01644
0.899069 0.993617
0.907786 0.985659
0.902755 0.963034
0.897396 0.940574
0.89868 0.925459
0.899767 0.910395
