-1.06144 1.07398
-1.05891 1.09047
-1.05616 1.10699
-1.06005 1.13084
-1.05682 1.14749
-1.0668 1.179
-1.06302 1.19582
-1.0656 1.2202
-1.06133 1.23713
-1.06328 1.26172
-1.06487 1.28645
-1.06612 1.31129
-1.06701 1.33626
-1.07371 1.36922
-1.06771 1.38654
-1.06752 1.41185
-1.06696 1.43725
-1.07782 1.47892
-1.09384 1.52902
-1.09182 1.55497
-1.10078 1.59746
-1.09787 1.62366
-1.10564 1.6666
-1.1291 1.73495
-1.73792 2.7226
-1.71387 2.7378
-1.69492 2.76131
-1.66538 2.76757
-1.63077 2.7649
-1.59635 2.76184
-1.57196 2.7758
-1.52805 2.75456
-1.50372 2.76791
-1.47459 2.77222
-1.44088 2.76736
-1.41191 2.77103
-1.37852 2.76546
-1.34973 2.76851
-1.32099 2.77126
-1.2923 2.77373
-1.26782 2.785
-1.23512 2.77778
-1.20662 2.77938
-1.17819 2.7807
-1.15365 2.79097
-1.11781 2.77319
-1.11894 2.84808
-1.12598 2.94188
-1.1105 2.9798
-1.11148 3.06467
-1.11439 3.15922
-1.11246 3.24458
-1.11544 3.34913
-1.11973 3.46349
-1.11611 3.5591
-1.12253 3.69317
-1.12102 3.80844
0.250733 1.19396
0.259098 1.18193
0.267272 1.16986
0.275252 1.15773
0.28304 1.14555
0.293119 1.14301
0.305745 1.15005
0.310554 1.12803
0.293087 1.02908
0.276726 0.940118
0.27918 0.918509
0.281275 0.896931
0.286088 0.884903
0.297031 0.891837
0.298388 0.870267
0.309368 0.877035
0.317081 0.874276
0.32477 0.87145
0.332433 0.868555
0.336414 0.856286
0.343943 0.85329
0.355266 0.859469
0.362822 0.856306
0.374333 0.86225
0.40629 0.913744
0.509617 1.11946
0.895325 1.92166
0.886399 1.85954
0.885215 1.81571
0.883329 1.77204
0.889823 1.74637
0.891316 1.71186
0.892271 1.67745
0.887916 1.63438
0.887725 1.60026
0.89193 1.57498
0.890755 1.54109
0.889054 1.50734
0.89714 1.49089
0.894544 1.45736
0.891427 1.42399
0.898555 1.40766
0.894555 1.37454
0.895571 1.34995
0.896224 1.32544
0.896515 1.30102
0.896447 1.27671
0.896021 1.2525
0.895239 1.22839
0.900063 1.21243
0.898645 1.1885
0.896876 1.16469
0.894759 1.14101
0.892294 1.11746
0.889486 1.09404
0.892711 1.07846
0.895731 1.0629
0.898548 1.04738
0.894583 1.02436
0.896927 1.00897
0.89236 0.986202
0.901012 0.978303
0.895916 0.955738
0.897396 0.940574
0.89868 0.925459
0.892737 0.903283
