-1.06144 1.07398
-1.05891 1.09047
-1.05616 1.10699
-1.06005 1.13084
-1.0636 1.15484
-1.0668 1.179
-1.06302 1.19582
-1.0656 1.2202
-1.06784 1.24472
-1.06972 1.26937
-1.07125 1.29415
-1.06612 1.31129
-1.07325 1.34408
-1.07371 1.36922
-1.06771 1.38654
-1.06752 1.41185
-1.07292 1.44528
-1.07782 1.47892
-1.09966 1.53716
-0.896444 1.27671
-0.828423 1.20221
-0.8122 1.20118
-0.79606 1.19995
-0.790915 1.2153
-0.78018 1.22222
-0.77469 1.23752
-0.768991 1.25282
-0.757926 1.25954
-0.797606 1.3523
-1.60636 2.77916
-1.56703 2.76709
-1.5426 2.78079
-1.50372 2.76791
-1.47459 2.77222
-1.44088 2.76736
-0.771782 1.51471
-0.687031 1.37826
-0.6661 1.36628
-0.645434 1.35404
-0.633482 1.35967
-0.625625 1.3743
-0.617559 1.38889
-0.609283 1.40345
-0.604701 1.42718
-0.599746 1.45093
-0.613113 1.52108
-0.698421 1.77773
-1.1224 2.93254
-1.1105 2.9798
-1.10807 3.05527
-1.11439 3.15922
-1.11246 3.24458
-1.11544 3.34913
-1.12281 3.47301
-1.11911 3.56864
-1.11962 3.68361
-1.12384 3.81803
0.864178 3.78254
0.867392 3.64831
0.865912 3.50461
0.871906 3.39998
0.870988 3.2762
0.873268 3.17199
0.873782 3.068
0.866887 2.94506
0.872437 2.87034
0.873747 2.78621
0.876721 2.7118
0.878453 2.63756
0.878947 2.5635
0.881534 2.49908
0.883055 2.43481
0.883514 2.37072
0.886488 2.31615
0.884914 2.2524
0.889766 2.20742
0.890074 2.15329
0.889499 2.09933
0.888044 2.04555
0.889776 2.0011
0.894937 1.96588
0.891102 1.9126
0.890702 1.86857
0.889597 1.8247
0.883329 1.77204
0.889823 1.74637
0.891316 1.71186
0.896967 1.68628
0.89269 1.64317
0.892576 1.60901
0.89193 1.57498
0.890755 1.54109
0.894134 1.51596
0.89714 1.49089
0.894544 1.45736
0.902039 1.44095
0.898555 1.40766
0.900009 1.38293
0.895571 1.34995
0.896224 1.32544
0.902189 1.30926
0.8907 1.26852
0.896021 1.2525
0.901128 1.23647
0.900063 1.21243
0.898645 1.1885
0.896876 1.16469
0.900929 1.14888
0.898534 1.12527
0.902102 1.10955
0.899088 1.08616
0.895731 1.0629
0.898548 1.04738
0.894583 1.02436
0.764049 0.859494
0.677657 0.74892
0.670678 0.728211
0.677066 0.722275
0.683402 0.716283
0.675751 0.695888
0.695913 0.704134
