-1.05441 1.06687
-1.05194 1.08329
-1.05616 1.10699
-1.06005 1.13084
-1.05682 1.14749
-1.0668 1.179
-1.06967 1.20329
-1.0656 1.2202
-1.06784 1.24472
-1.06328 1.26172
-1.07125 1.29415
-1.07243 1.31905
-1.07325 1.34408
-1.07371 1.36922
-1.06771 1.38654
-1.06752 1.41185
-1.06696 1.43725
-1.07782 1.47892
-1.09384 1.52902
-1.09757 1.56315
-1.09511 1.58923
-1.09787 1.62366
-1.09458 1.64994
-1.13455 1.74333
-1.73792 2.7226
-1.71387 2.7378
-1.69492 2.76131
-1.66022 2.759
-1.63077 2.7649
-1.60135 2.7705
-1.57196 2.7758
-1.53775 2.77204
-1.50372 2.76791
-1.46989 2.76339
-1.44088 2.76736
-1.41191 2.77103
-1.38298 2.77441
-1.35411 2.7775
-1.32099 2.77126
-1.2923 2.77373
-1.26368 2.7759
-1.23918 2.78692
-1.20264 2.77021
-1.17429 2.77149
-0.729628 1.76515
-0.66919 1.66021
-0.643571 1.63811
-0.629117 1.64372
-0.614615 1.6492
-0.600065 1.65455
-0.592121 1.67863
-0.583799 1.7027
-0.578259 1.73624
-0.56602 1.75078
-1.11611 3.5591
-1.11962 3.68361
-1.12102 3.80844
-0.536167 1.94754
-0.513854 1.93286
-0.491841 1.91794
-0.47253 1.91249
-0.455666 1.91658
-0.438767 1.92052
-0.426116 1.94384
-0.408978 1.94752
-0.397715 1.98046
0.861951 3.77279
0.862766 3.62885
0.86831 3.51432
0.869422 3.3903
0.870988 3.2762
0.870614 3.16235
0.871043 3.05838
0.861239 2.92588
0.875345 2.87991
0.873747 2.78621
0.876721 2.7118
0.878453 2.63756
0.878947 2.5635
0.881534 2.49908
0.883055 2.43481
0.883514 2.37072
0.882914 2.30681
0.884914 2.2524
0.882288 2.18887
0.886254 2.14405
0.885598 2.09012
0.888044 2.04555
0.889776 2.0011
0.890794 1.95678
0.891102 1.9126
0.890702 1.86857
0.889597 1.8247
0.878867 1.76309
0.894363 1.75528
0.886698 1.70299
0.887575 1.66863
0.887916 1.63438
0.892576 1.60901
0.89193 1.57498
0.89576 1.54975
0.894134 1.51596
0.89714 1.49089
0.899775 1.46588
0.896733 1.43247
0.893174 1.39923
0.894555 1.37454
0.895571 1.34995
0.896224 1.32544
0.896515 1.30102
0.896447 1.27671
0.901839 1.26063
0.901128 1.23647
0.894102 1.2044
0.898645 1.1885
0.896876 1.16469
0.894759 1.14101
0.892294 1.11746
0.895794 1.1018
0.892711 1.07846
0.895731 1.0629
0.898548 1.04738
0.894583 1.02436
0.896927 1.00897
0.89236 0.986202
0.894237 0.970948
0.895916 0.955738
0.897396 0.940574
0.89868 0.925459
0.899767 0.910395
