-1.05441 1.06687
-1.05891 1.09047
-1.06997 1.12146
-1.06689 1.13813
-1.07037 1.1622
-1.06009 1.17158
-1.06302 1.19582
-1.0656 1.2202
-1.06784 1.24472
-1.07616 1.27702
-1.07125 1.29415
-1.06612 1.31129
-1.06701 1.33626
-1.07988 1.37708
-1.06771 1.38654
-1.06752 1.41185
-1.06696 1.43725
-1.07782 1.47892
-1.09966 1.53716
-1.09757 1.56315
-1.10646 1.6057
-1.10347 1.63195
-1.10011 1.65827
-1.14546 1.76009
-1.73792 2.7226
-1.71387 2.7378
-1.70015 2.76984
-1.66538 2.76757
-1.63077 2.7649
-1.59635 2.76184
-1.56703 2.76709
-1.53775 2.77204
-1.49895 2.75912
-1.47459 2.77222
-1.44088 2.76736
-1.41191 2.77103
-1.38744 2.78336
-1.35411 2.7775
-1.32529 2.78029
-1.2923 2.77373
-1.26368 2.7759
-1.23918 2.78692
-1.20662 2.77938
-1.17819 2.7807
-1.14983 2.78172
-1.12529 2.79174
-1.11528 2.83878
-1.12598 2.94188
-1.11399 2.98917
-1.11148 3.06467
-1.11439 3.15922
-1.11571 3.25404
-1.1186 3.35862
-1.11666 3.45398
-1.11911 3.56864
-1.12253 3.69317
-1.12102 3.80844
0.861951 3.77279
0.865079 3.63858
0.865912 3.50461
0.871906 3.39998
0.870988 3.2762
0.870614 3.16235
0.871043 3.05838
0.864063 2.93547
0.875345 2.87991
0.873747 2.78621
0.876721 2.7118
0.878453 2.63756
0.878947 2.5635
0.881534 2.49908
0.883055 2.43481
0.883514 2.37072
0.371753 0.971288
0.35104 0.893516
0.343943 0.85329
0.355266 0.859469
0.355019 0.837891
0.37035 0.853077
0.373787 0.840645
0.381177 0.83732
0.392761 0.842994
0.391565 0.821448
0.403167 0.826956
0.414897 0.832322
0.422212 0.828636
0.434112 0.833754
0.450832 0.847556
0.463053 0.852339
0.475394 0.856972
0.502635 0.887558
0.490416 0.848465
0.411505 0.697684
0.402166 0.668328
0.397575 0.647715
0.397959 0.635711
0.403542 0.632182
0.41455 0.636984
0.414616 0.624975
0.425706 0.629583
0.431235 0.625808
0.436731 0.621986
0.442192 0.618115
0.453509 0.622278
0.453012 0.61023
0.452338 0.598239
0.463691 0.602155
0.475148 0.605916
0.480466 0.601708
0.492056 0.605212
0.503744 0.608557
0.502641 0.59645
0.514386 0.599589
0.519647 0.595035
0.538156 0.605383
0.550177 0.608034
0.589384 0.639943
0.807008 0.860894
0.904299 0.947809
0.89868 0.925459
0.899767 0.910395
