-1.06144 1.07398
-1.06587 1.09764
-1.05616 1.10699
-1.06689 1.13813
-1.0636 1.15484
-1.06009 1.17158
-1.06967 1.20329
-1.07218 1.22773
-1.06784 1.24472
-1.06972 1.26937
-1.07125 1.29415
-1.07243 1.31905
-1.06701 1.33626
-1.07371 1.36922
-0.77485 1.00623
-0.67549 0.893372
-0.631831 0.851111
-0.630199 0.864725
-0.605103 0.845843
-0.59763 0.85114
-0.59011 0.856371
-0.571341 0.844967
-0.563876 0.849967
-0.561822 0.863282
-0.554197 0.868197
-0.541222 0.864569
-0.538817 0.877825
-0.53622 0.891105
-0.52835 0.895793
-0.530448 0.917728
-0.527272 0.931066
-1.5329 2.7633
-1.50372 2.76791
-1.47459 2.77222
-1.4455 2.77623
-1.41645 2.77994
-1.38298 2.77441
-1.35411 2.7775
-1.32529 2.78029
-1.29653 2.78279
-1.26368 2.7759
-1.23918 2.78692
-1.20662 2.77938
-1.17819 2.7807
-1.15365 2.79097
-1.12529 2.79174
-1.11894 2.84808
-1.12598 2.94188
-1.1105 2.9798
-1.11148 3.06467
-1.11771 3.16865
-1.11571 3.25404
-1.11544 3.34913
-1.11973 3.46349
-1.11911 3.56864
-1.11962 3.68361
-1.12384 3.81803
0.861951 3.77279
0.862766 3.62885
0.86831 3.51432
0.869422 3.3903
0.870988 3.2762
0.873268 3.17199
0.871043 3.05838
0.861239 2.92588
0.875345 2.87991
0.876739 2.79575
0.876721 2.7118
0.878453 2.63756
0.882191 2.57296
0.881534 2.49908
0.883055 2.43481
0.887006 2.38009
0.882914 2.30681
0.884914 2.2524
0.886027 2.19815
0.886254 2.14405
0.889499 2.09933
0.892027 2.05472
0.889776 2.0011
0.890794 1.95678
0.895325 1.92166
0.895005 1.8776
0.889597 1.8247
0.883329 1.77204
0.894363 1.75528
0.895934 1.72073
0.896967 1.68628
0.897464 1.65196
0.897427 1.61775
0.896858 1.58368
0.890755 1.54109
0.899215 1.52457
0.89714 1.49089
0.894544 1.45736
0.896733 1.43247
0.898555 1.40766
0.900009 1.38293
0.901099 1.35828
0.901825 1.33372
0.896515 1.30102
0.902193 1.28489
0.901839 1.26063
0.901128 1.23647
0.900063 1.21243
0.892614 1.18053
0.902977 1.17262
0.900929 1.14888
0.898534 1.12527
0.902102 1.10955
0.905464 1.09386
0.895731 1.0629
0.898548 1.04738
0.90116 1.0319
0.896927 1.00897
0.905779 1.00103
0.901012 0.978303
0.895916 0.955738
0.897396 0.940574
0.89868 0.925459
0.899767 0.910395
