-1.06144 1.07398
-1.05891 1.09047
-1.06307 1.11422
-1.06005 1.13084
-1.0636 1.15484
-1.0668 1.179
-1.06302 1.19582
-1.0656 1.2202
-1.06784 1.24472
-1.06972 1.26937
-1.06487 1.28645
-1.06612 1.31129
-1.06701 1.33626
-1.06754 1.36135
-1.06771 1.38654
-1.07355 1.41982
-1.06696 1.43725
-1.07782 1.47892
-1.09384 1.52902
-1.09182 1.55497
-1.09511 1.58923
-1.09787 1.62366
-1.10011 1.65827
-1.1291 1.73495
-1.7433 2.73103
-1.71918 2.74628
-1.69492 2.76131
-1.66538 2.76757
-1.63077 2.7649
-1.60135 2.7705
-1.56703 2.76709
-1.53775 2.77204
-1.50372 2.76791
-1.47459 2.77222
-1.44088 2.76736
-1.41191 2.77103
-1.37852 2.76546
-1.35411 2.7775
-1.32099 2.77126
-1.29653 2.78279
-1.26782 2.785
-1.23918 2.78692
-0.907952 2.09142
-0.713937 1.68499
-0.660867 1.5988
-0.643021 1.59528
-0.625288 1.59158
-0.614819 1.60636
-0.600646 1.61171
-0.589836 1.62634
-0.578815 1.64091
-0.574069 1.67432
-0.635137 1.90701
-1.11666 3.45398
-1.11312 3.54956
-1.11962 3.68361
-1.12102 3.80844
-0.536866 1.88504
-0.514933 1.87041
-0.495869 1.86521
-0.476937 1.85982
-0.462935 1.87366
-0.448727 1.88739
-0.432085 1.89127
-0.419693 1.91454
-0.411034 1.95731
0.861951 3.77279
0.867392 3.64831
0.865912 3.50461
0.871906 3.39998
0.870988 3.2762
0.870614 3.16235
0.871043 3.05838
0.866887 2.94506
0.875345 2.87991
0.876739 2.79575
0.876721 2.7118
0.878453 2.63756
0.878947 2.5635
0.878207 2.48965
0.883055 2.43481
0.883514 2.37072
0.886488 2.31615
0.881258 2.2431
0.886027 2.19815
0.886254 2.14405
0.889499 2.09933
0.892027 2.05472
0.885713 1.99196
0.886651 1.94768
0.891102 1.9126
0.886399 1.85954
0.889597 1.8247
0.883329 1.77204
0.889823 1.74637
0.891316 1.71186
0.892271 1.67745
0.89269 1.64317
0.892576 1.60901
0.896858 1.58368
0.890755 1.54109
0.889054 1.50734
0.891984 1.48232
0.899775 1.46588
0.891427 1.42399
0.893174 1.39923
0.900009 1.38293
0.895571 1.34995
0.896224 1.32544
0.896515 1.30102
0.896447 1.27671
0.901839 1.26063
0.901128 1.23647
0.894102 1.2044
0.898645 1.1885
0.896876 1.16469
0.894759 1.14101
0.892294 1.11746
0.895794 1.1018
0.899088 1.08616
0.902176 1.07055
0.892036 1.03979
0.90116 1.0319
0.890283 1.0015
0.899069 0.993617
0.894237 0.970948
0.895916 0.955738
0.897396 0.940574
0.89868 0.925459
0.899767 0.910395
