-1.06144 1.07398
-1.05891 1.09047
-1.06307 1.11422
-1.06689 1.13813
-1.0636 1.15484
-1.06009 1.17158
-1.06302 1.19582
-1.07218 1.22773
-1.06784 1.24472
-1.06972 1.26937
-1.06487 1.28645
-1.07243 1.31905
-1.07325 1.34408
-1.07371 1.36922
-1.07991 1.40239
-1.07355 1.41982
-1.07292 1.44528
-1.07782 1.47892
-1.09384 1.52902
-1.09757 1.56315
-1.10078 1.59746
-1.10347 1.63195
-1.10011 1.65827
-1.13455 1.74333
-1.73792 2.7226
-1.72448 2.75475
-1.69492 2.76131
-1.66538 2.76757
-1.63077 2.7649
-1.59635 2.76184
-1.56703 2.76709
-1.53775 2.77204
-1.50372 2.76791
-1.47459 2.77222
-1.44088 2.76736
-1.41191 2.77103
-1.38298 2.77441
-1.35411 2.7775
-1.32529 2.78029
-1.29653 2.78279
-1.27197 2.7941
-1.23512 2.77778
-1.20662 2.77938
-1.17429 2.77149
-1.14601 2.77248
-1.12155 2.78247
-1.11894 2.84808
-1.1224 2.93254
-1.11399 2.98917
-1.10807 3.05527
-1.11106 3.14979
-1.11571 3.25404
-1.1186 3.35862
-1.11973 3.46349
-1.11911 3.56864
-1.11962 3.68361
-1.11819 3.79885
-0.296674 2.68365
-0.26898 2.64637
-0.242889 2.61876
-0.219814 2.6208
-0.198217 2.64258
-0.175593 2.6542
-0.154497 2.69558
-0.109763 2.76782
-0.0838381 2.71871
-0.0594479 2.69935
-0.0355374 2.68977
-0.0120205 2.72997
0.012114 2.74997
0.0365997 2.76976
0.864178 3.78254
0.865079 3.63858
0.865912 3.50461
0.869422 3.3903
0.873558 3.28586
0.870614 3.16235
0.873782 3.068
0.866887 2.94506
0.875345 2.87991
0.873747 2.78621
0.873644 2.70229
0.878453 2.63756
0.878947 2.5635
0.881534 2.49908
0.883055 2.43481
0.887006 2.38009
0.886488 2.31615
0.884914 2.2524
0.886027 2.19815
0.886254 2.14405
0.889499 2.09933
0.888044 2.04555
0.889776 2.0011
0.890794 1.95678
0.891102 1.9126
0.895005 1.8776
0.889597 1.8247
0.883329 1.77204
0.889823 1.74637
0.895934 1.72073
0.896967 1.68628
0.89269 1.64317
0.897427 1.61775
0.896858 1.58368
0.890755 1.54109
0.894134 1.51596
0.891984 1.48232
0.899775 1.46588
0.891427 1.42399
0.893174 1.39923
0.894555 1.37454
0.895571 1.34995
0.896224 1.32544
0.902189 1.30926
0.896447 1.27671
0.896021 1.2525
0.895239 1.22839
0.900063 1.21243
0.898645 1.1885
0.896876 1.16469
0.900929 1.14888
0.898534 1.12527
0.902102 1.10955
0.899088 1.08616
0.902176 1.07055
0.898548 1.04738
0.90116 1.0319
0.896927 1.00897
0.899069 0.993617
0.894237 0.970948
0.895916 0.955738
0.897396 0.940574
0.89868 0.925459
0.899767 0.910395
