-1.06144 1.07398
-1.06587 1.09764
-1.05616 1.10699
-1.06005 1.13084
-1.0636 1.15484
-1.05339 1.16416
-1.06302 1.19582
-1.0656 1.2202
-1.06784 1.24472
-1.06972 1.26937
-1.07125 1.29415
-1.06612 1.31129
-1.06701 1.33626
-1.07371 1.36922
-1.06771 1.38654
-1.06148 1.40387
-1.07292 1.44528
-1.07782 1.47892
-1.09966 1.53716
-1.09182 1.55497
-1.09511 1.58923
-1.09227 1.61538
-1.10011 1.65827
-1.14001 1.75171
-1.7433 2.73103
-1.71918 2.74628
-1.70015 2.76984
-1.66538 2.76757
-1.63077 2.7649
-1.60135 2.7705
-1.56703 2.76709
-1.53775 2.77204
-1.50372 2.76791
-1.47459 2.77222
-1.44088 2.76736
-1.41645 2.77994
-1.37852 2.76546
-1.35411 2.7775
-1.31668 2.76223
-1.29653 2.78279
-1.26368 2.7759
-1.23105 2.76865
-1.20264 2.77021
-1.17429 2.77149
-1.14983 2.78172
-1.12155 2.78247
-1.11894 2.84808
-1.1224 2.93254
-1.11399 2.98917
-1.11148 3.06467
-1.11439 3.15922
-1.11571 3.25404
-1.11544 3.34913
-1.11973 3.46349
-1.11911 3.56864
-1.12253 3.69317
-1.12384 3.81803
-0.0116256 0.879923
-0.00387472 0.879991
0.00383242 0.869992
0.011231 0.849926
0.0184966 0.839796
0.0262011 0.849596
0.0328908 0.829348
0.0397103 0.819038
0.0469229 0.818656
0.054792 0.828189
0.0620846 0.827675
0.0693725 0.827096
0.0757313 0.816495
0.0839314 0.825745
0.0912014 0.824974
0.0984643 0.824139
0.106993 0.833158
0.114328 0.832183
0.121653 0.831144
0.130505 0.839922
0.137898 0.83874
0.148698 0.857198
0.159835 0.87553
0.16754 0.874088
0.179171 0.892187
0.864178 3.78254
0.865079 3.63858
0.86831 3.51432
0.871906 3.39998
0.277483 1.04374
0.284011 1.03162
0.28487 1.00022
0.290845 0.988084
0.302445 0.995051
0.311198 0.992349
0.319926 0.989569
0.32863 0.986713
0.337308 0.98378
0.342634 0.97134
0.354586 0.977686
0.363183 0.974524
0.371753 0.971288
0.380294 0.967976
0.396282 0.983138
0.416386 1.00733
0.47596 1.12333
0.888044 2.04555
0.893839 2.01024
0.890794 1.95678
0.891102 1.9126
0.890702 1.86857
0.885215 1.81571
0.878867 1.76309
0.889823 1.74637
0.891316 1.71186
0.892271 1.67745
0.89269 1.64317
0.892576 1.60901
0.89193 1.57498
0.890755 1.54109
0.894134 1.51596
0.891984 1.48232
0.894544 1.45736
0.891427 1.42399
0.898555 1.40766
0.900009 1.38293
0.901099 1.35828
0.890622 1.31715
0.902189 1.30926
0.8907 1.26852
0.896021 1.2525
0.901128 1.23647
0.900063 1.21243
0.892614 1.18053
0.902977 1.17262
0.894759 1.14101
0.898534 1.12527
0.889486 1.09404
0.892711 1.07846
0.902176 1.07055
0.892036 1.03979
0.90116 1.0319
0.896927 1.00897
0.899069 0.993617
0.901012 0.978303
0.895916 0.955738
0.897396 0.940574
0.89868 0.925459
0.906796 0.917508
