-1.06144 1.07398
-1.05891 1.09047
-1.06307 1.11422
-1.06005 1.13084
-1.05682 1.14749
-1.06009 1.17158
-1.06967 1.20329
-1.07218 1.22773
-1.06784 1.24472
-1.06972 1.26937
-1.07125 1.29415
-1.06612 1.31129
-1.06701 1.33626
-1.06754 1.36135
-1.06771 1.38654
-1.07355 1.41982
-1.07292 1.44528
-1.08371 1.487
-1.09966 1.53716
-1.09757 1.56315
-1.09511 1.58923
-1.10347 1.63195
-1.10564 1.6666
-1.13455 1.74333
-1.7433 2.73103
-1.71918 2.74628
-1.70015 2.76984
-1.66538 2.76757
-1.63585 2.77351
-1.60636 2.77916
-1.56703 2.76709
-1.53775 2.77204
-1.5085 2.77669
-1.47459 2.77222
-1.44088 2.76736
-1.41645 2.77994
-1.38298 2.77441
-0.574073 1.17751
-0.512044 1.0742
-0.494116 1.06054
-0.484756 1.06485
-0.467232 1.05081
-0.453976 1.04571
-0.444748 1.04967
-0.443125 1.07203
-0.429927 1.06661
-0.424172 1.07967
-0.414646 1.08336
-0.412071 1.10571
-0.412545 1.1375
-0.402509 1.14109
-1.11571 3.25404
-1.1186 3.35862
-1.11666 3.45398
-1.1221 3.57818
-1.12544 3.70274
-1.12384 3.81803
-0.220481 1.27102
-0.207655 1.26304
-0.193451 1.24506
-0.181029 1.23682
-0.168767 1.22846
-0.156666 1.21998
-0.144728 1.21139
-0.134053 1.21261
-0.125389 1.23364
-0.114518 1.2347
-0.10531 1.25559
-0.0957424 1.27641
-0.0864763 1.30714
-0.076104 1.32782
0.861951 3.77279
0.865079 3.63858
0.86831 3.51432
0.871906 3.39998
0.870988 3.2762
0.870614 3.16235
0.873782 3.068
0.866887 2.94506
0.875345 2.87991
0.873747 2.78621
0.876721 2.7118
0.881613 2.64705
0.882191 2.57296
0.881534 2.49908
0.886464 2.44421
0.883514 2.37072
0.886488 2.31615
0.888571 2.26171
0.889766 2.20742
0.890074 2.15329
0.889499 2.09933
0.892027 2.05472
0.893839 2.01024
0.890794 1.95678
0.891102 1.9126
0.886399 1.85954
0.889597 1.8247
0.883329 1.77204
0.889823 1.74637
0.895934 1.72073
0.892271 1.67745
0.89269 1.64317
0.892576 1.60901
0.89193 1.57498
0.890755 1.54109
0.899215 1.52457
0.89714 1.49089
0.899775 1.46588
0.902039 1.44095
0.893174 1.39923
0.900009 1.38293
0.895571 1.34995
0.901825 1.33372
0.896515 1.30102
0.896447 1.27671
0.896021 1.2525
0.901128 1.23647
0.900063 1.21243
0.898645 1.1885
0.890775 1.15677
0.900929 1.14888
0.904774 1.13309
0.895794 1.1018
0.899088 1.08616
0.902176 1.07055
0.892036 1.03979
0.90116 1.0319
0.896927 1.00897
0.899069 0.993617
0.901012 0.978303
0.895916 0.955738
0.897396 0.940574
0.89868 0.925459
0.899767 0.910395
