-1.06144 1.07398
-1.06587 1.09764
-1.06307 1.11422
-1.06005 1.13084
-1.0636 1.15484
-1.06009 1.17158
-1.06302 1.19582
-1.0656 1.2202
-1.06784 1.24472
-1.06972 1.26937
-1.07125 1.29415
-1.07243 1.31905
-1.06701 1.33626
-1.06754 1.36135
-1.06771 1.38654
-1.07355 1.41982
-1.07292 1.44528
-1.08371 1.487
-1.09966 1.53716
-1.09757 1.56315
-1.09511 1.58923
-1.09787 1.62366
-1.10564 1.6666
-1.13455 1.74333
-1.7433 2.73103
-1.71918 2.74628
-1.69492 2.76131
-1.66538 2.76757
-1.63077 2.7649
-1.60636 2.77916
-1.56703 2.76709
-1.53775 2.77204
-1.50372 2.76791
-1.47459 2.77222
-1.44088 2.76736
-1.41191 2.77103
-1.38298 2.77441
-1.35411 2.7775
-1.32529 2.78029
-1.2923 2.77373
-1.26368 2.7759
-1.23512 2.77778
-1.21458 2.79773
-0.394031 0.929968
-0.382004 0.924161
-0.370111 0.918215
-0.362009 0.921439
-0.353878 0.924592
-0.345721 0.927673
-0.334127 0.921281
-0.325999 0.924189
-0.317846 0.927024
-0.312829 0.939275
-0.304543 0.941994
-0.296234 0.94464
-0.29081 0.956781
-0.285195 0.968898
-0.279389 0.98099
-0.308312 1.15972
-0.295601 1.1527
-0.285437 1.15526
-0.27525 1.15773
-0.265042 1.16011
-0.254813 1.1624
-0.244565 1.1646
-0.232329 1.1569
-0.224012 1.16873
-0.215505 1.18049
-0.205099 1.18234
-0.196299 1.19397
-0.185775 1.19565
-0.178133 1.21703
-0.170128 1.23837
-0.160487 1.24974
0.864178 3.78254
0.867392 3.64831
0.870709 3.52403
0.869422 3.3903
0.870988 3.2762
0.873268 3.17199
0.871043 3.05838
0.864063 2.93547
0.875345 2.87991
0.876739 2.79575
0.876721 2.7118
0.878453 2.63756
0.878947 2.5635
0.881534 2.49908
0.883055 2.43481
0.883514 2.37072
0.886488 2.31615
0.881258 2.2431
0.889766 2.20742
0.886254 2.14405
0.889499 2.09933
0.888044 2.04555
0.889776 2.0011
0.890794 1.95678
0.891102 1.9126
0.890702 1.86857
0.889597 1.8247
0.878867 1.76309
0.894363 1.75528
0.891316 1.71186
0.892271 1.67745
0.89269 1.64317
0.897427 1.61775
0.89193 1.57498
0.89576 1.54975
0.894134 1.51596
0.89714 1.49089
0.894544 1.45736
0.896733 1.43247
0.893174 1.39923
0.900009 1.38293
0.901099 1.35828
0.896224 1.32544
0.902189 1.30926
0.902193 1.28489
0.896021 1.2525
0.895239 1.22839
0.900063 1.21243
0.898645 1.1885
0.896876 1.16469
0.900929 1.14888
0.892294 1.11746
0.902102 1.10955
0.905464 1.09386
0.902176 1.07055
0.892036 1.03979
0.90116 1.0319
0.896927 1.00897
0.899069 0.993617
0.901012 0.978303
0.895916 0.955738
0.897396 0.940574
0.89868 0.925459
0.899767 0.910395
