-1.06144 1.07398
-1.06587 1.09764
-1.06307 1.11422
-1.06005 1.13084
-1.0636 1.15484
-1.06009 1.17158
-1.06967 1.20329
-1.05903 1.21267
-1.06784 1.24472
-1.06972 1.26937
-1.07125 1.29415
-1.07243 1.31905
-1.06701 1.33626
-1.07371 1.36922
-1.06771 1.38654
-1.07355 1.41982
-1.06696 1.43725
-1.07193 1.47084
-1.09966 1.53716
-1.09757 1.56315
-1.10078 1.59746
-1.09787 1.62366
-1.10011 1.65827
-1.1291 1.73495
-1.73792 2.7226
-1.71918 2.74628
-1.69492 2.76131
-1.67053 2.77613
-1.64093 2.78213
-1.60135 2.7705
-1.56703 2.76709
-1.53775 2.77204
-1.50372 2.76791
-1.47929 2.78105
-1.44088 2.76736
-1.41191 2.77103
-1.37852 2.76546
-1.35411 2.7775
-1.32959 2.78932
-1.29653 2.78279
-1.26782 2.785
-1.23512 2.77778
-1.2106 2.78856
-1.17819 2.7807
-1.14983 2.78172
-1.12529 2.79174
-1.12259 2.85739
-1.1224 2.93254
-1.11399 2.98917
-1.11148 3.06467
-0.296061 0.839314
-0.285413 0.83243
-0.27175 0.815936
-0.261476 0.808783
-0.25135 0.801513
-0.241373 0.794128
-0.231545 0.78663
-0.227346 0.798257
-0.220306 0.800228
-0.208111 0.782809
-0.201208 0.784612
-0.196687 0.796062
-0.187355 0.788034
-0.180407 0.789654
-0.173444 0.791212
-0.166469 0.792709
-0.161449 0.803949
-0.158126 0.824982
-0.152649 0.836181
-0.145278 0.837493
-0.137896 0.83874
0.142787 0.918973
0.152499 0.927547
0.155535 0.89661
0.159835 0.87553
0.165658 0.864267
0.173264 0.862774
0.178801 0.851428
0.182011 0.830284
0.191545 0.838398
0.196609 0.826949
0.206284 0.834893
0.216114 0.842731
0.220959 0.83113
0.228271 0.829152
0.235565 0.827109
0.245665 0.834595
0.258823 0.851534
0.27529 0.877847
0.286088 0.884903
0.878453 2.63756
0.882191 2.57296
0.88486 2.50851
0.883055 2.43481
0.883514 2.37072
0.886488 2.31615
0.888571 2.26171
0.889766 2.20742
0.890074 2.15329
0.889499 2.09933
0.888044 2.04555
0.889776 2.0011
0.886651 1.94768
0.891102 1.9126
0.890702 1.86857
0.885215 1.81571
0.883329 1.77204
0.889823 1.74637
0.891316 1.71186
0.896967 1.68628
0.897464 1.65196
0.892576 1.60901
0.89193 1.57498
0.89576 1.54975
0.899215 1.52457
0.89714 1.49089
0.899775 1.46588
0.896733 1.43247
0.898555 1.40766
0.894555 1.37454
0.901099 1.35828
0.896224 1.32544
0.890841 1.29279
0.896447 1.27671
0.901839 1.26063
0.901128 1.23647
0.900063 1.21243
0.898645 1.1885
0.896876 1.16469
0.900929 1.14888
0.904774 1.13309
0.895794 1.1018
0.899088 1.08616
0.895731 1.0629
0.898548 1.04738
0.90116 1.0319
0.896927 1.00897
0.899069 0.993617
0.894237 0.970948
0.895916 0.955738
0.897396 0.940574
0.89868 0.925459
0.899767 0.910395
