-0.506118 0.512098
-0.494621 0.509362
-0.490115 0.513699
-0.492411 0.525292
-0.487765 0.529609
-0.483081 0.533885
-0.47836 0.538119
-0.480179 0.549844
-0.468806 0.546462
-0.470419 0.558217
-0.465484 0.562339
-0.47313 0.581935
-0.474225 0.593894
-0.499829 0.637394
-0.738243 0.958695
-1.07355 1.41982
-1.07292 1.44528
-1.07193 1.47084
-1.09384 1.52902
-1.09757 1.56315
-1.10078 1.59746
-1.09227 1.61538
-1.10011 1.65827
-1.13455 1.74333
-1.73792 2.7226
-1.71387 2.7378
-1.69492 2.76131
-1.66022 2.759
-1.63585 2.77351
-1.59635 2.76184
-1.56703 2.76709
-1.53775 2.77204
-1.49895 2.75912
-1.47459 2.77222
-1.44088 2.76736
-1.41191 2.77103
-1.37852 2.76546
-1.35411 2.7775
-1.32529 2.78029
-1.2923 2.77373
-1.26368 2.7759
-1.23918 2.78692
-1.20662 2.77938
-1.17429 2.77149
-1.14983 2.78172
-1.12529 2.79174
-1.11894 2.84808
-1.11883 2.9232
-1.11399 2.98917
-1.11148 3.06467
-1.11439 3.15922
-1.11571 3.25404
-1.11544 3.34913
-1.11666 3.45398
-1.1221 3.57818
-1.12253 3.69317
-1.12102 3.80844
0.861951 3.77279
0.865079 3.63858
0.865912 3.50461
0.869422 3.3903
0.870988 3.2762
0.870614 3.16235
0.873782 3.068
0.864063 2.93547
0.875345 2.87991
0.876739 2.79575
0.876721 2.7118
0.878453 2.63756
0.878947 2.5635
0.881534 2.49908
0.886464 2.44421
0.887006 2.38009
0.886488 2.31615
0.884914 2.2524
0.886027 2.19815
0.890074 2.15329
0.889499 2.09933
0.892027 2.05472
0.889776 2.0011
0.894937 1.96588
0.891102 1.9126
0.890702 1.86857
0.885215 1.81571
0.883329 1.77204
0.885283 1.73746
0.886698 1.70299
0.892271 1.67745
0.887916 1.63438
0.887725 1.60026
0.89193 1.57498
0.890755 1.54109
0.894134 1.51596
0.902296 1.49945
0.899775 1.46588
0.896733 1.43247
0.898555 1.40766
0.894555 1.37454
0.906627 1.36661
0.901825 1.33372
0.896515 1.30102
0.8907 1.26852
0.896021 1.2525
0.901128 1.23647
0.894102 1.2044
0.904676 1.19648
0.896876 1.16469
0.894759 1.14101
0.898534 1.12527
0.902102 1.10955
0.892711 1.07846
0.902176 1.07055
0.898548 1.04738
0.894583 1.02436
0.896927 1.00897
0.899069 0.993617
0.894237 0.970948
0.895916 0.955738
0.904299 0.947809
0.89868 0.925459
0.892737 0.903283
