-1.06144 1.07398
-1.05891 1.09047
-1.05616 1.10699
-1.06689 1.13813
-1.0636 1.15484
-1.05339 1.16416
-1.06302 1.19582
-1.0656 1.2202
-1.06784 1.24472
-1.06328 1.26172
-1.07125 1.29415
-1.06612 1.31129
-1.07325 1.34408
-1.07371 1.36922
-1.07381 1.39447
-1.06752 1.41185
-1.06696 1.43725
-1.07782 1.47892
-1.09966 1.53716
-1.09757 1.56315
-1.10078 1.59746
-1.09787 1.62366
-1.10011 1.65827
-1.13455 1.74333
-1.73792 2.7226
-1.71918 2.74628
-1.69492 2.76131
-1.67053 2.77613
-1.63585 2.77351
-1.60636 2.77916
-1.56703 2.76709
-1.5329 2.7633
-1.5085 2.77669
-1.47459 2.77222
-1.4455 2.77623
-1.41191 2.77103
-1.38298 2.77441
-1.35411 2.7775
-1.32099 2.77126
-1.2923 2.77373
-1.26368 2.7759
-1.23512 2.77778
-1.20264 2.77021
-1.17819 2.7807
-1.14983 2.78172
-1.12155 2.78247
-1.11894 2.84808
-1.1224 2.93254
-1.1105 2.9798
-1.11489 3.07407
-1.11106 3.14979
-1.11246 3.24458
-1.1186 3.35862
-1.11666 3.45398
-1.11911 3.56864
-1.11962 3.68361
-1.12102 3.80844
0.864178 3.78254
0.865079 3.63858
0.865912 3.50461
0.871906 3.39998
0.870988 3.2762
0.873268 3.17199
0.871043 3.05838
0.864063 2.93547
0.875345 2.87991
0.873747 2.78621
0.876721 2.7118
0.878453 2.63756
0.882191 2.57296
0.878207 2.48965
0.886464 2.44421
0.883514 2.37072
0.886488 2.31615
0.884914 2.2524
0.886027 2.19815
0.890074 2.15329
0.889499 2.09933
0.888044 2.04555
0.889776 2.0011
0.890794 1.95678
0.891102 1.9126
0.886399 1.85954
0.508341 1.04268
0.481816 0.966568
0.490311 0.962287
0.494149 0.949061
0.502489 0.944672
0.501243 0.922635
0.50935 0.918184
0.517418 0.913662
0.525446 0.909069
0.533432 0.904406
0.541378 0.899672
0.549281 0.894869
0.557142 0.889996
0.564959 0.885054
0.578188 0.888425
0.597047 0.899964
0.543336 0.803546
0.499325 0.72462
0.488449 0.695642
0.494557 0.691313
0.494737 0.678848
0.506658 0.682494
0.506619 0.670028
0.500298 0.649693
0.512172 0.653131
0.511665 0.64078
0.51729 0.636248
0.52925 0.63937
0.528417 0.627037
0.546942 0.637538
0.545958 0.625163
0.551444 0.62033
0.577015 0.637694
0.56906 0.617876
0.594998 0.634727
0.641983 0.672872
0.752383 0.774803
0.892737 0.903283
