-1.06144 1.07398
-1.05891 1.09047
-1.05616 1.10699
-1.06689 1.13813
-1.0636 1.15484
-1.0668 1.179
-1.06967 1.20329
-1.07218 1.22773
-1.06784 1.24472
-1.06328 1.26172
-1.06487 1.28645
-1.05981 1.30353
-1.06701 1.33626
-1.06754 1.36135
-1.06771 1.38654
-1.06752 1.41185
-1.07292 1.44528
-1.07782 1.47892
-1.09966 1.53716
-1.09757 1.56315
-1.08943 1.58099
-1.09787 1.62366
-1.10011 1.65827
-1.13455 1.74333
-1.73792 2.7226
-1.71918 2.74628
-1.70015 2.76984
-1.66538 2.76757
-1.63585 2.77351
-1.60135 2.7705
-1.56703 2.76709
-1.5329 2.7633
-1.50372 2.76791
-1.47459 2.77222
-1.44088 2.76736
-1.41191 2.77103
-1.38298 2.77441
-1.34973 2.76851
-1.32529 2.78029
-1.29653 2.78279
-1.26368 2.7759
-1.23512 2.77778
-1.20662 2.77938
-1.17429 2.77149
-0.508065 1.22913
-0.463573 1.15009
-0.449768 1.14482
-0.436093 1.1394
-0.42604 1.14319
-0.415954 1.1469
-0.402509 1.14109
-0.395686 1.15405
-0.385506 1.15749
-0.372219 1.15133
-0.365056 1.1641
-0.357697 1.17684
-0.358612 1.21832
-0.353345 1.24066
-0.158964 1.33054
-0.146139 1.32195
-0.132467 1.30329
-0.119136 1.28449
-0.106981 1.27552
-0.0957424 1.27641
-0.0851561 1.28719
-0.0743873 1.29787
-0.0629527 1.29847
-0.0523057 1.31896
-0.0409944 1.32937
-0.0297239 1.34967
-0.018099 1.36988
0.861951 3.77279
0.862766 3.62885
0.86831 3.51432
0.869422 3.3903
0.873558 3.28586
0.873268 3.17199
0.871043 3.05838
0.861239 2.92588
0.875345 2.87991
0.876739 2.79575
0.879797 2.72132
0.881613 2.64705
0.882191 2.57296
0.881534 2.49908
0.883055 2.43481
0.883514 2.37072
0.882914 2.30681
0.888571 2.26171
0.886027 2.19815
0.890074 2.15329
0.889499 2.09933
0.888044 2.04555
0.889776 2.0011
0.890794 1.95678
0.895325 1.92166
0.895005 1.8776
0.89398 1.83368
0.878867 1.76309
0.889823 1.74637
0.891316 1.71186
0.892271 1.67745
0.89269 1.64317
0.892576 1.60901
0.89193 1.57498
0.900764 1.5584
0.894134 1.51596
0.891984 1.48232
0.899775 1.46588
0.902039 1.44095
0.903935 1.41609
0.894555 1.37454
0.895571 1.34995
0.896224 1.32544
0.896515 1.30102
0.896447 1.27671
0.896021 1.2525
0.901128 1.23647
0.900063 1.21243
0.898645 1.1885
0.902977 1.17262
0.9071 1.15675
0.898534 1.12527
0.902102 1.10955
0.899088 1.08616
0.895731 1.0629
0.898548 1.04738
0.90116 1.0319
0.896927 1.00897
0.899069 0.993617
0.894237 0.970948
0.902755 0.963034
0.897396 0.940574
0.89868 0.925459
0.899767 0.910395
