-1.05441 1.06687
-1.05891 1.09047
-1.05616 1.10699
-1.06689 1.13813
-1.0636 1.15484
-1.06009 1.17158
-1.06967 1.20329
-1.05903 1.21267
-1.06784 1.24472
-1.07616 1.27702
-1.06487 1.28645
-1.07243 1.31905
-1.07325 1.34408
-1.06754 1.36135
-1.06771 1.38654
-1.07355 1.41982
-1.07292 1.44528
-1.07782 1.47892
-1.09384 1.52902
-1.09757 1.56315
-1.10078 1.59746
-1.09787 1.62366
-1.10011 1.65827
-1.13455 1.74333
-1.7433 2.73103
-1.71918 2.74628
-1.70015 2.76984
-1.66538 2.76757
-1.63077 2.7649
-1.59635 2.76184
-1.57196 2.7758
-1.5426 2.78079
-1.5085 2.77669
-1.46989 2.76339
-1.4455 2.77623
-1.41191 2.77103
-1.38298 2.77441
-1.35411 2.7775
-1.32529 2.78029
-1.29653 2.78279
-1.26782 2.785
-1.23918 2.78692
-1.2106 2.78856
-1.17819 2.7807
-1.15365 2.79097
-1.12529 2.79174
-1.11894 2.84808
-1.12598 2.94188
-1.11399 2.98917
-1.11489 3.07407
-1.11439 3.15922
-1.11571 3.25404
-1.11544 3.34913
-1.11973 3.46349
-1.11911 3.56864
-1.11962 3.68361
-1.12384 3.81803
-0.254917 3.03933
-0.225892 3.01154
-0.198698 3.00343
-0.171091 2.9851
-0.14576 3.00647
-0.114914 2.89772
-0.0869204 2.81866
-0.06209 2.81932
-0.0372548 2.81975
-0.0125488 2.84997
0.0125545 2.84997
0.864178 3.78254
0.867392 3.64831
0.865912 3.50461
0.869422 3.3903
0.873558 3.28586
0.873268 3.17199
0.871043 3.05838
0.864063 2.93547
0.875345 2.87991
0.876739 2.79575
0.876721 2.7118
0.878453 2.63756
0.878947 2.5635
0.881534 2.49908
0.886464 2.44421
0.883514 2.37072
0.882914 2.30681
0.888571 2.26171
0.886027 2.19815
0.886254 2.14405
0.889499 2.09933
0.892027 2.05472
0.889776 2.0011
0.890794 1.95678
0.895325 1.92166
0.890702 1.86857
0.889597 1.8247
0.878867 1.76309
0.889823 1.74637
0.891316 1.71186
0.892271 1.67745
0.89269 1.64317
0.892576 1.60901
0.89193 1.57498
0.89576 1.54975
0.894134 1.51596
0.89714 1.49089
0.899775 1.46588
0.891427 1.42399
0.893174 1.39923
0.900009 1.38293
0.895571 1.34995
0.896224 1.32544
0.896515 1.30102
0.896447 1.27671
0.896021 1.2525
0.895239 1.22839
0.894102 1.2044
0.898645 1.1885
0.896876 1.16469
0.900929 1.14888
0.898534 1.12527
0.895794 1.1018
0.899088 1.08616
0.902176 1.07055
0.898548 1.04738
0.907738 1.03943
0.896927 1.00897
0.899069 0.993617
0.901012 0.978303
0.895916 0.955738
0.897396 0.940574
0.89868 0.925459
0.899767 0.910395
