-1.06144 1.07398
-1.05891 1.09047
-1.06307 1.11422
-1.06005 1.13084
-1.0636 1.15484
-1.06009 1.17158
-1.05638 1.18835
-1.0656 1.2202
-1.06784 1.24472
-1.06328 1.26172
-1.06487 1.28645
-1.07243 1.31905
-1.06701 1.33626
-1.07371 1.36922
-1.07381 1.39447
-1.06752 1.41185
-1.07292 1.44528
-1.07782 1.47892
-1.09384 1.52902
-1.09757 1.56315
-1.10078 1.59746
-1.10347 1.63195
-1.10011 1.65827
-1.13455 1.74333
-1.73792 2.7226
-1.71387 2.7378
-1.69492 2.76131
-1.66022 2.759
-1.63077 2.7649
-1.59635 2.76184
-1.56703 2.76709
-1.5329 2.7633
-1.49895 2.75912
-1.46989 2.76339
-1.44088 2.76736
-1.41191 2.77103
-1.37852 2.76546
-1.34973 2.76851
-1.32529 2.78029
-1.2923 2.77373
-1.25954 2.7668
-1.23512 2.77778
-1.20264 2.77021
-1.17819 2.7807
-1.14601 2.77248
-1.12155 2.78247
-1.11894 2.84808
-1.1224 2.93254
-1.11399 2.98917
-1.11148 3.06467
-1.11439 3.15922
-1.11571 3.25404
-1.11544 3.34913
-1.11666 3.45398
-1.11611 3.5591
-1.11962 3.68361
-1.12102 3.80844
-0.581266 2.26666
-0.556482 2.25227
-0.525057 2.20844
-0.472176 2.06675
-0.449671 2.05129
-0.42953 2.04539
-0.411497 2.04909
-0.393433 2.05264
-0.375338 2.05602
-0.360632 2.07895
-0.348796 2.12152
0.861951 3.77279
0.865079 3.63858
0.86831 3.51432
0.871906 3.39998
0.870988 3.2762
0.870614 3.16235
0.871043 3.05838
0.864063 2.93547
0.872437 2.87034
0.873747 2.78621
0.876721 2.7118
0.878453 2.63756
0.878947 2.5635
0.881534 2.49908
0.886464 2.44421
0.880021 2.36135
0.882914 2.30681
0.881258 2.2431
0.886027 2.19815
0.886254 2.14405
0.889499 2.09933
0.888044 2.04555
0.889776 2.0011
0.894937 1.96588
0.891102 1.9126
0.890702 1.86857
0.889597 1.8247
0.878867 1.76309
0.885283 1.73746
0.891316 1.71186
0.892271 1.67745
0.89269 1.64317
0.897427 1.61775
0.89193 1.57498
0.89576 1.54975
0.894134 1.51596
0.89714 1.49089
0.889312 1.44884
0.896733 1.43247
0.893174 1.39923
0.900009 1.38293
0.901099 1.35828
0.896224 1.32544
0.896515 1.30102
0.896447 1.27671
0.896021 1.2525
0.895239 1.22839
0.894102 1.2044
0.892614 1.18053
0.896876 1.16469
0.900929 1.14888
0.898534 1.12527
0.895794 1.1018
0.899088 1.08616
0.895731 1.0629
0.905059 1.05497
0.90116 1.0319
0.896927 1.00897
0.899069 0.993617
0.894237 0.970948
0.902755 0.963034
0.897396 0.940574
0.891713 0.918285
0.892737 0.903283
