-1.05441 1.06687
-1.05891 1.09047
-1.06307 1.11422
-1.06689 1.13813
-1.0636 1.15484
-1.06009 1.17158
-1.06302 1.19582
-1.0656 1.2202
-1.06133 1.23713
-1.06972 1.26937
-1.07125 1.29415
-1.06612 1.31129
-1.06701 1.33626
-1.06754 1.36135
-1.07381 1.39447
-1.07355 1.41982
-1.07292 1.44528
-1.07193 1.47084
-1.09384 1.52902
-1.09757 1.56315
-1.09511 1.58923
-1.10907 1.64023
-1.09458 1.64994
-1.13455 1.74333
-1.73792 2.7226
-1.71918 2.74628
-1.69492 2.76131
-1.66538 2.76757
-1.63077 2.7649
-1.59635 2.76184
-1.56703 2.76709
-1.5329 2.7633
-1.5085 2.77669
-1.47459 2.77222
-1.44088 2.76736
-1.41191 2.77103
-1.38744 2.78336
-1.34973 2.76851
-1.32529 2.78029
-1.28808 2.76466
-1.24296 2.73039
-0.711005 1.59905
-0.65707 1.51353
-0.639812 1.51005
-0.622667 1.50638
-0.609374 1.51181
-0.596034 1.51712
-0.586223 1.53165
-0.576201 1.54612
-0.572789 1.57934
-0.618733 1.75407
-1.11246 3.24458
-1.11544 3.34913
-1.11666 3.45398
-0.529275 1.74134
-0.508269 1.72675
-0.49304 1.73116
-0.472464 1.71615
-0.45733 1.72025
-0.44216 1.72421
-0.434152 1.75716
-0.420971 1.77065
-0.41204 1.80353
0.861951 3.77279
0.865079 3.63858
0.86831 3.51432
0.869422 3.3903
0.870988 3.2762
0.873268 3.17199
0.871043 3.05838
0.866887 2.94506
0.875345 2.87991
0.873747 2.78621
0.876721 2.7118
0.875293 2.62807
0.878947 2.5635
0.881534 2.49908
0.883055 2.43481
0.887006 2.38009
0.886488 2.31615
0.888571 2.26171
0.886027 2.19815
0.886254 2.14405
0.889499 2.09933
0.888044 2.04555
0.889776 2.0011
0.886651 1.94768
0.886879 1.90354
0.886399 1.85954
0.885215 1.81571
0.878867 1.76309
0.885283 1.73746
0.891316 1.71186
0.896967 1.68628
0.89269 1.64317
0.892576 1.60901
0.89193 1.57498
0.890755 1.54109
0.899215 1.52457
0.891984 1.48232
0.899775 1.46588
0.891427 1.42399
0.898555 1.40766
0.894555 1.37454
0.890042 1.34161
0.896224 1.32544
0.896515 1.30102
0.8907 1.26852
0.896021 1.2525
0.895239 1.22839
0.888142 1.19637
0.892614 1.18053
0.890775 1.15677
0.894759 1.14101
0.898534 1.12527
0.895794 1.1018
0.899088 1.08616
0.895731 1.0629
0.892036 1.03979
0.894583 1.02436
0.890283 1.0015
0.89236 0.986202
0.894237 0.970948
0.902755 0.963034
0.890493 0.933339
0.891713 0.918285
0.899767 0.910395
