-1.06144 1.07398
-1.05891 1.09047
-1.06997 1.12146
-1.06005 1.13084
-1.07037 1.1622
-1.06009 1.17158
-1.06302 1.19582
-1.07218 1.22773
-1.06784 1.24472
-1.06328 1.26172
-1.07763 1.30185
-1.06612 1.31129
-1.06701 1.33626
-1.07371 1.36922
-1.06771 1.38654
-1.07355 1.41982
-1.07292 1.44528
-1.07782 1.47892
-1.09966 1.53716
-1.09757 1.56315
-1.10078 1.59746
-1.09787 1.62366
-1.10011 1.65827
-1.13455 1.74333
-1.7433 2.73103
-1.71918 2.74628
-1.69492 2.76131
-1.66022 2.759
-1.63077 2.7649
-1.60135 2.7705
-1.5621 2.75839
-1.5426 2.78079
-1.5085 2.77669
-1.47929 2.78105
-1.44088 2.76736
-1.41645 2.77994
-1.38298 2.77441
-1.35411 2.7775
-1.32529 2.78029
-1.2923 2.77373
-1.27197 2.7941
-1.23512 2.77778
-1.20662 2.77938
-1.17429 2.77149
-1.14601 2.77248
-1.12155 2.78247
-1.11894 2.84808
-1.1224 2.93254
-1.1105 2.9798
-1.11148 3.06467
-1.11439 3.15922
-1.11571 3.25404
-1.1186 3.35862
-1.11973 3.46349
-1.11911 3.56864
-1.11962 3.68361
-0.290843 0.988084
-0.279389 0.98099
-0.262775 0.954489
-0.251788 0.947102
-0.248404 0.968656
-0.235066 0.951391
-0.224363 0.943695
-0.21827 0.955384
-0.207705 0.947501
-0.203462 0.968867
-0.19492 0.970622
-0.186363 0.972301
-0.177792 0.973905
-0.170916 0.985286
-0.163853 0.99662
-0.16428 1.05731
-0.175236 1.19724
-0.166045 1.20865
-0.155393 1.21006
-0.145915 1.22131
-0.13625 1.23249
-0.1264 1.24359
-0.117289 1.26457
-0.106981 1.27552
0.861951 3.77279
0.867392 3.64831
0.873108 3.53374
0.869422 3.3903
0.873558 3.28586
0.873268 3.17199
0.871043 3.05838
0.864063 2.93547
0.875345 2.87991
0.876739 2.79575
0.879797 2.72132
0.881613 2.64705
0.882191 2.57296
0.88486 2.50851
0.883055 2.43481
0.883514 2.37072
0.886488 2.31615
0.888571 2.26171
0.886027 2.19815
0.890074 2.15329
0.889499 2.09933
0.888044 2.04555
0.893839 2.01024
0.890794 1.95678
0.891102 1.9126
0.890702 1.86857
0.885215 1.81571
0.878867 1.76309
0.894363 1.75528
0.891316 1.71186
0.892271 1.67745
0.89269 1.64317
0.892576 1.60901
0.896858 1.58368
0.89576 1.54975
0.894134 1.51596
0.89714 1.49089
0.894544 1.45736
0.896733 1.43247
0.898555 1.40766
0.900009 1.38293
0.895571 1.34995
0.896224 1.32544
0.902189 1.30926
0.896447 1.27671
0.901839 1.26063
0.895239 1.22839
0.894102 1.2044
0.898645 1.1885
0.896876 1.16469
0.900929 1.14888
0.898534 1.12527
0.895794 1.1018
0.899088 1.08616
0.895731 1.0629
0.898548 1.04738
0.90116 1.0319
0.896927 1.00897
0.899069 0.993617
0.887463 0.963592
0.895916 0.955738
0.897396 0.940574
0.905646 0.932633
0.899767 0.910395
