-1.06847 1.0811
-1.05891 1.09047
-1.06307 1.11422
-1.06689 1.13813
-1.0636 1.15484
-1.0668 1.179
-1.06967 1.20329
-1.0656 1.2202
-1.06784 1.24472
-1.06972 1.26937
-1.06487 1.28645
-1.07243 1.31905
-1.07325 1.34408
-1.07371 1.36922
-1.07381 1.39447
-1.07355 1.41982
-1.07292 1.44528
-1.07782 1.47892
-1.09384 1.52902
-1.09757 1.56315
-1.10646 1.6057
-1.10347 1.63195
-1.10011 1.65827
-1.14001 1.75171
-1.73792 2.7226
-1.71918 2.74628
-1.70015 2.76984
-1.67053 2.77613
-1.63585 2.77351
-1.60135 2.7705
-1.56703 2.76709
-1.53775 2.77204
-1.5085 2.77669
-1.46989 2.76339
-1.44088 2.76736
-1.41191 2.77103
-1.38298 2.77441
-1.35411 2.7775
-1.32529 2.78029
-1.29653 2.78279
-1.26782 2.785
-1.23512 2.77778
-1.20662 2.77938
-1.17429 2.77149
-1.14983 2.78172
-1.12529 2.79174
-1.11894 2.84808
-1.1224 2.93254
-1.11399 2.98917
-1.11489 3.07407
-1.11439 3.15922
-1.11571 3.25404
-1.11544 3.34913
-1.12281 3.47301
-1.11911 3.56864
-1.12253 3.69317
-1.12384 3.81803
-0.255819 2.75816
-0.228171 2.72045
-0.201209 2.68246
-0.177574 2.68413
-0.155069 2.70556
-0.133169 2.74677
-0.10897 2.74784
-0.0601084 2.72934
-0.0356695 2.69976
-0.0118443 2.68997
0.0118497 2.68997
0.0355427 2.68977
0.0596734 2.70934
0.08446 2.7387
0.859723 3.76304
0.867392 3.64831
0.86831 3.51432
0.871906 3.39998
0.868419 3.26653
0.873268 3.17199
0.871043 3.05838
0.861239 2.92588
0.872437 2.87034
0.876739 2.79575
0.879797 2.72132
0.878453 2.63756
0.882191 2.57296
0.881534 2.49908
0.886464 2.44421
0.883514 2.37072
0.886488 2.31615
0.884914 2.2524
0.886027 2.19815
0.890074 2.15329
0.889499 2.09933
0.892027 2.05472
0.893839 2.01024
0.890794 1.95678
0.891102 1.9126
0.895005 1.8776
0.885215 1.81571
0.883329 1.77204
0.894363 1.75528
0.895934 1.72073
0.892271 1.67745
0.89269 1.64317
0.892576 1.60901
0.89193 1.57498
0.89576 1.54975
0.899215 1.52457
0.89714 1.49089
0.894544 1.45736
0.896733 1.43247
0.898555 1.40766
0.900009 1.38293
0.895571 1.34995
0.901825 1.33372
0.896515 1.30102
0.896447 1.27671
0.896021 1.2525
0.901128 1.23647
0.900063 1.21243
0.898645 1.1885
0.896876 1.16469
0.900929 1.14888
0.898534 1.12527
0.895794 1.1018
0.892711 1.07846
0.902176 1.07055
0.898548 1.04738
0.90116 1.0319
0.896927 1.00897
0.899069 0.993617
0.901012 0.978303
0.895916 0.955738
0.904299 0.947809
0.89868 0.925459
0.899767 0.910395
