-1.06144 1.07398
-1.05891 1.09047
-1.06307 1.11422
-1.06005 1.13084
-1.05682 1.14749
-1.0668 1.179
-1.06967 1.20329
-1.0656 1.2202
-1.06784 1.24472
-1.06328 1.26172
-1.07125 1.29415
-1.07874 1.32681
-1.06701 1.33626
-1.07371 1.36922
-1.06771 1.38654
-1.07355 1.41982
-1.06696 1.43725
-1.07782 1.47892
-1.10548 1.54529
-1.09757 1.56315
-1.10078 1.59746
-1.09787 1.62366
-1.10564 1.6666
-1.13455 1.74333
-1.73792 2.7226
-1.71387 2.7378
-1.69492 2.76131
-1.66538 2.76757
-1.63585 2.77351
-1.60135 2.7705
-1.56703 2.76709
-1.5426 2.78079
-1.50372 2.76791
-1.47459 2.77222
-1.4455 2.77623
-1.41191 2.77103
-1.38298 2.77441
-1.35411 2.7775
-1.32099 2.77126
-1.29653 2.78279
-1.26368 2.7759
-1.23512 2.77778
-1.2106 2.78856
-1.18209 2.7899
-1.14983 2.78172
-1.12529 2.79174
-1.11894 2.84808
-1.12598 2.94188
-1.1105 2.9798
-1.11148 3.06467
-1.11439 3.15922
-1.11246 3.24458
-1.11544 3.34913
-1.11973 3.46349
-1.11911 3.56864
-1.12253 3.69317
-1.12102 3.80844
-0.748081 3.5623
-0.712737 3.54914
-0.681448 3.55528
-0.660882 3.62017
-0.642433 3.90754
-0.571142 3.67589
-0.537294 3.67089
-0.507662 3.69529
-0.477641 3.71946
0.861951 3.77279
0.865079 3.63858
0.86831 3.51432
0.871906 3.39998
0.870988 3.2762
0.870614 3.16235
0.871043 3.05838
0.864063 2.93547
0.872437 2.87034
0.876739 2.79575
0.879797 2.72132
0.878453 2.63756
0.882191 2.57296
0.881534 2.49908
0.886464 2.44421
0.887006 2.38009
0.882914 2.30681
0.884914 2.2524
0.882288 2.18887
0.886254 2.14405
0.885598 2.09012
0.892027 2.05472
0.889776 2.0011
0.890794 1.95678
0.886879 1.90354
0.890702 1.86857
0.885215 1.81571
0.878867 1.76309
0.889823 1.74637
0.891316 1.71186
0.896967 1.68628
0.89269 1.64317
0.897427 1.61775
0.89193 1.57498
0.89576 1.54975
0.899215 1.52457
0.89714 1.49089
0.899775 1.46588
0.896733 1.43247
0.898555 1.40766
0.900009 1.38293
0.901099 1.35828
0.896224 1.32544
0.902189 1.30926
0.896447 1.27671
0.896021 1.2525
0.907018 1.24456
0.900063 1.21243
0.898645 1.1885
0.878573 1.14093
0.641758 0.818381
0.599023 0.750181
0.599299 0.737117
0.593015 0.716403
0.599302 0.711152
0.599032 0.698256
0.598581 0.68542
0.611239 0.687595
0.617272 0.682185
0.630031 0.684077
0.642871 0.685797
0.648887 0.680108
0.661818 0.68154
0.667796 0.675684
