-1.06144 1.07398
-1.05194 1.08329
-1.05616 1.10699
-1.06689 1.13813
-1.0636 1.15484
-1.0668 1.179
-1.06302 1.19582
-1.05903 1.21267
-1.06133 1.23713
-1.06972 1.26937
-1.07125 1.29415
-1.06612 1.31129
-1.06701 1.33626
-1.06754 1.36135
-1.07381 1.39447
-1.07355 1.41982
-1.07292 1.44528
-1.07782 1.47892
-1.09384 1.52902
-1.09757 1.56315
-1.10078 1.59746
-1.09787 1.62366
-1.10011 1.65827
-1.1291 1.73495
-1.73792 2.7226
-1.71918 2.74628
-1.70015 2.76984
-1.66538 2.76757
-1.63077 2.7649
-1.60135 2.7705
-1.57196 2.7758
-1.53775 2.77204
-1.50372 2.76791
-1.47459 2.77222
-1.44088 2.76736
-1.41645 2.77994
-1.37852 2.76546
-1.35411 2.7775
-1.32099 2.77126
-1.2923 2.77373
-1.26368 2.7759
-1.23512 2.77778
-1.2106 2.78856
-1.17819 2.7807
-1.14983 2.78172
-1.12902 2.80102
-1.11894 2.84808
-1.12598 2.94188
-1.1105 2.9798
-1.11148 3.06467
-1.11106 3.14979
-1.11571 3.25404
-1.12176 3.36811
-1.11666 3.45398
-1.11911 3.56864
-1.11962 3.68361
-1.12102 3.80844
-0.334702 2.15415
-0.309922 2.11744
-0.287176 2.09037
-0.267479 2.0829
-0.247936 2.07524
-0.230746 2.08728
-0.214375 2.10913
-0.197636 2.13085
-0.181367 2.16241
-0.125314 2.18641
-0.105567 2.17744
-0.0855912 2.1583
-0.0659609 2.13898
-0.0466776 2.11949
-0.0280072 2.11981
-0.00937859 2.12998
0.00960307 2.17998
0.861951 3.77279
0.865079 3.63858
0.86831 3.51432
0.871906 3.39998
0.873558 3.28586
0.873268 3.17199
0.873782 3.068
0.864063 2.93547
0.875345 2.87991
0.876739 2.79575
0.876721 2.7118
0.878453 2.63756
0.882191 2.57296
0.881534 2.49908
0.883055 2.43481
0.887006 2.38009
0.886488 2.31615
0.884914 2.2524
0.886027 2.19815
0.886254 2.14405
0.889499 2.09933
0.892027 2.05472
0.885713 1.99196
0.894937 1.96588
0.891102 1.9126
0.890702 1.86857
0.885215 1.81571
0.878867 1.76309
0.889823 1.74637
0.891316 1.71186
0.892271 1.67745
0.89269 1.64317
0.892576 1.60901
0.89193 1.57498
0.89576 1.54975
0.899215 1.52457
0.891984 1.48232
0.894544 1.45736
0.891427 1.42399
0.898555 1.40766
0.894555 1.37454
0.895571 1.34995
0.896224 1.32544
0.896515 1.30102
0.8907 1.26852
0.901839 1.26063
0.895239 1.22839
0.900063 1.21243
0.898645 1.1885
0.902977 1.17262
0.894759 1.14101
0.898534 1.12527
0.895794 1.1018
0.899088 1.08616
0.895731 1.0629
0.898548 1.04738
0.894583 1.02436
0.890283 1.0015
0.89236 0.986202
0.894237 0.970948
0.895916 0.955738
0.897396 0.940574
0.89868 0.925459
0.899767 0.910395
