-1.05441 1.06687
-1.06587 1.09764
-1.06307 1.11422
-1.06005 1.13084
-1.0636 1.15484
-1.0668 1.179
-1.06302 1.19582
-1.07218 1.22773
-1.06784 1.24472
-1.06328 1.26172
-1.06487 1.28645
-1.05981 1.30353
-1.06701 1.33626
-1.06754 1.36135
-1.07381 1.39447
-1.06752 1.41185
-1.06696 1.43725
-1.07782 1.47892
-1.09966 1.53716
-1.09757 1.56315
-1.09511 1.58923
-1.09787 1.62366
-1.09458 1.64994
-1.13455 1.74333
-1.73792 2.7226
-1.71387 2.7378
-1.69492 2.76131
-1.66538 2.76757
-1.63077 2.7649
-1.59635 2.76184
-1.57196 2.7758
-1.53775 2.77204
-1.50372 2.76791
-1.46989 2.76339
-1.4455 2.77623
-1.40737 2.76212
-1.38298 2.77441
-1.35411 2.7775
-1.32529 2.78029
-1.2923 2.77373
-1.26782 2.785
-1.23918 2.78692
-1.20662 2.77938
-1.17819 2.7807
-1.14601 2.77248
-1.12155 2.78247
-1.11528 2.83878
-1.1224 2.93254
-1.1105 2.9798
-1.11148 3.06467
-1.11106 3.14979
-1.11571 3.25404
-1.11544 3.34913
-1.11666 3.45398
-1.11911 3.56864
-1.11962 3.68361
-1.11819 3.79885
-0.230679 2.75034
-0.205697 2.7423
-0.180874 2.73402
-0.156213 2.72553
-0.132201 2.7268
-0.108574 2.73785
-0.0853792 2.76868
0.0129069 2.92997
0.0384496 2.90975
0.0642976 2.91929
0.0897002 2.90862
0.115712 2.91771
0.142376 2.93655
0.168808 2.94517
0.861951 3.77279
0.865079 3.63858
0.865912 3.50461
0.866938 3.38061
0.870988 3.2762
0.873268 3.17199
0.868304 3.04876
0.864063 2.93547
0.872437 2.87034
0.873747 2.78621
0.876721 2.7118
0.878453 2.63756
0.878947 2.5635
0.881534 2.49908
0.879645 2.42541
0.883514 2.37072
0.886488 2.31615
0.884914 2.2524
0.886027 2.19815
0.886254 2.14405
0.885598 2.09012
0.888044 2.04555
0.889776 2.0011
0.886651 1.94768
0.891102 1.9126
0.890702 1.86857
0.885215 1.81571
0.878867 1.76309
0.889823 1.74637
0.891316 1.71186
0.896967 1.68628
0.887916 1.63438
0.892576 1.60901
0.887002 1.56628
0.89576 1.54975
0.894134 1.51596
0.89714 1.49089
0.899775 1.46588
0.896733 1.43247
0.898555 1.40766
0.894555 1.37454
0.895571 1.34995
0.901825 1.33372
0.890841 1.29279
0.896447 1.27671
0.890203 1.24436
0.895239 1.22839
0.894102 1.2044
0.892614 1.18053
0.896876 1.16469
0.894759 1.14101
0.892294 1.11746
0.895794 1.1018
0.899088 1.08616
0.895731 1.0629
0.892036 1.03979
0.90116 1.0319
0.896927 1.00897
0.899069 0.993617
0.894237 0.970948
0.895916 0.955738
0.897396 0.940574
0.89868 0.925459
0.892737 0.903283
