-1.06144 1.07398
-1.06587 1.09764
-1.06997 1.12146
-1.06689 1.13813
-1.0636 1.15484
-1.0668 1.179
-1.06302 1.19582
-1.0656 1.2202
-1.06784 1.24472
-1.06972 1.26937
-1.06487 1.28645
-1.07243 1.31905
-1.06701 1.33626
-1.06754 1.36135
-1.07381 1.39447
-1.06752 1.41185
-1.07292 1.44528
-1.08371 1.487
-1.09384 1.52902
-1.10332 1.57133
-1.10078 1.59746
-1.09787 1.62366
-1.10564 1.6666
-1.13455 1.74333
-1.7433 2.73103
-1.71387 2.7378
-1.69492 2.76131
-1.66538 2.76757
-1.63585 2.77351
-1.60135 2.7705
-1.56703 2.76709
-1.5426 2.78079
-1.50372 2.76791
-1.47459 2.77222
-1.4455 2.77623
-1.41645 2.77994
-1.38298 2.77441
-1.35411 2.7775
-1.32959 2.78932
-1.29653 2.78279
-1.26368 2.7759
-1.23105 2.76865
-1.20662 2.77938
-1.18209 2.7899
-1.14983 2.78172
-1.12529 2.79174
-1.11894 2.84808
-1.1224 2.93254
-1.1105 2.9798
-1.11489 3.07407
-1.11439 3.15922
-1.11895 3.2635
-1.11544 3.34913
-1.11666 3.45398
-1.11911 3.56864
-1.11962 3.68361
-1.12384 3.81803
-0.215421 2.87193
-0.188796 2.85376
-0.161936 2.82536
-0.136559 2.81669
-0.112933 2.84776
-0.0887697 2.87863
-0.0653927 2.96928
-0.0397649 3.00974
-0.0130772 2.96997
0.0130831 2.96997
0.0395066 2.98974
0.0660591 2.99927
0.0930909 3.01856
0.859723 3.76304
0.867392 3.64831
0.86831 3.51432
0.871906 3.39998
0.870988 3.2762
0.873268 3.17199
0.873782 3.068
0.866887 2.94506
0.875345 2.87991
0.876739 2.79575
0.879797 2.72132
0.881613 2.64705
0.878947 2.5635
0.881534 2.49908
0.886464 2.44421
0.883514 2.37072
0.886488 2.31615
0.884914 2.2524
0.889766 2.20742
0.890074 2.15329
0.889499 2.09933
0.892027 2.05472
0.889776 2.0011
0.886651 1.94768
0.891102 1.9126
0.890702 1.86857
0.889597 1.8247
0.878867 1.76309
0.889823 1.74637
0.891316 1.71186
0.896967 1.68628
0.887916 1.63438
0.897427 1.61775
0.89193 1.57498
0.89576 1.54975
0.904295 1.53318
0.89714 1.49089
0.894544 1.45736
0.891427 1.42399
0.893174 1.39923
0.900009 1.38293
0.895571 1.34995
0.896224 1.32544
0.896515 1.30102
0.902193 1.28489
0.901839 1.26063
0.901128 1.23647
0.900063 1.21243
0.898645 1.1885
0.896876 1.16469
0.900929 1.14888
0.898534 1.12527
0.902102 1.10955
0.899088 1.08616
0.895731 1.0629
0.898548 1.04738
0.894583 1.02436
0.903571 1.01644
0.899069 0.993617
0.901012 0.978303
0.902755 0.963034
0.897396 0.940574
0.905646 0.932633
0.899767 0.910395
