-0.745118 0.753923
-0.745415 0.767631
-0.759334 0.795872
-0.85488 0.911965
-1.0636 1.15484
-1.07351 1.18641
-1.06967 1.20329
-1.05903 1.21267
-1.06784 1.24472
-1.06972 1.26937
-1.06487 1.28645
-1.06612 1.31129
-1.06701 1.33626
-1.07371 1.36922
-1.07381 1.39447
-1.06752 1.41185
-1.07292 1.44528
-1.07782 1.47892
-1.09966 1.53716
-1.10332 1.57133
-1.09511 1.58923
-1.10347 1.63195
-1.10011 1.65827
-1.13455 1.74333
-1.73254 2.71417
-1.71918 2.74628
-1.70015 2.76984
-1.66538 2.76757
-1.63077 2.7649
-0.527272 0.931066
-0.5142 0.92693
-0.496468 0.913849
-0.483703 0.909358
-0.480293 0.922453
-0.476689 0.935557
-0.463969 0.93077
-0.460135 0.943809
-0.451804 0.947826
-0.447661 0.960833
-0.43918 0.964739
-0.434729 0.977707
-0.4261 0.981498
-0.42134 0.994421
-0.416384 1.00734
-0.441142 1.09444
-1.12259 2.85739
-1.1224 2.93254
-1.1105 2.9798
-1.11489 3.07407
-1.11106 3.14979
-1.11571 3.25404
-1.1186 3.35862
-1.11666 3.45398
-1.11911 3.56864
-1.11962 3.68361
-1.12102 3.80844
0.861951 3.77279
0.865079 3.63858
0.86831 3.51432
0.871906 3.39998
0.870988 3.2762
0.873268 3.17199
0.871043 3.05838
0.866887 2.94506
0.878253 2.88948
0.873747 2.78621
0.876721 2.7118
0.878453 2.63756
0.882191 2.57296
0.881534 2.49908
0.886464 2.44421
0.883514 2.37072
0.882914 2.30681
0.884914 2.2524
0.886027 2.19815
0.890074 2.15329
0.889499 2.09933
0.888044 2.04555
0.885713 1.99196
0.890794 1.95678
0.891102 1.9126
0.890702 1.86857
0.889597 1.8247
0.883329 1.77204
0.889823 1.74637
0.891316 1.71186
0.896967 1.68628
0.89269 1.64317
0.892576 1.60901
0.89193 1.57498
0.89576 1.54975
0.899215 1.52457
0.891984 1.48232
0.894544 1.45736
0.896733 1.43247
0.898555 1.40766
0.894555 1.37454
0.901099 1.35828
0.896224 1.32544
0.902189 1.30926
0.896447 1.27671
0.896021 1.2525
0.895239 1.22839
0.900063 1.21243
0.898645 1.1885
0.896876 1.16469
0.900929 1.14888
0.898534 1.12527
0.895794 1.1018
0.905464 1.09386
0.902176 1.07055
0.905059 1.05497
0.907738 1.03943
0.890283 1.0015
0.905779 1.00103
0.894237 0.970948
0.895916 0.955738
0.904299 0.947809
0.89868 0.925459
0.899767 0.910395
