-1.06144 1.07398
-1.05891 1.09047
-1.05616 1.10699
-1.06689 1.13813
-1.05682 1.14749
-1.0668 1.179
-1.06302 1.19582
-1.0656 1.2202
-1.06784 1.24472
-1.06328 1.26172
-1.06487 1.28645
-1.06612 1.31129
-1.07325 1.34408
-1.06754 1.36135
-1.07381 1.39447
-1.06752 1.41185
-1.06696 1.43725
-1.07782 1.47892
-1.09966 1.53716
-1.09757 1.56315
-1.09511 1.58923
-1.09787 1.62366
-1.10564 1.6666
-1.14001 1.75171
-1.7433 2.73103
-1.71918 2.74628
-1.70538 2.77836
-1.66538 2.76757
-1.63585 2.77351
-1.60135 2.7705
-1.56703 2.76709
-1.5329 2.7633
-1.50372 2.76791
-1.47459 2.77222
-1.4455 2.77623
-1.41191 2.77103
-1.38298 2.77441
-1.35411 2.7775
-1.32099 2.77126
-1.2923 2.77373
-1.26782 2.785
-1.23512 2.77778
-1.20662 2.77938
-1.17819 2.7807
-1.14983 2.78172
-1.12529 2.79174
-1.11894 2.84808
-1.12598 2.94188
-1.11399 2.98917
-1.11489 3.07407
-1.11439 3.15922
-1.11246 3.24458
-1.1186 3.35862
-1.11666 3.45398
-1.11911 3.56864
-1.11962 3.68361
-1.12102 3.80844
0.861951 3.77279
0.867392 3.64831
0.86831 3.51432
0.869422 3.3903
0.870988 3.2762
0.873268 3.17199
0.871043 3.05838
0.866887 2.94506
0.878253 2.88948
0.876739 2.79575
0.273783 0.846843
0.274912 0.825423
0.282171 0.82297
0.289409 0.820453
0.293215 0.808471
0.296833 0.796486
0.303837 0.793841
0.30716 0.781826
0.310296 0.769816
0.320885 0.776294
0.32771 0.773438
0.330528 0.761348
0.341284 0.767545
0.348031 0.764509
0.354752 0.761414
0.361444 0.75826
0.363727 0.746058
0.374745 0.751775
0.381353 0.748445
0.38793 0.745057
0.40387 0.759269
0.405768 0.746895
0.417182 0.752037
0.42379 0.748333
0.435369 0.753229
0.441987 0.749365
0.453726 0.754011
0.465581 0.758508
0.488162 0.779806
0.505773 0.792334
0.550915 0.846518
0.796063 1.19995
0.901825 1.33372
0.902189 1.30926
0.902193 1.28489
0.896021 1.2525
0.895239 1.22839
0.900063 1.21243
0.898645 1.1885
0.896876 1.16469
0.894759 1.14101
0.898534 1.12527
0.895794 1.1018
0.899088 1.08616
0.895731 1.0629
0.898548 1.04738
0.894583 1.02436
0.896927 1.00897
0.89236 0.986202
0.894237 0.970948
0.895916 0.955738
0.890493 0.933339
0.89868 0.925459
0.899767 0.910395
