-1.06144 1.07398
-1.06587 1.09764
-1.06307 1.11422
-1.06689 1.13813
-1.07037 1.1622
-1.0668 1.179
-1.06967 1.20329
-1.0656 1.2202
-1.06784 1.24472
-1.06972 1.26937
-1.07125 1.29415
-1.07243 1.31905
-1.06701 1.33626
-1.07371 1.36922
-1.07381 1.39447
-1.06752 1.41185
-1.07292 1.44528
-0.836339 1.14758
-0.663286 0.927174
-0.626362 0.89206
-0.607132 0.881074
-0.604949 0.894671
-0.585989 0.883299
-0.578186 0.888426
-0.570338 0.893484
-0.562446 0.898473
-0.549279 0.89487
-0.546532 0.908242
-0.538511 0.91302
-0.535452 0.926386
-0.537127 0.948469
-0.528752 0.953164
-0.529884 0.975358
-1.4455 2.77623
-1.41191 2.77103
-1.38744 2.78336
-1.35411 2.7775
-1.32529 2.78029
-1.29653 2.78279
-1.26368 2.7759
-1.23918 2.78692
-1.20264 2.77021
-1.17819 2.7807
-1.14983 2.78172
-1.12529 2.79174
-1.11894 2.84808
-1.11883 2.9232
-1.11399 2.98917
-1.11148 3.06467
-1.11439 3.15922
-1.11246 3.24458
-1.11544 3.34913
-1.11666 3.45398
-1.1221 3.57818
-1.12253 3.69317
-1.12384 3.81803
0.864178 3.78254
0.865079 3.63858
0.86831 3.51432
0.869422 3.3903
0.870988 3.2762
0.873268 3.17199
0.873782 3.068
0.864063 2.93547
0.875345 2.87991
0.876739 2.79575
0.876721 2.7118
0.878453 2.63756
0.885434 2.58242
0.881534 2.49908
0.883055 2.43481
0.883514 2.37072
0.886488 2.31615
0.888571 2.26171
0.886027 2.19815
0.886254 2.14405
0.889499 2.09933
0.888044 2.04555
0.885713 1.99196
0.890794 1.95678
0.891102 1.9126
0.890702 1.86857
0.889597 1.8247
0.878867 1.76309
0.889823 1.74637
0.895934 1.72073
0.896967 1.68628
0.89269 1.64317
0.897427 1.61775
0.896858 1.58368
0.89576 1.54975
0.894134 1.51596
0.89714 1.49089
0.894544 1.45736
0.896733 1.43247
0.893174 1.39923
0.894555 1.37454
0.895571 1.34995
0.896224 1.32544
0.890841 1.29279
0.902193 1.28489
0.896021 1.2525
0.901128 1.23647
0.894102 1.2044
0.898645 1.1885
0.896876 1.16469
0.894759 1.14101
0.898534 1.12527
0.902102 1.10955
0.899088 1.08616
0.902176 1.07055
0.892036 1.03979
0.894583 1.02436
0.896927 1.00897
0.899069 0.993617
0.901012 0.978303
0.902755 0.963034
0.897396 0.940574
0.89868 0.925459
0.899767 0.910395
