-1.06144 1.07398
-1.05194 1.08329
-1.05616 1.10699
-1.06005 1.13084
-1.07037 1.1622
-1.0668 1.179
-1.06302 1.19582
-1.0656 1.2202
-1.06784 1.24472
-1.06972 1.26937
-1.07125 1.29415
-1.07243 1.31905
-1.06701 1.33626
-1.06754 1.36135
-1.06771 1.38654
-1.07355 1.41982
-1.07292 1.44528
-1.08371 1.487
-1.10548 1.54529
-1.10332 1.57133
-1.09511 1.58923
-1.10347 1.63195
-1.10011 1.65827
-1.13455 1.74333
-1.73792 2.7226
-1.71387 2.7378
-1.69492 2.76131
-1.66538 2.76757
-1.63585 2.77351
-1.60135 2.7705
-1.57196 2.7758
-1.53775 2.77204
-1.5085 2.77669
-1.46989 2.76339
-1.4455 2.77623
-1.41645 2.77994
-1.38298 2.77441
-1.35411 2.7775
-1.32529 2.78029
-1.2923 2.77373
-1.26782 2.785
-1.23918 2.78692
-1.20662 2.77938
-1.17819 2.7807
-1.14983 2.78172
-1.12155 2.78247
-1.11894 2.84808
-1.1224 2.93254
-1.11399 2.98917
-1.11148 3.06467
-1.11771 3.16865
-1.11571 3.25404
-1.11544 3.34913
-1.11666 3.45398
-1.11911 3.56864
-1.11962 3.68361
-1.12384 3.81803
-0.127444 0.870723
-0.117048 0.851998
-0.108265 0.843077
-0.0996489 0.834068
-0.0922985 0.834914
-0.0839298 0.825746
-0.0757297 0.816496
-0.0693708 0.827096
-0.062083 0.827675
-0.0547904 0.82819
-0.0469213 0.818656
-0.0401929 0.829026
-0.0328892 0.829348
-0.0255829 0.829606
-0.0182747 0.829799
-0.0110972 0.839927
-0.0036986 0.839992
0.00374431 0.849992
0.0114952 0.869924
0.0195975 0.889784
0.0305166 0.98953
0.127373 0.991855
0.136104 0.990695
0.143377 0.979563
0.150464 0.96838
0.157366 0.95715
0.167499 0.96558
0.172406 0.944392
0.180717 0.942837
0.189015 0.941208
0.195243 0.929721
0.203424 0.927965
0.21159 0.926137
0.217426 0.914509
0.227871 0.922266
0.235986 0.920223
0.244082 0.918109
0.25216 0.915923
0.260217 0.913667
0.268255 0.911339
0.27918 0.918509
0.290252 0.925556
0.301469 0.932479
0.309671 0.929787
0.347038 1.01216
0.881534 2.49908
0.883055 2.43481
0.887006 2.38009
0.886488 2.31615
0.884914 2.2524
0.889766 2.20742
0.882434 2.13481
0.889499 2.09933
0.892027 2.05472
0.889776 2.0011
0.890794 1.95678
0.891102 1.9126
0.895005 1.8776
0.889597 1.8247
0.878867 1.76309
0.894363 1.75528
0.891316 1.71186
0.892271 1.67745
0.897464 1.65196
0.892576 1.60901
0.89193 1.57498
0.890755 1.54109
0.894134 1.51596
0.89714 1.49089
0.899775 1.46588
0.891427 1.42399
0.898555 1.40766
0.900009 1.38293
0.901099 1.35828
0.896224 1.32544
0.890841 1.29279
0.902193 1.28489
0.901839 1.26063
0.895239 1.22839
0.900063 1.21243
0.892614 1.18053
0.890775 1.15677
0.900929 1.14888
0.898534 1.12527
0.895794 1.1018
0.899088 1.08616
0.895731 1.0629
0.898548 1.04738
0.90116 1.0319
0.896927 1.00897
0.899069 0.993617
0.894237 0.970948
0.902755 0.963034
0.890493 0.933339
0.89868 0.925459
0.899767 0.910395
