-1.06847 1.0811
-1.05891 1.09047
-1.05616 1.10699
-1.06689 1.13813
-1.0636 1.15484
-1.06009 1.17158
-1.06967 1.20329
-1.07218 1.22773
-1.07435 1.25231
-1.06972 1.26937
-1.07125 1.29415
-1.05981 1.30353
-1.07325 1.34408
-1.07371 1.36922
-1.06161 1.37862
-1.07355 1.41982
-1.07292 1.44528
-1.07782 1.47892
-1.09384 1.52902
-1.09757 1.56315
-1.09511 1.58923
-1.09787 1.62366
-1.10011 1.65827
-1.14001 1.75171
-1.73792 2.7226
-1.71918 2.74628
-1.70015 2.76984
-1.66022 2.759
-1.63585 2.77351
-1.60135 2.7705
-1.56703 2.76709
-1.53775 2.77204
-1.50372 2.76791
-1.47459 2.77222
-1.44088 2.76736
-1.41645 2.77994
-1.37852 2.76546
-1.35411 2.7775
-1.32099 2.77126
-1.29653 2.78279
-1.26368 2.7759
-1.23512 2.77778
-1.20662 2.77938
-1.17819 2.7807
-1.15365 2.79097
-1.12155 2.78247
-1.11528 2.83878
-1.12598 2.94188
-1.11399 2.98917
-1.11148 3.06467
-1.11106 3.14979
-1.11246 3.24458
-1.1186 3.35862
-1.11666 3.45398
-1.1221 3.57818
-1.11671 3.67404
-1.12384 3.81803
0.861951 3.77279
0.867392 3.64831
0.86831 3.51432
0.871906 3.39998
0.870988 3.2762
0.873268 3.17199
0.871043 3.05838
0.864063 2.93547
0.875345 2.87991
0.873747 2.78621
0.876721 2.7118
0.881613 2.64705
0.882191 2.57296
0.881534 2.49908
0.883055 2.43481
0.880021 2.36135
0.886488 2.31615
0.884914 2.2524
0.889766 2.20742
0.890074 2.15329
0.889499 2.09933
0.888044 2.04555
0.889776 2.0011
0.890794 1.95678
0.891102 1.9126
0.890702 1.86857
0.885215 1.81571
0.883329 1.77204
0.889823 1.74637
0.895934 1.72073
0.892271 1.67745
0.89269 1.64317
0.892576 1.60901
0.89193 1.57498
0.89576 1.54975
0.523272 0.887179
0.489818 0.813989
0.491737 0.801121
0.498775 0.796758
0.500393 0.783905
0.501823 0.771086
0.503067 0.758303
0.504126 0.745558
0.522021 0.757558
0.517181 0.736562
0.535285 0.748244
0.547745 0.751582
0.554344 0.746728
0.560899 0.741817
0.573513 0.744771
0.592392 0.755428
0.599023 0.750181
0.637149 0.783671
0.848075 1.02453
0.895731 1.0629
0.892036 1.03979
0.894583 1.02436
0.903571 1.01644
0.89236 0.986202
0.894237 0.970948
0.895916 0.955738
0.904299 0.947809
0.905646 0.932633
0.899767 0.910395
