-1.05441 1.06687
-1.05891 1.09047
-1.06997 1.12146
-1.06005 1.13084
-1.0636 1.15484
-1.06009 1.17158
-1.06302 1.19582
-1.07218 1.22773
-1.07435 1.25231
-1.06972 1.26937
-1.06487 1.28645
-1.07243 1.31905
-1.07325 1.34408
-1.06754 1.36135
-1.06771 1.38654
-1.07355 1.41982
-1.07888 1.45331
-1.08371 1.487
-1.09966 1.53716
-1.10332 1.57133
-1.10078 1.59746
-1.10347 1.63195
-1.09458 1.64994
-1.13455 1.74333
-1.73792 2.7226
-1.71918 2.74628
-1.70015 2.76984
-1.66538 2.76757
-1.63077 2.7649
-1.60135 2.7705
-1.56703 2.76709
-1.5329 2.7633
-1.5085 2.77669
-1.47459 2.77222
-1.4455 2.77623
-1.41191 2.77103
-1.38298 2.77441
-1.35411 2.7775
-1.32529 2.78029
-1.2923 2.77373
-1.26368 2.7759
-1.23105 2.76865
-1.20264 2.77021
-1.17819 2.7807
-1.14983 2.78172
-1.12529 2.79174
-1.11894 2.84808
-1.12955 2.95122
-0.478422 1.28375
-0.429592 1.1845
-0.415815 1.17881
-0.405416 1.18243
-0.394986 1.18595
-0.378372 1.17036
-0.368049 1.17364
-0.360605 1.18641
-0.350141 1.18954
-0.342389 1.20219
-0.331787 1.20516
-0.323728 1.2177
-0.320442 1.24957
-0.137523 1.35303
-0.123753 1.33427
-0.110325 1.31538
-0.0964904 1.28639
-0.0851561 1.28719
-0.0749596 1.30785
-0.063437 1.30846
-0.0523057 1.31896
-0.0409944 1.32937
-0.0297239 1.34967
-0.0179669 1.35988
-0.0061203 1.38999
0.864178 3.78254
0.865079 3.63858
0.865912 3.50461
0.869422 3.3903
0.870988 3.2762
0.873268 3.17199
0.873782 3.068
0.866887 2.94506
0.875345 2.87991
0.873747 2.78621
0.876721 2.7118
0.878453 2.63756
0.878947 2.5635
0.881534 2.49908
0.883055 2.43481
0.887006 2.38009
0.886488 2.31615
0.884914 2.2524
0.889766 2.20742
0.890074 2.15329
0.889499 2.09933
0.888044 2.04555
0.889776 2.0011
0.894937 1.96588
0.891102 1.9126
0.895005 1.8776
0.885215 1.81571
0.883329 1.77204
0.898903 1.76419
0.895934 1.72073
0.887575 1.66863
0.89269 1.64317
0.887725 1.60026
0.89193 1.57498
0.890755 1.54109
0.899215 1.52457
0.89714 1.49089
0.894544 1.45736
0.896733 1.43247
0.898555 1.40766
0.894555 1.37454
0.895571 1.34995
0.896224 1.32544
0.896515 1.30102
0.896447 1.27671
0.901839 1.26063
0.901128 1.23647
0.894102 1.2044
0.898645 1.1885
0.902977 1.17262
0.900929 1.14888
0.904774 1.13309
0.902102 1.10955
0.892711 1.07846
0.902176 1.07055
0.898548 1.04738
0.90116 1.0319
0.896927 1.00897
0.89236 0.986202
0.894237 0.970948
0.902755 0.963034
0.904299 0.947809
0.89868 0.925459
0.899767 0.910395
