-1.06144 1.07398
-1.05891 1.09047
-1.06307 1.11422
-1.06689 1.13813
-1.07037 1.1622
-1.07351 1.18641
-1.06302 1.19582
-1.07218 1.22773
-1.06784 1.24472
-1.06972 1.26937
-1.06487 1.28645
-1.06612 1.31129
-1.06701 1.33626
-1.07371 1.36922
-1.07381 1.39447
-1.06752 1.41185
-1.07292 1.44528
-1.07782 1.47892
-1.09966 1.53716
-1.10332 1.57133
-1.10078 1.59746
-1.10347 1.63195
-1.10011 1.65827
-1.14001 1.75171
-1.73792 2.7226
-1.72448 2.75475
-1.70538 2.77836
-1.66538 2.76757
-1.63077 2.7649
-1.60135 2.7705
-0.468139 0.826648
-0.460839 0.830739
-0.44873 0.825979
-0.432045 0.812242
-0.420256 0.807146
-0.41313 0.810816
-0.401511 0.805474
-0.390019 0.799991
-0.38726 0.812422
-0.380089 0.815801
-0.372889 0.819118
-0.361597 0.813233
-0.358402 0.825559
-0.351116 0.828684
-0.347624 0.840986
-0.343941 0.85329
-0.340069 0.865594
-0.336006 0.877895
-1.11399 2.98917
-0.31602 0.895897
-0.304873 0.889186
-0.293869 0.88235
-0.28301 0.875389
-0.275288 0.877848
-0.261729 0.861103
-0.254135 0.863375
-0.24652 0.86558
-0.241541 0.877359
-0.233803 0.879452
-0.223564 0.871791
-0.215877 0.873726
-0.210485 0.885323
-0.207134 0.90664
-0.203422 0.927965
-0.197296 0.939507
-0.19492 0.970622
0.864178 3.78254
0.865079 3.63858
0.86831 3.51432
0.869422 3.3903
0.873558 3.28586
0.870614 3.16235
0.871043 3.05838
0.864063 2.93547
0.875345 2.87991
0.876739 2.79575
0.876721 2.7118
0.878453 2.63756
0.885434 2.58242
0.881534 2.49908
0.883055 2.43481
0.887006 2.38009
0.890063 2.32549
0.884914 2.2524
0.886027 2.19815
0.890074 2.15329
0.889499 2.09933
0.892027 2.05472
0.889776 2.0011
0.890794 1.95678
0.895325 1.92166
0.890702 1.86857
0.889597 1.8247
0.883329 1.77204
0.894363 1.75528
0.891316 1.71186
0.887575 1.66863
0.89269 1.64317
0.887725 1.60026
0.89193 1.57498
0.890755 1.54109
0.899215 1.52457
0.89714 1.49089
0.899775 1.46588
0.891427 1.42399
0.898555 1.40766
0.900009 1.38293
0.901099 1.35828
0.896224 1.32544
0.896515 1.30102
0.902193 1.28489
0.901839 1.26063
0.901128 1.23647
0.894102 1.2044
0.898645 1.1885
0.890775 1.15677
0.900929 1.14888
0.898534 1.12527
0.895794 1.1018
0.899088 1.08616
0.902176 1.07055
0.898548 1.04738
0.90116 1.0319
0.896927 1.00897
0.905779 1.00103
0.894237 0.970948
0.902755 0.963034
0.897396 0.940574
0.89868 0.925459
0.906796 0.917508
