-1.06847 1.0811
-1.06587 1.09764
-1.06307 1.11422
-1.06005 1.13084
-1.0636 1.15484
-1.0668 1.179
-1.06302 1.19582
-1.07218 1.22773
-1.06784 1.24472
-1.06972 1.26937
-1.07763 1.30185
-1.07243 1.31905
-1.07325 1.34408
-1.06754 1.36135
-1.07991 1.40239
-1.07355 1.41982
-1.06696 1.43725
-1.07782 1.47892
-1.09966 1.53716
-1.09757 1.56315
-1.10078 1.59746
-1.09787 1.62366
-1.09458 1.64994
-1.13455 1.74333
-1.73792 2.7226
-1.71918 2.74628
-1.68969 2.75279
-1.66538 2.76757
-1.63077 2.7649
-1.60135 2.7705
-1.57196 2.7758
-1.5329 2.7633
-1.50372 2.76791
-1.47929 2.78105
-1.44088 2.76736
-1.42099 2.78885
-1.38298 2.77441
-1.34973 2.76851
-1.32529 2.78029
-1.29653 2.78279
-1.26782 2.785
-1.23918 2.78692
-1.20662 2.77938
-1.17819 2.7807
-1.14983 2.78172
-1.12155 2.78247
-1.11528 2.83878
-1.1224 2.93254
-1.1105 2.9798
-1.11489 3.07407
-1.11439 3.15922
-1.11895 3.2635
-1.1186 3.35862
-1.11973 3.46349
-1.11911 3.56864
-1.12253 3.69317
-1.12102 3.80844
0.861951 3.77279
0.867392 3.64831
0.865912 3.50461
0.871906 3.39998
0.870988 3.2762
0.873268 3.17199
0.871043 3.05838
0.864063 2.93547
0.872437 2.87034
0.873747 2.78621
0.261478 0.808783
0.265432 0.79696
0.269198 0.785132
0.272776 0.7733
0.272758 0.752066
0.279372 0.749634
0.282389 0.737805
0.288877 0.735289
0.295342 0.732716
0.301785 0.730086
0.308204 0.7274
0.310616 0.715484
0.320969 0.721858
0.323172 0.709901
0.329412 0.707027
0.335627 0.704098
0.35058 0.719092
0.3569 0.715976
0.367733 0.721715
0.378694 0.727318
0.394478 0.741611
0.434411 0.799617
0.873172 1.57403
0.89193 1.57498
0.890755 1.54109
0.894134 1.51596
0.891984 1.48232
0.894544 1.45736
0.891427 1.42399
0.898555 1.40766
0.8891 1.36616
0.901099 1.35828
0.896224 1.32544
0.896515 1.30102
0.902193 1.28489
0.896021 1.2525
0.901128 1.23647
0.900063 1.21243
0.898645 1.1885
0.896876 1.16469
0.894759 1.14101
0.898534 1.12527
0.895794 1.1018
0.899088 1.08616
0.895731 1.0629
0.898548 1.04738
0.894583 1.02436
0.896927 1.00897
0.899069 0.993617
0.894237 0.970948
0.902755 0.963034
0.904299 0.947809
0.891713 0.918285
0.892737 0.903283
