-1.06144 1.07398
-1.06587 1.09764
-1.06307 1.11422
-1.06689 1.13813
-1.0636 1.15484
-0.825263 0.912053
-0.737471 0.8296
-0.710402 0.813467
-0.696698 0.812103
-0.689518 0.818208
-0.675908 0.816546
-0.66869 0.822468
-0.661419 0.828326
-0.654098 0.83412
-0.646725 0.839849
-0.633272 0.837536
-0.631831 0.851111
-0.636089 0.872806
-0.628377 0.878375
-0.666587 0.949348
-1.08943 1.58099
-1.09787 1.62366
-1.10564 1.6666
-1.14001 1.75171
-1.7433 2.73103
-1.72448 2.75475
-1.69492 2.76131
-1.66538 2.76757
-1.63077 2.7649
-1.60135 2.7705
-1.56703 2.76709
-1.53775 2.77204
-1.49895 2.75912
-1.47459 2.77222
-1.45011 2.7851
-1.41191 2.77103
-1.38298 2.77441
-1.34973 2.76851
-1.32099 2.77126
-1.29653 2.78279
-1.26368 2.7759
-1.23512 2.77778
-1.20662 2.77938
-1.17819 2.7807
-1.15365 2.79097
-1.12155 2.78247
-1.11528 2.83878
-1.12598 2.94188
-1.11399 2.98917
-1.11148 3.06467
-1.11439 3.15922
-1.11571 3.25404
-1.11544 3.34913
-1.11973 3.46349
-1.1221 3.57818
-1.11962 3.68361
-1.12384 3.81803
0.861951 3.77279
0.865079 3.63858
0.865912 3.50461
0.869422 3.3903
0.868419 3.26653
0.873268 3.17199
0.873782 3.068
0.864063 2.93547
0.875345 2.87991
0.876739 2.79575
0.879797 2.72132
0.878453 2.63756
0.878947 2.5635
0.881534 2.49908
0.883055 2.43481
0.883514 2.37072
0.886488 2.31615
0.884914 2.2524
0.886027 2.19815
0.890074 2.15329
0.889499 2.09933
0.892027 2.05472
0.893839 2.01024
0.894937 1.96588
0.891102 1.9126
0.890702 1.86857
0.889597 1.8247
0.878867 1.76309
0.898903 1.76419
0.895934 1.72073
0.887575 1.66863
0.89269 1.64317
0.892576 1.60901
0.896858 1.58368
0.89576 1.54975
0.894134 1.51596
0.89714 1.49089
0.894544 1.45736
0.891427 1.42399
0.903935 1.41609
0.900009 1.38293
0.901099 1.35828
0.901825 1.33372
0.902189 1.30926
0.902193 1.28489
0.901839 1.26063
0.901128 1.23647
0.894102 1.2044
0.898645 1.1885
0.896876 1.16469
0.900929 1.14888
0.898534 1.12527
0.895794 1.1018
0.899088 1.08616
0.895731 1.0629
0.898548 1.04738
0.90116 1.0319
0.890283 1.0015
0.899069 0.993617
0.894237 0.970948
0.902755 0.963034
0.897396 0.940574
0.905646 0.932633
0.892737 0.903283
