-1.06144 1.07398
-1.05891 1.09047
-1.06307 1.11422
-1.06005 1.13084
-1.07037 1.1622
-1.0668 1.179
-1.06967 1.20329
-1.0656 1.2202
-1.06784 1.24472
-1.06972 1.26937
-1.07125 1.29415
-1.07243 1.31905
-1.07325 1.34408
-1.06754 1.36135
-1.06771 1.38654
-1.07355 1.41982
-1.07888 1.45331
-1.07782 1.47892
-1.09966 1.53716
-1.10332 1.57133
-1.09511 1.58923
-1.09787 1.62366
-1.10011 1.65827
-1.14001 1.75171
-1.73792 2.7226
-1.71918 2.74628
-1.69492 2.76131
-1.66538 2.76757
-1.63585 2.77351
-1.59635 2.76184
-1.57196 2.7758
-1.53775 2.77204
-1.5085 2.77669
-1.47459 2.77222
-1.44088 2.76736
-1.41191 2.77103
-1.38298 2.77441
-1.34973 2.76851
-1.32099 2.77126
-1.29653 2.78279
-1.26782 2.785
-1.23512 2.77778
-1.20662 2.77938
-1.17429 2.77149
-1.15365 2.79097
-1.12529 2.79174
-1.11894 2.84808
-1.12598 2.94188
-1.11399 2.98917
-1.11148 3.06467
-1.11106 3.14979
-1.11571 3.25404
-1.11544 3.34913
-1.11973 3.46349
-1.11911 3.56864
-1.12253 3.69317
-1.12102 3.80844
-0.253972 2.73825
-0.225664 2.69055
-0.200461 2.67249
-0.176913 2.67415
-0.154497 2.69558
-0.131716 2.71681
-0.10897 2.74784
-0.0590075 2.67935
-0.035009 2.64977
-0.0115801 2.62997
0.0116294 2.63997
0.0350142 2.64977
0.0590128 2.67935
0.083227 2.69872
0.861951 3.77279
0.865079 3.63858
0.86831 3.51432
0.869422 3.3903
0.870988 3.2762
0.873268 3.17199
0.871043 3.05838
0.864063 2.93547
0.875345 2.87991
0.876739 2.79575
0.876721 2.7118
0.878453 2.63756
0.878947 2.5635
0.88486 2.50851
0.883055 2.43481
0.883514 2.37072
0.886488 2.31615
0.888571 2.26171
0.886027 2.19815
0.890074 2.15329
0.889499 2.09933
0.888044 2.04555
0.885713 1.99196
0.894937 1.96588
0.891102 1.9126
0.895005 1.8776
0.885215 1.81571
0.883329 1.77204
0.889823 1.74637
0.891316 1.71186
0.896967 1.68628
0.89269 1.64317
0.897427 1.61775
0.89193 1.57498
0.89576 1.54975
0.894134 1.51596
0.89714 1.49089
0.894544 1.45736
0.902039 1.44095
0.898555 1.40766
0.900009 1.38293
0.901099 1.35828
0.901825 1.33372
0.902189 1.30926
0.902193 1.28489
0.896021 1.2525
0.901128 1.23647
0.900063 1.21243
0.898645 1.1885
0.902977 1.17262
0.900929 1.14888
0.898534 1.12527
0.895794 1.1018
0.905464 1.09386
0.902176 1.07055
0.898548 1.04738
0.894583 1.02436
0.903571 1.01644
0.89236 0.986202
0.901012 0.978303
0.902755 0.963034
0.904299 0.947809
0.89868 0.925459
0.892737 0.903283
