-1.06144 1.07398
-1.05891 1.09047
-1.05616 1.10699
-1.06005 1.13084
-1.07037 1.1622
-1.0668 1.179
-1.06302 1.19582
-1.0656 1.2202
-1.07435 1.25231
-1.06328 1.26172
-1.07125 1.29415
-1.06612 1.31129
-1.06701 1.33626
-1.07988 1.37708
-1.07381 1.39447
-1.07355 1.41982
-1.07292 1.44528
-1.08371 1.487
-1.09384 1.52902
-1.10332 1.57133
-1.09511 1.58923
-1.10347 1.63195
-1.10011 1.65827
-1.13455 1.74333
-1.73792 2.7226
-1.71918 2.74628
-1.70015 2.76984
-1.66538 2.76757
-1.63585 2.77351
-1.60135 2.7705
-1.56703 2.76709
-1.5329 2.7633
-1.50372 2.76791
-1.46989 2.76339
-1.4455 2.77623
-1.41191 2.77103
-1.38298 2.77441
-1.34973 2.76851
-1.32529 2.78029
-1.29653 2.78279
-1.26782 2.785
-1.23512 2.77778
-1.20662 2.77938
-1.17819 2.7807
-1.14601 2.77248
-1.12155 2.78247
-1.11894 2.84808
-1.1224 2.93254
-1.11399 2.98917
-1.11148 3.06467
-1.11439 3.15922
-1.11246 3.24458
-1.1186 3.35862
-1.11666 3.45398
-1.1221 3.57818
-1.12253 3.69317
-1.12384 3.81803
-0.217424 0.914509
-0.207134 0.90664
-0.196999 0.898661
-0.18702 0.890575
-0.175231 0.872579
-0.167538 0.874089
-0.159833 0.87553
-0.152115 0.876904
-0.142763 0.868343
-0.133574 0.859685
-0.127444 0.870723
-0.118409 0.861904
-0.112086 0.872833
-0.10558 0.883715
-0.0977925 0.884611
-0.0910082 0.895387
-0.083118 0.896154
-0.076893 0.916781
-0.0688149 0.917423
-0.0556889 1.14865
-0.0447769 1.12911
-0.0342133 1.10947
-0.0239993 1.08974
-0.0142678 1.07991
-0.00466728 1.05999
0.00462533 1.04999
0.0137414 1.03991
0.0229005 1.03975
0.0317496 1.02951
0.0404201 1.0192
0.04988 1.02879
0.0583675 1.01833
0.0673347 1.01778
0.0762968 1.01714
0.0852529 1.01643
0.0942024 1.01564
0.103145 1.01477
0.113178 1.02376
0.122191 1.02273
0.132468 1.03153
0.14291 1.04023
0.152066 1.03893
0.861951 3.77279
0.867392 3.64831
0.86831 3.51432
0.869422 3.3903
0.870988 3.2762
0.873268 3.17199
0.871043 3.05838
0.866887 2.94506
0.875345 2.87991
0.873747 2.78621
0.876721 2.7118
0.878453 2.63756
0.878947 2.5635
0.88486 2.50851
0.883055 2.43481
0.883514 2.37072
0.882914 2.30681
0.888571 2.26171
0.889766 2.20742
0.886254 2.14405
0.885598 2.09012
0.892027 2.05472
0.889776 2.0011
0.890794 1.95678
0.895325 1.92166
0.895005 1.8776
0.885215 1.81571
0.883329 1.77204
0.894363 1.75528
0.891316 1.71186
0.896967 1.68628
0.89269 1.64317
0.887725 1.60026
0.896858 1.58368
0.890755 1.54109
0.899215 1.52457
0.89714 1.49089
0.894544 1.45736
0.896733 1.43247
0.893174 1.39923
0.894555 1.37454
0.895571 1.34995
0.896224 1.32544
0.896515 1.30102
0.896447 1.27671
0.901839 1.26063
0.895239 1.22839
0.900063 1.21243
0.898645 1.1885
0.896876 1.16469
0.894759 1.14101
0.898534 1.12527
0.895794 1.1018
0.905464 1.09386
0.902176 1.07055
0.898548 1.04738
0.888005 1.01683
0.903571 1.01644
0.905779 1.00103
0.894237 0.970948
0.889077 0.948442
0.904299 0.947809
0.891713 0.918285
0.899767 0.910395
