-0.618588 0.625898
-1.06587 1.09764
-1.05616 1.10699
-1.06005 1.13084
-1.0636 1.15484
-1.07351 1.18641
-1.06302 1.19582
-1.05903 1.21267
-1.06784 1.24472
-1.06972 1.26937
-1.07125 1.29415
-1.07243 1.31905
-1.07325 1.34408
-1.06754 1.36135
-1.07381 1.39447
-1.07355 1.41982
-1.06696 1.43725
-1.08371 1.487
-1.09384 1.52902
-1.09757 1.56315
-1.10078 1.59746
-1.09787 1.62366
-1.10011 1.65827
-1.13455 1.74333
-1.7433 2.73103
-1.71918 2.74628
-1.70015 2.76984
-1.66538 2.76757
-1.63077 2.7649
-1.59635 2.76184
-1.56703 2.76709
-1.53775 2.77204
-1.50372 2.76791
-1.47459 2.77222
-1.44088 2.76736
-1.41191 2.77103
-1.38298 2.77441
-1.34973 2.76851
-1.31668 2.76223
-1.2923 2.77373
-1.26368 2.7759
-1.23918 2.78692
-1.20662 2.77938
-1.17819 2.7807
-1.14983 2.78172
-1.12529 2.79174
-1.11528 2.83878
-1.1224 2.93254
-1.11399 2.98917
-1.11148 3.06467
-1.11106 3.14979
-1.11571 3.25404
-1.11228 3.33965
-1.11973 3.46349
-1.11911 3.56864
-1.12253 3.69317
-1.12102 3.80844
0.861951 3.77279
0.865079 3.63858
0.86831 3.51432
0.869422 3.3903
0.873558 3.28586
0.873268 3.17199
0.873782 3.068
0.866887 2.94506
0.875345 2.87991
0.876739 2.79575
0.876721 2.7118
0.878453 2.63756
0.878947 2.5635
0.881534 2.49908
0.886464 2.44421
0.883514 2.37072
0.886488 2.31615
0.884914 2.2524
0.886027 2.19815
0.890074 2.15329
0.885598 2.09012
0.892027 2.05472
0.889776 2.0011
0.890794 1.95678
0.891102 1.9126
0.895005 1.8776
0.885215 1.81571
0.883329 1.77204
0.889823 1.74637
0.895934 1.72073
0.896967 1.68628
0.89269 1.64317
0.897427 1.61775
0.89193 1.57498
0.89576 1.54975
0.904295 1.53318
0.89714 1.49089
0.899775 1.46588
0.896733 1.43247
0.898555 1.40766
0.900009 1.38293
0.895571 1.34995
0.901825 1.33372
0.896515 1.30102
0.896447 1.27671
0.901839 1.26063
0.901128 1.23647
0.894102 1.2044
0.898645 1.1885
0.896876 1.16469
0.900929 1.14888
0.892294 1.11746
0.895794 1.1018
0.899088 1.08616
0.895731 1.0629
0.898548 1.04738
0.90116 1.0319
0.903571 1.01644
0.899069 0.993617
0.894237 0.970948
0.895916 0.955738
0.897396 0.940574
0.89868 0.925459
0.892737 0.903283
