-1.06144 1.07398
-1.05891 1.09047
-1.06307 1.11422
-1.06689 1.13813
-1.05682 1.14749
-1.0668 1.179
-1.06967 1.20329
-1.07218 1.22773
-1.06784 1.24472
-1.06328 1.26172
-0.548378 0.662481
-0.498363 0.612972
-0.480465 0.601709
-0.462805 0.590179
-0.457589 0.594233
-0.446306 0.590264
-0.44705 0.602201
-0.435839 0.598034
-0.436373 0.609983
-0.425236 0.605619
-0.419886 0.609341
-0.414502 0.613015
-0.414615 0.624976
-0.403639 0.620222
-0.398161 0.623753
-0.392651 0.627236
-0.387111 0.63067
-0.386697 0.642624
-0.386102 0.654618
-0.380321 0.657994
-0.379439 0.67002
-0.378373 0.68208
-0.367577 0.6766
-0.361603 0.679811
-0.364838 0.700709
-0.363192 0.712806
-0.36136 0.724927
-0.354961 0.728082
-1.32099 2.77126
-1.29653 2.78279
-1.26368 2.7759
-1.23512 2.77778
-1.20662 2.77938
-1.17819 2.7807
-1.15365 2.79097
-1.12155 2.78247
-1.11894 2.84808
-1.1224 2.93254
-1.11399 2.98917
-1.11148 3.06467
-1.11439 3.15922
-1.11895 3.2635
-1.11544 3.34913
-1.11973 3.46349
-1.11911 3.56864
-1.11962 3.68361
-1.11819 3.79885
-0.219129 0.769404
-0.207035 0.752022
-0.197834 0.744152
-0.188787 0.736179
-0.182296 0.737813
-0.173477 0.729661
-0.167043 0.731161
-0.158455 0.722836
-0.154138 0.73399
-0.147667 0.735319
-0.139302 0.72677
-0.132895 0.727969
-0.128187 0.738964
-0.120051 0.730197
-0.11515 0.741108
-0.107169 0.732199
-0.104799 0.762835
-0.0968019 0.75381
-0.0913449 0.764563
-0.0857058 0.775277
-0.0798849 0.785951
-0.0748062 0.806538
-0.068535 0.817131
0.864178 3.78254
0.867392 3.64831
0.86831 3.51432
0.871906 3.39998
0.873558 3.28586
0.873268 3.17199
0.873782 3.068
0.864063 2.93547
0.875345 2.87991
0.876739 2.79575
0.879797 2.72132
0.878453 2.63756
0.882191 2.57296
0.881534 2.49908
0.883055 2.43481
0.883514 2.37072
0.886488 2.31615
0.884914 2.2524
0.886027 2.19815
0.890074 2.15329
0.8934 2.10854
0.892027 2.05472
0.893839 2.01024
0.890794 1.95678
0.891102 1.9126
0.890702 1.86857
0.889597 1.8247
0.883329 1.77204
0.889823 1.74637
0.891316 1.71186
0.892271 1.67745
0.89269 1.64317
0.892576 1.60901
0.896858 1.58368
0.89576 1.54975
0.894134 1.51596
0.89714 1.49089
0.899775 1.46588
0.891427 1.42399
0.898555 1.40766
0.900009 1.38293
0.895571 1.34995
0.896224 1.32544
0.896515 1.30102
0.896447 1.27671
0.896021 1.2525
0.895239 1.22839
0.906024 1.22046
0.904676 1.19648
0.902977 1.17262
0.900929 1.14888
0.898534 1.12527
0.895794 1.1018
0.892711 1.07846
0.895731 1.0629
0.898548 1.04738
0.894583 1.02436
0.896927 1.00897
0.89236 0.986202
0.894237 0.970948
0.902755 0.963034
0.897396 0.940574
0.89868 0.925459
0.906796 0.917508
