-1.06144 1.07398
-1.05891 1.09047
-1.05616 1.10699
-1.06005 1.13084
-1.05682 1.14749
-1.0668 1.179
-1.06302 1.19582
-1.0656 1.2202
-1.06133 1.23713
-1.06328 1.26172
-1.07125 1.29415
-1.06612 1.31129
-1.06701 1.33626
-1.06754 1.36135
-1.07991 1.40239
-1.07355 1.41982
-1.06696 1.43725
-1.07782 1.47892
-1.09966 1.53716
-1.09757 1.56315
-1.09511 1.58923
-1.09787 1.62366
-1.09458 1.64994
-1.13455 1.74333
-1.73792 2.7226
-1.71918 2.74628
-1.69492 2.76131
-1.66538 2.76757
-1.63077 2.7649
-1.60135 2.7705
-1.56703 2.76709
-1.5329 2.7633
-1.50372 2.76791
-1.47459 2.77222
-1.44088 2.76736
-1.41191 2.77103
-1.38298 2.77441
-1.34973 2.76851
-1.32529 2.78029
-1.29653 2.78279
-1.25954 2.7668
-1.23512 2.77778
-1.20264 2.77021
-1.17819 2.7807
-1.15365 2.79097
-1.12529 2.79174
-1.11894 2.84808
-1.1224 2.93254
-1.1105 2.9798
-1.11489 3.07407
-1.11439 3.15922
-1.11571 3.25404
-1.11544 3.34913
-1.11973 3.46349
-1.11911 3.56864
-1.11962 3.68361
-1.12384 3.81803
-0.370887 2.13807
-0.348796 2.12152
-0.32856 2.11463
-0.305577 2.08776
-0.285815 2.08046
-0.266205 2.07298
-0.247936 2.07524
-0.229648 2.07734
-0.214375 2.10913
-0.165305 2.20381
-0.145227 2.1952
-0.125314 2.18641
-0.105567 2.17744
-0.0859874 2.1683
-0.0665773 2.15897
-0.0477785 2.16947
-0.0286677 2.16981
0.864178 3.78254
0.867392 3.64831
0.86831 3.51432
0.869422 3.3903
0.873558 3.28586
0.870614 3.16235
0.871043 3.05838
0.866887 2.94506
0.875345 2.87991
0.873747 2.78621
0.876721 2.7118
0.878453 2.63756
0.878947 2.5635
0.881534 2.49908
0.883055 2.43481
0.887006 2.38009
0.886488 2.31615
0.884914 2.2524
0.886027 2.19815
0.886254 2.14405
0.889499 2.09933
0.888044 2.04555
0.889776 2.0011
0.890794 1.95678
0.891102 1.9126
0.886399 1.85954
0.889597 1.8247
0.878867 1.76309
0.889823 1.74637
0.886698 1.70299
0.892271 1.67745
0.887916 1.63438
0.892576 1.60901
0.89193 1.57498
0.890755 1.54109
0.894134 1.51596
0.891984 1.48232
0.894544 1.45736
0.896733 1.43247
0.898555 1.40766
0.894555 1.37454
0.895571 1.34995
0.896224 1.32544
0.896515 1.30102
0.896447 1.27671
0.896021 1.2525
0.895239 1.22839
0.894102 1.2044
0.892614 1.18053
0.896876 1.16469
0.894759 1.14101
0.898534 1.12527
0.895794 1.1018
0.899088 1.08616
0.895731 1.0629
0.892036 1.03979
0.894583 1.02436
0.896927 1.00897
0.89236 0.986202
0.894237 0.970948
0.902755 0.963034
0.897396 0.940574
0.89868 0.925459
0.899767 0.910395
