-1.06144 1.07398
-1.06587 1.09764
-1.05616 1.10699
-1.06689 1.13813
-1.0636 1.15484
-1.0668 1.179
-1.06967 1.20329
-1.07218 1.22773
-1.06784 1.24472
-1.06972 1.26937
-1.07125 1.29415
-1.06612 1.31129
-1.06701 1.33626
-1.07371 1.36922
-1.07381 1.39447
-1.06752 1.41185
-1.07292 1.44528
-1.07782 1.47892
-1.09384 1.52902
-1.10332 1.57133
-1.10078 1.59746
-1.09787 1.62366
-1.10011 1.65827
-1.13455 1.74333
-1.73792 2.7226
-1.71918 2.74628
-1.69492 2.76131
-1.66022 2.759
-1.63585 2.77351
-1.60636 2.77916
-1.57196 2.7758
-1.53775 2.77204
-1.50372 2.76791
-1.47459 2.77222
-1.44088 2.76736
-1.41191 2.77103
-1.38744 2.78336
-1.35411 2.7775
-1.32529 2.78029
-1.2923 2.77373
-1.26782 2.785
-1.23512 2.77778
-1.20662 2.77938
-1.17819 2.7807
-1.14983 2.78172
-1.12529 2.79174
-1.11528 2.83878
-1.1224 2.93254
-1.11399 2.98917
-1.11148 3.06467
-1.11106 3.14979
-1.11571 3.25404
-1.11544 3.34913
-1.11973 3.46349
-1.11911 3.56864
-1.12253 3.69317
-1.12102 3.80844
-0.220656 2.94174
-0.192756 2.91363
-0.165369 2.88526
-0.139464 2.87662
-0.114518 2.88773
-0.0903109 2.92861
-0.065833 2.98928
-0.0405575 3.06973
-0.0133414 3.02997
0.0133033 3.01997
0.039903 3.01974
0.0671601 3.04926
0.0946322 3.06854
0.861951 3.77279
0.865079 3.63858
0.86831 3.51432
0.869422 3.3903
0.873558 3.28586
0.873268 3.17199
0.871043 3.05838
0.864063 2.93547
0.875345 2.87991
0.876739 2.79575
0.879797 2.72132
0.878453 2.63756
0.882191 2.57296
0.878207 2.48965
0.883055 2.43481
0.883514 2.37072
0.886488 2.31615
0.884914 2.2524
0.889766 2.20742
0.890074 2.15329
0.889499 2.09933
0.892027 2.05472
0.893839 2.01024
0.890794 1.95678
0.891102 1.9126
0.890702 1.86857
0.885215 1.81571
0.883329 1.77204
0.894363 1.75528
0.895934 1.72073
0.892271 1.67745
0.89269 1.64317
0.897427 1.61775
0.89193 1.57498
0.890755 1.54109
0.899215 1.52457
0.89714 1.49089
0.894544 1.45736
0.896733 1.43247
0.898555 1.40766
0.894555 1.37454
0.895571 1.34995
0.896224 1.32544
0.890841 1.29279
0.902193 1.28489
0.896021 1.2525
0.901128 1.23647
0.906024 1.22046
0.898645 1.1885
0.896876 1.16469
0.900929 1.14888
0.892294 1.11746
0.902102 1.10955
0.899088 1.08616
0.902176 1.07055
0.905059 1.05497
0.894583 1.02436
0.903571 1.01644
0.899069 0.993617
0.894237 0.970948
0.909594 0.970329
0.904299 0.947809
0.89868 0.925459
0.899767 0.910395
