-1.06144 1.07398
-1.06587 1.09764
-1.06307 1.11422
-1.06005 1.13084
-1.0636 1.15484
-1.0668 1.179
-1.06302 1.19582
-1.0656 1.2202
-1.06784 1.24472
-1.06972 1.26937
-1.07125 1.29415
-1.06612 1.31129
-1.06701 1.33626
-1.06754 1.36135
-1.07381 1.39447
-1.07355 1.41982
-1.07292 1.44528
-1.08371 1.487
-1.09384 1.52902
-1.09757 1.56315
-1.10078 1.59746
-1.09787 1.62366
-1.10011 1.65827
-1.13455 1.74333
-1.7433 2.73103
-1.71918 2.74628
-1.70015 2.76984
-1.66538 2.76757
-1.63077 2.7649
-1.60135 2.7705
-1.56703 2.76709
-1.5329 2.7633
-1.49895 2.75912
-1.46989 2.76339
-1.44088 2.76736
-1.41191 2.77103
-1.38298 2.77441
-1.34973 2.76851
-1.32529 2.78029
-1.29653 2.78279
-1.26368 2.7759
-1.23512 2.77778
-1.20662 2.77938
-1.18209 2.7899
-1.14983 2.78172
-1.12902 2.80102
-1.11528 2.83878
-1.1224 2.93254
-1.11399 2.98917
-1.11148 3.06467
-1.11439 3.15922
-1.11246 3.24458
-1.11544 3.34913
-1.11666 3.45398
-1.11911 3.56864
-1.12253 3.69317
-1.12384 3.81803
-0.0511169 1.28899
-0.039145 1.2694
-0.0275222 1.2497
-0.0165137 1.24989
-0.00550387 1.24999
0.00541824 1.22999
0.0162519 1.22989
0.0273044 1.2397
0.038531 1.24941
0.0491381 1.23903
0.0610182 1.25852
0.072101 1.25794
0.0838383 1.26723
0.096493 1.28639
0.864178 3.78254
0.867392 3.64831
0.285439 1.15526
0.295604 1.1527
0.303176 1.14039
0.310554 1.12803
0.320478 1.12525
0.330377 1.12239
0.343158 1.129
0.35309 1.12593
0.366069 1.1323
0.372869 1.11954
0.385958 1.12567
0.395859 1.12223
0.409137 1.1281
0.426042 1.14319
0.439669 1.14873
0.471711 1.20066
0.6019 1.49326
0.886254 2.14405
0.885598 2.09012
0.892027 2.05472
0.893839 2.01024
0.894937 1.96588
0.891102 1.9126
0.890702 1.86857
0.885215 1.81571
0.883329 1.77204
0.894363 1.75528
0.891316 1.71186
0.892271 1.67745
0.887916 1.63438
0.892576 1.60901
0.89193 1.57498
0.890755 1.54109
0.889054 1.50734
0.89714 1.49089
0.894544 1.45736
0.896733 1.43247
0.898555 1.40766
0.900009 1.38293
0.895571 1.34995
0.901825 1.33372
0.896515 1.30102
0.896447 1.27671
0.896021 1.2525
0.895239 1.22839
0.894102 1.2044
0.898645 1.1885
0.902977 1.17262
0.900929 1.14888
0.898534 1.12527
0.889486 1.09404
0.892711 1.07846
0.895731 1.0629
0.905059 1.05497
0.90116 1.0319
0.903571 1.01644
0.899069 0.993617
0.894237 0.970948
0.902755 0.963034
0.897396 0.940574
0.89868 0.925459
0.899767 0.910395
