-1.06847 1.0811
-1.06587 1.09764
-1.06307 1.11422
-1.06689 1.13813
-1.07037 1.1622
-1.0668 1.179
-1.06967 1.20329
-1.07218 1.22773
-1.06784 1.24472
-1.07616 1.27702
-1.06487 1.28645
-1.06612 1.31129
-1.07325 1.34408
-1.07371 1.36922
-1.07381 1.39447
-1.06752 1.41185
-1.07292 1.44528
-1.07193 1.47084
-1.09966 1.53716
-1.09757 1.56315
-1.09511 1.58923
-1.09787 1.62366
-1.10011 1.65827
-1.14001 1.75171
-1.73792 2.7226
-1.71918 2.74628
-1.69492 2.76131
-1.66022 2.759
-1.63077 2.7649
-1.60135 2.7705
-1.56703 2.76709
-1.5329 2.7633
-1.5085 2.77669
-1.47929 2.78105
-1.44088 2.76736
-1.41645 2.77994
-1.38744 2.78336
-1.35411 2.7775
-1.32529 2.78029
-1.29653 2.78279
-1.26782 2.785
-1.23105 2.76865
-1.20264 2.77021
-1.18209 2.7899
-1.14983 2.78172
-1.12155 2.78247
-1.11894 2.84808
-1.12598 2.94188
-1.11399 2.98917
-1.11148 3.06467
-1.11439 3.15922
-1.11571 3.25404
-1.11544 3.34913
-1.11973 3.46349
-1.11911 3.56864
-1.11962 3.68361
-1.12102 3.80844
-0.254511 1.8526
-0.233089 1.81509
-0.213533 1.78729
-0.197783 1.7891
-0.182016 1.79077
-0.16716 1.80226
-0.15295 1.8236
-0.135386 1.80493
-0.10694 1.61647
-0.0909815 1.58739
-0.0765118 1.57815
-0.0618158 1.55877
-0.0480836 1.55926
-0.0345678 1.56962
-0.0207412 1.56986
-0.00695689 1.57998
0.00709217 1.60998
0.021537 1.62986
0.861951 3.77279
0.865079 3.63858
0.86831 3.51432
0.871906 3.39998
0.873558 3.28586
0.870614 3.16235
0.871043 3.05838
0.861239 2.92588
0.875345 2.87991
0.873747 2.78621
0.876721 2.7118
0.878453 2.63756
0.882191 2.57296
0.881534 2.49908
0.886464 2.44421
0.883514 2.37072
0.886488 2.31615
0.884914 2.2524
0.889766 2.20742
0.890074 2.15329
0.889499 2.09933
0.892027 2.05472
0.893839 2.01024
0.886651 1.94768
0.891102 1.9126
0.895005 1.8776
0.889597 1.8247
0.878867 1.76309
0.894363 1.75528
0.891316 1.71186
0.887575 1.66863
0.89269 1.64317
0.892576 1.60901
0.896858 1.58368
0.89576 1.54975
0.894134 1.51596
0.89714 1.49089
0.899775 1.46588
0.896733 1.43247
0.898555 1.40766
0.900009 1.38293
0.895571 1.34995
0.896224 1.32544
0.896515 1.30102
0.896447 1.27671
0.901839 1.26063
0.895239 1.22839
0.906024 1.22046
0.898645 1.1885
0.896876 1.16469
0.900929 1.14888
0.904774 1.13309
0.902102 1.10955
0.905464 1.09386
0.902176 1.07055
0.898548 1.04738
0.894583 1.02436
0.903571 1.01644
0.899069 0.993617
0.907786 0.985659
0.902755 0.963034
0.897396 0.940574
0.905646 0.932633
0.906796 0.917508
