-1.06144 1.07398
-1.06587 1.09764
-1.06307 1.11422
-1.06005 1.13084
-1.0636 1.15484
-1.0668 1.179
-1.06967 1.20329
-1.05903 1.21267
-1.06784 1.24472
-1.07616 1.27702
-1.07125 1.29415
-1.06612 1.31129
-1.07325 1.34408
-1.06754 1.36135
-1.06771 1.38654
-1.06752 1.41185
-1.06696 1.43725
-1.07782 1.47892
-1.09966 1.53716
-1.09757 1.56315
-1.09511 1.58923
-1.10347 1.63195
-1.10011 1.65827
-1.14001 1.75171
-1.73792 2.7226
-1.71918 2.74628
-1.69492 2.76131
-1.66538 2.76757
-1.63077 2.7649
-1.60135 2.7705
-1.56703 2.76709
-1.53775 2.77204
-1.50372 2.76791
-1.47459 2.77222
-1.4455 2.77623
-1.42099 2.78885
-1.38298 2.77441
-1.34973 2.76851
-1.32959 2.78932
-1.2923 2.77373
-1.26782 2.785
-1.23105 2.76865
-1.20264 2.77021
-1.17819 2.7807
-1.14983 2.78172
-1.12529 2.79174
-1.11894 2.84808
-1.12598 2.94188
-1.1105 2.9798
-1.11148 3.06467
-1.11439 3.15922
-1.11895 3.2635
-1.1186 3.35862
-1.11666 3.45398
-1.11911 3.56864
-1.11962 3.68361
-1.12384 3.81803
0.861951 3.77279
0.865079 3.63858
0.865912 3.50461
0.869422 3.3903
0.873558 3.28586
0.870614 3.16235
0.871043 3.05838
0.866887 2.94506
0.875345 2.87991
0.876739 2.79575
0.876721 2.7118
0.878453 2.63756
0.878947 2.5635
0.881534 2.49908
0.883055 2.43481
0.887006 2.38009
0.886488 2.31615
0.888571 2.26171
0.886027 2.19815
0.890074 2.15329
0.885598 2.09012
0.888044 2.04555
0.893839 2.01024
0.890794 1.95678
0.891102 1.9126
0.890702 1.86857
0.889597 1.8247
0.878867 1.76309
0.889823 1.74637
0.891316 1.71186
0.892271 1.67745
0.897464 1.65196
0.892576 1.60901
0.896858 1.58368
0.89576 1.54975
0.899215 1.52457
0.891984 1.48232
0.899775 1.46588
0.896733 1.43247
0.898555 1.40766
0.894555 1.37454
0.895571 1.34995
0.896224 1.32544
0.896515 1.30102
0.902193 1.28489
0.896021 1.2525
0.901128 1.23647
0.894102 1.2044
0.904676 1.19648
0.896876 1.16469
0.900929 1.14888
0.898534 1.12527
0.889486 1.09404
0.848075 1.02453
0.650855 0.772326
0.625077 0.728615
0.618314 0.708016
0.631171 0.710017
0.630691 0.697015
0.630031 0.684077
0.636032 0.678501
0.648887 0.680108
0.654852 0.674366
0.660766 0.668572
