-1.05441 1.06687
-1.06587 1.09764
-1.06997 1.12146
-1.06005 1.13084
-1.05682 1.14749
-1.06009 1.17158
-1.06967 1.20329
-1.0656 1.2202
-1.06784 1.24472
-1.06972 1.26937
-1.06487 1.28645
-1.07243 1.31905
-1.07325 1.34408
-1.06754 1.36135
-1.06771 1.38654
-1.07355 1.41982
-1.06696 1.43725
-1.07782 1.47892
-1.10548 1.54529
-1.09757 1.56315
-1.10078 1.59746
-1.09787 1.62366
-1.09458 1.64994
-1.13455 1.74333
-1.7433 2.73103
-1.71918 2.74628
-1.68969 2.75279
-1.66538 2.76757
-1.63585 2.77351
-1.60135 2.7705
-1.56703 2.76709
-1.5329 2.7633
-1.50372 2.76791
-1.47459 2.77222
-1.45011 2.7851
-1.41191 2.77103
-1.38298 2.77441
-1.35411 2.7775
-1.32529 2.78029
-1.2923 2.77373
-1.26782 2.785
-1.23512 2.77778
-1.20662 2.77938
-1.17429 2.77149
-1.14983 2.78172
-1.12529 2.79174
-1.11894 2.84808
-1.1224 2.93254
-1.1105 2.9798
-1.10807 3.05527
-1.11106 3.14979
-1.11246 3.24458
-1.1186 3.35862
-1.11973 3.46349
-1.11911 3.56864
-1.11962 3.68361
-1.12102 3.80844
0.0772736 1.94847
0.0944329 1.94771
0.11044 1.92684
0.126088 1.90583
0.142869 1.90465
0.158804 1.89335
0.175475 1.89188
0.193143 1.90021
0.208774 1.88849
0.226586 1.89651
0.243282 1.89444
0.272209 1.98139
0.304133 2.07786
0.323958 2.08498
0.340688 2.07218
0.362345 2.0888
0.864178 3.78254
0.865079 3.63858
0.870709 3.52403
0.871906 3.39998
0.873558 3.28586
0.86796 3.1527
0.873782 3.068
0.866887 2.94506
0.875345 2.87991
0.876739 2.79575
0.879797 2.72132
0.878453 2.63756
0.882191 2.57296
0.881534 2.49908
0.886464 2.44421
0.883514 2.37072
0.882914 2.30681
0.884914 2.2524
0.889766 2.20742
0.886254 2.14405
0.889499 2.09933
0.888044 2.04555
0.885713 1.99196
0.890794 1.95678
0.891102 1.9126
0.890702 1.86857
0.889597 1.8247
0.878867 1.76309
0.889823 1.74637
0.895934 1.72073
0.887575 1.66863
0.89269 1.64317
0.892576 1.60901
0.89193 1.57498
0.89576 1.54975
0.894134 1.51596
0.89714 1.49089
0.899775 1.46588
0.891427 1.42399
0.898555 1.40766
0.900009 1.38293
0.895571 1.34995
0.896224 1.32544
0.890841 1.29279
0.902193 1.28489
0.901839 1.26063
0.895239 1.22839
0.900063 1.21243
0.898645 1.1885
0.896876 1.16469
0.900929 1.14888
0.892294 1.11746
0.895794 1.1018
0.892711 1.07846
0.889287 1.05526
0.898548 1.04738
0.90116 1.0319
0.896927 1.00897
0.89236 0.986202
0.894237 0.970948
0.909594 0.970329
0.897396 0.940574
0.891713 0.918285
0.899767 0.910395
