-1.06144 1.07398
-1.06587 1.09764
-1.06307 1.11422
-1.06689 1.13813
-1.05682 1.14749
-0.670946 0.741506
-0.59795 0.672649
-0.565691 0.647761
-0.546941 0.637539
-0.547748 0.649978
-0.535625 0.647075
-0.529905 0.651767
-0.511664 0.640781
-0.512171 0.653132
-0.506398 0.657618
-0.494555 0.654076
-0.494735 0.666436
-0.488846 0.670768
-0.482919 0.675048
-0.482701 0.687459
-0.470953 0.68345
-0.470516 0.695855
-0.469897 0.708306
-0.46364 0.712417
-0.462727 0.724902
-0.472243 0.754378
-0.476042 0.775554
-1.66538 2.76757
-1.63585 2.77351
-1.59635 2.76184
-1.57196 2.7758
-1.53775 2.77204
-1.5085 2.77669
-1.47459 2.77222
-1.44088 2.76736
-1.41191 2.77103
-1.38744 2.78336
-1.35411 2.7775
-1.32099 2.77126
-1.2923 2.77373
-1.26782 2.785
-1.23512 2.77778
-1.20662 2.77938
-1.17429 2.77149
-1.14983 2.78172
-1.12529 2.79174
-1.12259 2.85739
-1.1224 2.93254
-1.11399 2.98917
-1.11148 3.06467
-1.11439 3.15922
-1.11571 3.25404
-1.11544 3.34913
-1.11973 3.46349
-1.1221 3.57818
-1.11962 3.68361
-1.12384 3.81803
0.861951 3.77279
0.865079 3.63858
0.86831 3.51432
0.871906 3.39998
0.873558 3.28586
0.873268 3.17199
0.871043 3.05838
0.864063 2.93547
0.875345 2.87991
0.876739 2.79575
0.879797 2.72132
0.878453 2.63756
0.882191 2.57296
0.881534 2.49908
0.883055 2.43481
0.883514 2.37072
0.886488 2.31615
0.884914 2.2524
0.889766 2.20742
0.890074 2.15329
0.8934 2.10854
0.888044 2.04555
0.889776 2.0011
0.890794 1.95678
0.895325 1.92166
0.890702 1.86857
0.889597 1.8247
0.883329 1.77204
0.889823 1.74637
0.891316 1.71186
0.887575 1.66863
0.89269 1.64317
0.887725 1.60026
0.89193 1.57498
0.890755 1.54109
0.894134 1.51596
0.89714 1.49089
0.894544 1.45736
0.896733 1.43247
0.898555 1.40766
0.894555 1.37454
0.895571 1.34995
0.901825 1.33372
0.896515 1.30102
0.896447 1.27671
0.890203 1.24436
0.901128 1.23647
0.894102 1.2044
0.898645 1.1885
0.890775 1.15677
0.900929 1.14888
0.892294 1.11746
0.895794 1.1018
0.905464 1.09386
0.895731 1.0629
0.892036 1.03979
0.894583 1.02436
0.896927 1.00897
0.899069 0.993617
0.901012 0.978303
0.895916 0.955738
0.897396 0.940574
0.89868 0.925459
0.899767 0.910395
