-1.06847 1.0811
-1.06587 1.09764
-1.06307 1.11422
-1.06689 1.13813
-1.0636 1.15484
-1.06009 1.17158
-1.06967 1.20329
-1.0656 1.2202
-1.06784 1.24472
-1.06972 1.26937
-1.06487 1.28645
-1.06612 1.31129
-1.06701 1.33626
-1.07371 1.36922
-1.06771 1.38654
-1.06752 1.41185
-1.07292 1.44528
-1.07782 1.47892
-1.09384 1.52902
-1.09757 1.56315
-1.10078 1.59746
-1.09787 1.62366
-1.09458 1.64994
-1.13455 1.74333
-1.73792 2.7226
-1.71387 2.7378
-1.69492 2.76131
-1.66538 2.76757
-1.63077 2.7649
-1.60135 2.7705
-1.57196 2.7758
-1.53775 2.77204
-1.50372 2.76791
-1.47459 2.77222
-1.44088 2.76736
-1.41645 2.77994
-1.38298 2.77441
-1.35411 2.7775
-1.32529 2.78029
-1.2923 2.77373
-1.25954 2.7668
-1.23512 2.77778
-1.20662 2.77938
-1.17819 2.7807
-1.14983 2.78172
-1.12529 2.79174
-1.11894 2.84808
-1.1224 2.93254
-1.1105 2.9798
-1.11148 3.06467
-1.11439 3.15922
-1.11571 3.25404
-1.11544 3.34913
-1.11973 3.46349
-1.11911 3.56864
-1.11962 3.68361
-1.12384 3.81803
-0.372596 2.14792
-0.348796 2.12152
-0.327025 2.10475
-0.305577 2.08776
-0.285815 2.08046
-0.266205 2.07298
-0.247936 2.07524
-0.230746 2.08728
-0.21842 2.14893
-0.165305 2.20381
-0.145227 2.1952
-0.125314 2.18641
-0.105083 2.16745
-0.0859874 2.1683
-0.0665773 2.15897
-0.0477785 2.16947
-0.0287998 2.17981
0.864178 3.78254
0.865079 3.63858
0.86831 3.51432
0.871906 3.39998
0.873558 3.28586
0.870614 3.16235
0.873782 3.068
0.864063 2.93547
0.875345 2.87991
0.876739 2.79575
0.876721 2.7118
0.881613 2.64705
0.878947 2.5635
0.881534 2.49908
0.879645 2.42541
0.887006 2.38009
0.886488 2.31615
0.884914 2.2524
0.889766 2.20742
0.886254 2.14405
0.885598 2.09012
0.892027 2.05472
0.889776 2.0011
0.890794 1.95678
0.891102 1.9126
0.890702 1.86857
0.889597 1.8247
0.878867 1.76309
0.889823 1.74637
0.891316 1.71186
0.892271 1.67745
0.89269 1.64317
0.892576 1.60901
0.89193 1.57498
0.890755 1.54109
0.899215 1.52457
0.891984 1.48232
0.894544 1.45736
0.891427 1.42399
0.898555 1.40766
0.900009 1.38293
0.895571 1.34995
0.896224 1.32544
0.896515 1.30102
0.896447 1.27671
0.901839 1.26063
0.901128 1.23647
0.894102 1.2044
0.892614 1.18053
0.896876 1.16469
0.894759 1.14101
0.904774 1.13309
0.895794 1.1018
0.892711 1.07846
0.895731 1.0629
0.892036 1.03979
0.90116 1.0319
0.896927 1.00897
0.899069 0.993617
0.894237 0.970948
0.895916 0.955738
0.897396 0.940574
0.89868 0.925459
0.899767 0.910395
