-1.06144 1.07398
-1.05891 1.09047
-1.06307 1.11422
-1.06689 1.13813
-1.0636 1.15484
-1.05339 1.16416
-1.06302 1.19582
-1.05903 1.21267
-1.06784 1.24472
-1.06972 1.26937
-1.06487 1.28645
-1.07243 1.31905
-1.06077 1.32845
-1.07371 1.36922
-1.06161 1.37862
-1.06752 1.41185
-1.07292 1.44528
-1.07193 1.47084
-1.09384 1.52902
-1.09757 1.56315
-1.09511 1.58923
-1.09787 1.62366
-1.09458 1.64994
-1.13455 1.74333
-1.7433 2.73103
-1.71918 2.74628
-1.70015 2.76984
-1.66538 2.76757
-1.62569 2.75629
-1.60135 2.7705
-1.56703 2.76709
-1.5329 2.7633
-1.49895 2.75912
-1.46989 2.76339
-1.44088 2.76736
-1.41191 2.77103
-1.38298 2.77441
-1.35411 2.7775
-1.32529 2.78029
-1.2923 2.77373
-1.26368 2.7759
-1.23105 2.76865
-1.20662 2.77938
-1.17429 2.77149
-1.14601 2.77248
-1.12155 2.78247
-1.11528 2.83878
-1.1224 2.93254
-1.11399 2.98917
-1.10807 3.05527
-1.11106 3.14979
-1.11571 3.25404
-1.1186 3.35862
-1.11358 3.44446
-1.11911 3.56864
-1.11962 3.68361
-1.12102 3.80844
0.861951 3.77279
0.862766 3.62885
0.86831 3.51432
0.316022 1.18871
0.321172 1.1666
0.328696 1.15411
0.299316 1.01686
0.282088 0.928077
0.284267 0.906472
0.289164 0.894418
0.297031 0.891837
0.301631 0.879726
0.309368 0.877035
0.313672 0.864876
0.317786 0.852709
0.328858 0.859216
0.336414 0.856286
0.347681 0.862565
0.347625 0.840985
0.358921 0.847099
0.37035 0.853077
0.398164 0.895469
0.505474 1.11036
0.891102 1.9126
0.890702 1.86857
0.885215 1.81571
0.874406 1.75414
0.889823 1.74637
0.891316 1.71186
0.887575 1.66863
0.887916 1.63438
0.892576 1.60901
0.887002 1.56628
0.890755 1.54109
0.894134 1.51596
0.89714 1.49089
0.899775 1.46588
0.891427 1.42399
0.893174 1.39923
0.894555 1.37454
0.901099 1.35828
0.896224 1.32544
0.890841 1.29279
0.902193 1.28489
0.896021 1.2525
0.895239 1.22839
0.900063 1.21243
0.898645 1.1885
0.890775 1.15677
0.894759 1.14101
0.892294 1.11746
0.895794 1.1018
0.899088 1.08616
0.889287 1.05526
0.892036 1.03979
0.90116 1.0319
0.896927 1.00897
0.899069 0.993617
0.901012 0.978303
0.895916 0.955738
0.890493 0.933339
0.891713 0.918285
0.899767 0.910395
