-1.06847 1.0811
-1.06587 1.09764
-1.06307 1.11422
-1.06005 1.13084
-1.0636 1.15484
-1.0668 1.179
-1.06302 1.19582
-1.0656 1.2202
-1.06784 1.24472
-1.06328 1.26172
-1.06487 1.28645
-1.06612 1.31129
-1.06701 1.33626
-1.06754 1.36135
-1.06771 1.38654
-1.06752 1.41185
-1.06696 1.43725
-1.07782 1.47892
-1.09966 1.53716
-1.09757 1.56315
-1.09511 1.58923
-1.09787 1.62366
-1.10011 1.65827
-1.13455 1.74333
-1.73792 2.7226
-1.71387 2.7378
-1.69492 2.76131
-1.66538 2.76757
-1.63585 2.77351
-1.60135 2.7705
-1.56703 2.76709
-1.53775 2.77204
-1.50372 2.76791
-1.47459 2.77222
-1.4455 2.77623
-1.41191 2.77103
-1.38298 2.77441
-1.35411 2.7775
-1.32529 2.78029
-1.29653 2.78279
-1.26368 2.7759
-1.23918 2.78692
-1.20662 2.77938
-1.17819 2.7807
-1.14983 2.78172
-1.12529 2.79174
-1.11894 2.84808
-1.1224 2.93254
-1.11399 2.98917
-1.11148 3.06467
-1.11439 3.15922
-1.10922 3.23512
-1.11544 3.34913
-1.12281 3.47301
-1.11911 3.56864
-1.11962 3.68361
-1.12384 3.81803
-0.191916 1.23518
-0.178133 1.21703
-0.166045 1.20865
-0.155393 1.21006
-0.144728 1.21139
-0.134053 1.21261
-0.123367 1.21375
-0.112671 1.21479
-0.101967 1.21573
-0.0920025 1.22655
-0.0726137 1.0976
-0.0595099 1.0383
-0.0498779 1.02879
-0.040418 1.0192
-0.0314393 1.01952
-0.0224581 1.01975
-0.013343 1.00991
-0.00444713 1.00999
0.00449318 1.01999
0.0134772 1.01991
0.0224601 1.01975
0.0314413 1.01952
0.0404201 1.0192
0.0493957 1.0188
0.0589397 1.02831
0.0679949 1.02775
0.0777928 1.03709
0.0877603 1.04633
0.0978966 1.05547
0.107189 1.05457
0.11977 1.0834
0.130495 1.09223
0.861951 3.77279
0.865079 3.63858
0.870709 3.52403
0.869422 3.3903
0.870988 3.2762
0.873268 3.17199
0.871043 3.05838
0.866887 2.94506
0.875345 2.87991
0.873747 2.78621
0.876721 2.7118
0.878453 2.63756
0.882191 2.57296
0.88486 2.50851
0.886464 2.44421
0.883514 2.37072
0.882914 2.30681
0.888571 2.26171
0.889766 2.20742
0.886254 2.14405
0.889499 2.09933
0.892027 2.05472
0.893839 2.01024
0.894937 1.96588
0.891102 1.9126
0.890702 1.86857
0.889597 1.8247
0.883329 1.77204
0.889823 1.74637
0.891316 1.71186
0.887575 1.66863
0.89269 1.64317
0.892576 1.60901
0.89193 1.57498
0.89576 1.54975
0.899215 1.52457
0.89714 1.49089
0.894544 1.45736
0.896733 1.43247
0.893174 1.39923
0.900009 1.38293
0.895571 1.34995
0.896224 1.32544
0.896515 1.30102
0.896447 1.27671
0.901839 1.26063
0.901128 1.23647
0.894102 1.2044
0.898645 1.1885
0.896876 1.16469
0.894759 1.14101
0.892294 1.11746
0.895794 1.1018
0.892711 1.07846
0.902176 1.07055
0.898548 1.04738
0.894583 1.02436
0.896927 1.00897
0.899069 0.993617
0.901012 0.978303
0.895916 0.955738
0.897396 0.940574
0.912613 0.939808
0.899767 0.910395
