-1.06847 1.0811
-1.05891 1.09047
-1.06307 1.11422
-1.06689 1.13813
-1.07037 1.1622
-1.06009 1.17158
-1.06967 1.20329
-1.07218 1.22773
-1.06133 1.23713
-1.06972 1.26937
-1.07125 1.29415
-1.07243 1.31905
-1.07325 1.34408
-1.07371 1.36922
-1.07381 1.39447
-1.07355 1.41982
-1.07292 1.44528
-1.07782 1.47892
-1.09966 1.53716
-1.09757 1.56315
-1.09511 1.58923
-1.09787 1.62366
-1.10011 1.65827
-1.13455 1.74333
-1.73792 2.7226
-1.71918 2.74628
-1.69492 2.76131
-1.66538 2.76757
-1.63585 2.77351
-1.60135 2.7705
-1.56703 2.76709
-1.53775 2.77204
-1.5085 2.77669
-1.46989 2.76339
-1.44088 2.76736
-1.40737 2.76212
-1.38298 2.77441
-1.35411 2.7775
-1.32529 2.78029
-1.29653 2.78279
-1.26368 2.7759
-1.23512 2.77778
-1.20662 2.77938
-1.17819 2.7807
-1.14983 2.78172
-1.12529 2.79174
-1.11894 2.84808
-1.1224 2.93254
-1.1105 2.9798
-1.11148 3.06467
-1.11106 3.14979
-1.11571 3.25404
-1.11544 3.34913
-1.11973 3.46349
-1.11911 3.56864
-1.11962 3.68361
-1.12102 3.80844
-0.174211 1.26809
-0.159214 1.23982
-0.145915 1.22131
-0.134053 1.21261
-0.123367 1.21375
-0.113595 1.22474
-0.101967 1.21573
-0.0920025 1.22655
-0.0811953 1.22732
-0.0709541 1.23797
-0.0605315 1.24853
-0.0495319 1.24902
-0.0394532 1.27939
-0.0284029 1.28969
0.00453723 1.02999
0.0137414 1.03991
0.0229005 1.03975
0.0320578 1.03951
0.0412126 1.03918
0.04988 1.02879
0.0589397 1.02831
0.0679949 1.02775
0.0777928 1.03709
0.0869245 1.03636
0.0960495 1.03556
0.105167 1.03467
0.113178 1.02376
0.123377 1.03266
0.132468 1.03153
0.144271 1.05014
0.152066 1.03893
0.162747 1.04743
0.171966 1.04596
0.182882 1.05426
0.195752 1.07228
0.20519 1.07051
0.220518 1.09808
0.230181 1.09609
0.864178 3.78254
0.865079 3.63858
0.86831 3.51432
0.869422 3.3903
0.873558 3.28586
0.873268 3.17199
0.873782 3.068
0.861239 2.92588
0.875345 2.87991
0.873747 2.78621
0.879797 2.72132
0.881613 2.64705
0.882191 2.57296
0.88486 2.50851
0.883055 2.43481
0.887006 2.38009
0.886488 2.31615
0.884914 2.2524
0.886027 2.19815
0.890074 2.15329
0.889499 2.09933
0.888044 2.04555
0.889776 2.0011
0.890794 1.95678
0.891102 1.9126
0.895005 1.8776
0.885215 1.81571
0.883329 1.77204
0.889823 1.74637
0.891316 1.71186
0.892271 1.67745
0.89269 1.64317
0.897427 1.61775
0.89193 1.57498
0.890755 1.54109
0.899215 1.52457
0.891984 1.48232
0.899775 1.46588
0.896733 1.43247
0.893174 1.39923
0.894555 1.37454
0.895571 1.34995
0.896224 1.32544
0.896515 1.30102
0.896447 1.27671
0.901839 1.26063
0.895239 1.22839
0.900063 1.21243
0.898645 1.1885
0.902977 1.17262
0.900929 1.14888
0.898534 1.12527
0.902102 1.10955
0.892711 1.07846
0.895731 1.0629
0.892036 1.03979
0.894583 1.02436
0.896927 1.00897
0.899069 0.993617
0.901012 0.978303
0.902755 0.963034
0.904299 0.947809
0.905646 0.932633
0.899767 0.910395
