-1.06144 1.07398
-1.06587 1.09764
-1.05616 1.10699
-1.05321 1.12354
-1.05682 1.14749
-1.0668 1.179
-1.06302 1.19582
-1.0656 1.2202
-1.06784 1.24472
-1.06328 1.26172
-1.06487 1.28645
-1.07243 1.31905
-1.06701 1.33626
-1.06754 1.36135
-1.07381 1.39447
-1.06752 1.41185
-0.929864 1.25258
-0.836339 1.14758
-0.814562 1.13863
-0.810248 1.15395
-0.794378 1.15281
-0.722578 1.06864
-0.67444 1.01663
-0.660005 1.01415
-0.651047 1.01992
-0.636732 1.01714
-0.632979 1.03123
-0.623871 1.03677
-0.619796 1.05083
-0.610516 1.05625
-0.606116 1.07029
-0.601516 1.08433
-0.630132 1.15989
-1.47929 2.78105
-1.44088 2.76736
-1.41645 2.77994
-1.38744 2.78336
-1.34973 2.76851
-1.32099 2.77126
-1.29653 2.78279
-1.26368 2.7759
-1.23512 2.77778
-1.2106 2.78856
-1.18209 2.7899
-1.14983 2.78172
-1.12529 2.79174
-1.11894 2.84808
-1.12598 2.94188
-1.11399 2.98917
-1.11148 3.06467
-1.11106 3.14979
-1.11246 3.24458
-1.1186 3.35862
-1.11973 3.46349
-1.11911 3.56864
-1.12253 3.69317
-1.12102 3.80844
0.861951 3.77279
0.865079 3.63858
0.86831 3.51432
0.869422 3.3903
0.870988 3.2762
0.873268 3.17199
0.871043 3.05838
0.864063 2.93547
0.875345 2.87991
0.876739 2.79575
0.876721 2.7118
0.881613 2.64705
0.878947 2.5635
0.878207 2.48965
0.883055 2.43481
0.883514 2.37072
0.882914 2.30681
0.884914 2.2524
0.889766 2.20742
0.890074 2.15329
0.889499 2.09933
0.888044 2.04555
0.889776 2.0011
0.894937 1.96588
0.891102 1.9126
0.890702 1.86857
0.889597 1.8247
0.878867 1.76309
0.894363 1.75528
0.891316 1.71186
0.892271 1.67745
0.89269 1.64317
0.892576 1.60901
0.896858 1.58368
0.890755 1.54109
0.894134 1.51596
0.89714 1.49089
0.899775 1.46588
0.891427 1.42399
0.898555 1.40766
0.894555 1.37454
0.901099 1.35828
0.896224 1.32544
0.902189 1.30926
0.896447 1.27671
0.896021 1.2525
0.895239 1.22839
0.906024 1.22046
0.898645 1.1885
0.896876 1.16469
0.900929 1.14888
0.898534 1.12527
0.895794 1.1018
0.892711 1.07846
0.902176 1.07055
0.905059 1.05497
0.894583 1.02436
0.744117 0.837072
0.670947 0.741505
0.670678 0.728211
0.677066 0.722275
0.676499 0.709048
0.675751 0.695888
0.681855 0.689909
