-1.06144 1.07398
-1.06587 1.09764
-1.05616 1.10699
-1.06689 1.13813
-1.0636 1.15484
-1.0668 1.179
-1.06967 1.20329
-1.07218 1.22773
-1.06133 1.23713
-1.06972 1.26937
-1.07125 1.29415
-1.06612 1.31129
-1.06077 1.32845
-1.07371 1.36922
-1.06771 1.38654
-1.07355 1.41982
-1.07292 1.44528
-1.07782 1.47892
-1.10548 1.54529
-1.09757 1.56315
-1.10078 1.59746
-1.09787 1.62366
-1.10011 1.65827
-1.14001 1.75171
-1.73792 2.7226
-1.71918 2.74628
-1.70015 2.76984
-1.66538 2.76757
-1.63077 2.7649
-1.60135 2.7705
-1.56703 2.76709
-1.5329 2.7633
-1.50372 2.76791
-1.47459 2.77222
-1.44088 2.76736
-1.41191 2.77103
-1.38298 2.77441
-1.35411 2.7775
-1.32099 2.77126
-1.29653 2.78279
-1.26368 2.7759
-1.23512 2.77778
-1.20662 2.77938
-1.17429 2.77149
-1.14983 2.78172
-1.12529 2.79174
-1.12259 2.85739
-1.1224 2.93254
-1.11748 2.99854
-1.11148 3.06467
-1.11106 3.14979
-1.11571 3.25404
-1.11544 3.34913
-1.11973 3.46349
-1.11911 3.56864
-1.11962 3.68361
-1.12384 3.81803
-0.235694 2.81013
-0.208689 2.78218
-0.181534 2.744
-0.156786 2.73551
-0.133169 2.74677
-0.110555 2.78781
-0.0869204 2.81866
-0.0640716 2.90929
-0.0381796 2.88975
-0.0125929 2.85997
0.0125545 2.84997
0.037921 2.86975
0.063637 2.8893
0.0897002 2.90862
0.864178 3.78254
0.865079 3.63858
0.863513 3.4949
0.871906 3.39998
0.870988 3.2762
0.873268 3.17199
0.873782 3.068
0.864063 2.93547
0.875345 2.87991
0.876739 2.79575
0.876721 2.7118
0.878453 2.63756
0.878947 2.5635
0.881534 2.49908
0.883055 2.43481
0.883514 2.37072
0.886488 2.31615
0.884914 2.2524
0.886027 2.19815
0.886254 2.14405
0.889499 2.09933
0.888044 2.04555
0.893839 2.01024
0.890794 1.95678
0.895325 1.92166
0.890702 1.86857
0.885215 1.81571
0.883329 1.77204
0.894363 1.75528
0.895934 1.72073
0.892271 1.67745
0.89269 1.64317
0.892576 1.60901
0.89193 1.57498
0.890755 1.54109
0.889054 1.50734
0.89714 1.49089
0.899775 1.46588
0.902039 1.44095
0.893174 1.39923
0.900009 1.38293
0.895571 1.34995
0.901825 1.33372
0.902189 1.30926
0.896447 1.27671
0.896021 1.2525
0.895239 1.22839
0.888142 1.19637
0.904676 1.19648
0.896876 1.16469
0.900929 1.14888
0.898534 1.12527
0.895794 1.1018
0.905464 1.09386
0.895731 1.0629
0.905059 1.05497
0.90116 1.0319
0.903571 1.01644
0.89236 0.986202
0.901012 0.978303
0.902755 0.963034
0.897396 0.940574
0.89868 0.925459
0.899767 0.910395
