-1.06144 1.07398
-1.06587 1.09764
-1.06307 1.11422
-1.06005 1.13084
-1.0636 1.15484
-1.0668 1.179
-1.06302 1.19582
-1.0656 1.2202
-1.06133 1.23713
-1.06972 1.26937
-1.07125 1.29415
-1.06612 1.31129
-1.07325 1.34408
-1.07371 1.36922
-1.06771 1.38654
-1.07355 1.41982
-1.07292 1.44528
-1.07782 1.47892
-1.09384 1.52902
-1.10332 1.57133
-1.09511 1.58923
-1.09787 1.62366
-1.08905 1.6416
-1.13455 1.74333
-1.73792 2.7226
-1.71918 2.74628
-1.69492 2.76131
-1.66538 2.76757
-1.63585 2.77351
-1.59635 2.76184
-1.57196 2.7758
-1.53775 2.77204
-1.50372 2.76791
-1.47459 2.77222
-1.44088 2.76736
-1.41191 2.77103
-1.38298 2.77441
-1.34973 2.76851
-1.32529 2.78029
-1.29653 2.78279
-1.26782 2.785
-1.23512 2.77778
-1.20264 2.77021
-1.17429 2.77149
-1.14601 2.77248
-1.12155 2.78247
-1.11894 2.84808
-1.12598 2.94188
-1.1105 2.9798
-1.11148 3.06467
-1.11439 3.15922
-1.11571 3.25404
-1.1186 3.35862
-1.11666 3.45398
-1.11911 3.56864
-1.12253 3.69317
-1.12384 3.81803
-0.166236 1.79231
-0.149607 1.78374
-0.132394 1.76504
-0.116182 1.75616
-0.100709 1.75712
-0.084744 1.74795
-0.0701372 1.76861
-0.0545564 1.76916
-0.0389714 1.76957
-0.0235154 1.77984
-0.00788154 1.78998
0.00797319 1.80998
0.0252366 1.90983
0.0464616 2.10949
0.0659651 2.13898
0.861951 3.77279
0.862766 3.62885
0.86831 3.51432
0.869422 3.3903
0.870988 3.2762
0.870614 3.16235
0.871043 3.05838
0.866887 2.94506
0.872437 2.87034
0.879731 2.80529
0.879797 2.72132
0.881613 2.64705
0.878947 2.5635
0.881534 2.49908
0.883055 2.43481
0.883514 2.37072
0.882914 2.30681
0.884914 2.2524
0.886027 2.19815
0.886254 2.14405
0.885598 2.09012
0.888044 2.04555
0.889776 2.0011
0.890794 1.95678
0.886879 1.90354
0.886399 1.85954
0.889597 1.8247
0.883329 1.77204
0.889823 1.74637
0.891316 1.71186
0.892271 1.67745
0.89269 1.64317
0.892576 1.60901
0.896858 1.58368
0.89576 1.54975
0.889054 1.50734
0.89714 1.49089
0.899775 1.46588
0.896733 1.43247
0.898555 1.40766
0.900009 1.38293
0.895571 1.34995
0.901825 1.33372
0.896515 1.30102
0.896447 1.27671
0.896021 1.2525
0.901128 1.23647
0.894102 1.2044
0.892614 1.18053
0.902977 1.17262
0.894759 1.14101
0.898534 1.12527
0.902102 1.10955
0.892711 1.07846
0.895731 1.0629
0.898548 1.04738
0.90116 1.0319
0.896927 1.00897
0.89236 0.986202
0.901012 0.978303
0.895916 0.955738
0.897396 0.940574
0.905646 0.932633
0.899767 0.910395
