-1.05441 1.06687
-1.06587 1.09764
-1.05616 1.10699
-1.06689 1.13813
-1.0636 1.15484
-1.06009 1.17158
-1.06302 1.19582
-1.0656 1.2202
-1.06784 1.24472
-1.06972 1.26937
-1.06487 1.28645
-1.06612 1.31129
-1.06701 1.33626
-1.06754 1.36135
-1.06771 1.38654
-1.07355 1.41982
-1.06696 1.43725
-1.07193 1.47084
-1.09966 1.53716
-1.09757 1.56315
-1.09511 1.58923
-1.09787 1.62366
-1.10011 1.65827
-1.13455 1.74333
-1.73792 2.7226
-1.71918 2.74628
-1.69492 2.76131
-1.66022 2.759
-1.63077 2.7649
-1.59635 2.76184
-1.5621 2.75839
-1.5329 2.7633
-1.50372 2.76791
-1.47459 2.77222
-1.44088 2.76736
-1.41645 2.77994
-1.38298 2.77441
-1.34973 2.76851
-1.32529 2.78029
-1.2923 2.77373
-1.26368 2.7759
-1.23512 2.77778
-1.20662 2.77938
-1.17819 2.7807
-1.14601 2.77248
-1.12529 2.79174
-1.11528 2.83878
-1.1224 2.93254
-1.1105 2.9798
-1.10807 3.05527
-1.11106 3.14979
-1.11571 3.25404
-1.11544 3.34913
-1.11666 3.45398
-1.11611 3.5591
-1.11962 3.68361
-1.12102 3.80844
0.0897609 1.19664
0.100298 1.1958
0.109903 1.18491
0.119324 1.17395
0.12966 1.17285
0.138799 1.16174
0.147753 1.15055
0.157881 1.14921
0.166549 1.13788
0.1781 1.14625
0.18819 1.14463
0.198264 1.14293
0.208324 1.14114
0.224014 1.16872
0.2343 1.16671
0.248678 1.18417
0.227181 0.994379
0.231304 0.972881
0.237466 0.961098
0.245922 0.958969
0.246652 0.927773
0.254814 0.925565
0.260217 0.913667
0.271079 0.920932
0.27918 0.918509
0.287259 0.916014
0.295316 0.913449
0.303351 0.910812
0.311361 0.908105
0.316022 0.895896
0.32731 0.902479
0.335246 0.899561
0.350306 0.915252
0.380294 0.967976
0.598162 1.48398
0.890074 2.15329
0.885598 2.09012
0.892027 2.05472
0.889776 2.0011
0.890794 1.95678
0.886879 1.90354
0.890702 1.86857
0.889597 1.8247
0.883329 1.77204
0.894363 1.75528
0.895934 1.72073
0.892271 1.67745
0.89269 1.64317
0.892576 1.60901
0.887002 1.56628
0.890755 1.54109
0.899215 1.52457
0.89714 1.49089
0.889312 1.44884
0.896733 1.43247
0.893174 1.39923
0.894555 1.37454
0.895571 1.34995
0.896224 1.32544
0.896515 1.30102
0.8907 1.26852
0.896021 1.2525
0.901128 1.23647
0.894102 1.2044
0.898645 1.1885
0.896876 1.16469
0.900929 1.14888
0.898534 1.12527
0.895794 1.1018
0.899088 1.08616
0.882843 1.04761
0.898548 1.04738
0.894583 1.02436
0.896927 1.00897
0.89236 0.986202
0.901012 0.978303
0.895916 0.955738
0.897396 0.940574
0.89868 0.925459
0.899767 0.910395
