-1.06144 1.07398
-1.06587 1.09764
-1.06307 1.11422
-1.06689 1.13813
-1.07037 1.1622
-1.0668 1.179
-1.06302 1.19582
-1.0656 1.2202
-1.07435 1.25231
-1.06972 1.26937
-1.06487 1.28645
-1.06612 1.31129
-1.06077 1.32845
-1.06754 1.36135
-1.07381 1.39447
-1.07355 1.41982
-1.07292 1.44528
-1.08371 1.487
-1.09966 1.53716
-1.09757 1.56315
-1.09511 1.58923
-1.09787 1.62366
-1.10011 1.65827
-1.14001 1.75171
-1.73792 2.7226
-1.72448 2.75475
-1.70015 2.76984
-1.66538 2.76757
-1.63077 2.7649
-1.59635 2.76184
-1.57196 2.7758
-1.53775 2.77204
-1.50372 2.76791
-1.47929 2.78105
-1.44088 2.76736
-1.41191 2.77103
-1.37852 2.76546
-1.35411 2.7775
-1.32529 2.78029
-1.29653 2.78279
-1.26782 2.785
-1.23512 2.77778
-1.20662 2.77938
-1.17819 2.7807
-1.14983 2.78172
-1.12529 2.79174
-1.11894 2.84808
-1.12598 2.94188
-1.1105 2.9798
-1.11148 3.06467
-1.11106 3.14979
-1.11246 3.24458
-1.1186 3.35862
-1.11973 3.46349
-1.11611 3.5591
-1.11962 3.68361
-1.12102 3.80844
-0.141249 1.68409
-0.124914 1.66532
-0.109581 1.65638
-0.0944147 1.6473
-0.0794173 1.63808
-0.0653821 1.6487
-0.0508577 1.64922
-0.0365494 1.6596
-0.0221944 1.67985
-0.00748526 1.69998
0.00762078 1.72998
0.864178 3.78254
0.862766 3.62885
0.86831 3.51432
0.869422 3.3903
0.870988 3.2762
0.873268 3.17199
0.873782 3.068
0.864063 2.93547
0.875345 2.87991
0.876739 2.79575
0.876721 2.7118
0.878453 2.63756
0.882191 2.57296
0.881534 2.49908
0.883055 2.43481
0.887006 2.38009
0.886488 2.31615
0.888571 2.26171
0.882288 2.18887
0.890074 2.15329
0.889499 2.09933
0.892027 2.05472
0.889776 2.0011
0.890794 1.95678
0.891102 1.9126
0.890702 1.86857
0.885215 1.81571
0.878867 1.76309
0.889823 1.74637
0.895934 1.72073
0.892271 1.67745
0.89269 1.64317
0.897427 1.61775
0.89193 1.57498
0.89576 1.54975
0.894134 1.51596
0.89714 1.49089
0.894544 1.45736
0.896733 1.43247
0.893174 1.39923
0.894555 1.37454
0.901099 1.35828
0.901825 1.33372
0.896515 1.30102
0.902193 1.28489
0.896021 1.2525
0.901128 1.23647
0.900063 1.21243
0.898645 1.1885
0.909079 1.18054
0.900929 1.14888
0.892294 1.11746
0.895794 1.1018
0.899088 1.08616
0.902176 1.07055
0.898548 1.04738
0.894583 1.02436
0.896927 1.00897
0.899069 0.993617
0.894237 0.970948
0.902755 0.963034
0.904299 0.947809
0.89868 0.925459
0.899767 0.910395
