-1.06144 1.07398
-1.06587 1.09764
-1.06307 1.11422
-1.06005 1.13084
-1.0636 1.15484
-1.0668 1.179
-1.06967 1.20329
-1.0656 1.2202
-1.06784 1.24472
-1.06972 1.26937
-1.06487 1.28645
-1.07874 1.32681
-1.07325 1.34408
-1.07371 1.36922
-1.07381 1.39447
-1.07355 1.41982
-1.07888 1.45331
-1.07782 1.47892
-1.09966 1.53716
-1.10332 1.57133
-1.10078 1.59746
-1.09787 1.62366
-1.10564 1.6666
-1.14546 1.76009
-1.7433 2.73103
-1.71918 2.74628
-1.70015 2.76984
-0.582624 0.96822
-0.574073 0.973314
-0.560473 0.969675
-0.546983 0.965873
-0.533603 0.961908
-0.520336 0.957784
-0.51188 0.96233
-0.503384 0.966801
-0.490309 0.962288
-0.495197 0.993418
-0.486428 0.997741
-0.481924 1.01101
-0.477223 1.02428
-0.526188 1.15587
-0.459106 1.03253
-0.446011 1.02736
-0.425241 1.00363
-0.416384 1.00734
-0.407496 1.01096
-0.398575 1.01451
-0.389624 1.01798
-0.373658 1.00264
-0.368222 1.01529
-0.359265 1.01849
-0.353523 1.03108
-0.347587 1.04364
-0.338381 1.04666
-0.335134 1.06868
-0.331524 1.09073
-0.327551 1.11279
0.861951 3.77279
0.862766 3.62885
0.865912 3.50461
0.866938 3.38061
0.870988 3.2762
0.870614 3.16235
0.873782 3.068
0.864063 2.93547
0.875345 2.87991
0.876739 2.79575
0.876721 2.7118
0.878453 2.63756
0.882191 2.57296
0.881534 2.49908
0.886464 2.44421
0.883514 2.37072
0.882914 2.30681
0.888571 2.26171
0.889766 2.20742
0.890074 2.15329
0.885598 2.09012
0.888044 2.04555
0.889776 2.0011
0.894937 1.96588
0.891102 1.9126
0.890702 1.86857
0.889597 1.8247
0.883329 1.77204
0.894363 1.75528
0.891316 1.71186
0.892271 1.67745
0.89269 1.64317
0.892576 1.60901
0.89193 1.57498
0.89576 1.54975
0.889054 1.50734
0.89714 1.49089
0.899775 1.46588
0.896733 1.43247
0.898555 1.40766
0.894555 1.37454
0.901099 1.35828
0.896224 1.32544
0.896515 1.30102
0.8907 1.26852
0.901839 1.26063
0.895239 1.22839
0.900063 1.21243
0.898645 1.1885
0.902977 1.17262
0.9071 1.15675
0.898534 1.12527
0.895794 1.1018
0.899088 1.08616
0.902176 1.07055
0.905059 1.05497
0.90116 1.0319
0.903571 1.01644
0.899069 0.993617
0.901012 0.978303
0.895916 0.955738
0.897396 0.940574
0.905646 0.932633
0.899767 0.910395
