-1.06144 1.07398
-1.06587 1.09764
-1.06307 1.11422
-1.06005 1.13084
-1.0636 1.15484
-1.0668 1.179
-1.06302 1.19582
-1.0656 1.2202
-1.06784 1.24472
-1.06972 1.26937
-1.06487 1.28645
-1.06612 1.31129
-1.07325 1.34408
-1.06754 1.36135
-1.06771 1.38654
-1.07355 1.41982
-1.07292 1.44528
-1.07782 1.47892
-1.09966 1.53716
-1.09757 1.56315
-1.09511 1.58923
-1.09787 1.62366
-1.10011 1.65827
-1.13455 1.74333
-1.7433 2.73103
-1.71918 2.74628
-1.69492 2.76131
-1.66538 2.76757
-1.63585 2.77351
-1.60135 2.7705
-1.56703 2.76709
-1.53775 2.77204
-1.50372 2.76791
-1.47459 2.77222
-1.4455 2.77623
-1.41191 2.77103
-1.38298 2.77441
-1.34973 2.76851
-1.32959 2.78932
-1.29653 2.78279
-1.26782 2.785
-1.23512 2.77778
-1.2106 2.78856
-1.17429 2.77149
-1.14601 2.77248
-1.12529 2.79174
-1.11894 2.84808
-1.12598 2.94188
-1.1105 2.9798
-1.10807 3.05527
-1.11439 3.15922
-1.11246 3.24458
-1.1186 3.35862
-1.11973 3.46349
-1.11911 3.56864
-1.11962 3.68361
-1.12102 3.80844
-0.249828 3.33064
-0.217841 3.2928
-0.187113 3.26464
-0.158835 3.27615
-0.130764 3.29741
-0.102948 3.33841
-0.0706769 3.20922
-0.0421429 3.18972
-0.0138698 3.14997
0.013876 3.14997
0.0417528 3.15972
0.0706833 3.20922
0.861951 3.77279
0.862766 3.62885
0.865912 3.50461
0.869422 3.3903
0.870988 3.2762
0.870614 3.16235
0.871043 3.05838
0.864063 2.93547
0.875345 2.87991
0.876739 2.79575
0.879797 2.72132
0.875293 2.62807
0.878947 2.5635
0.881534 2.49908
0.883055 2.43481
0.883514 2.37072
0.886488 2.31615
0.884914 2.2524
0.889766 2.20742
0.886254 2.14405
0.889499 2.09933
0.888044 2.04555
0.885713 1.99196
0.894937 1.96588
0.895325 1.92166
0.890702 1.86857
0.889597 1.8247
0.878867 1.76309
0.889823 1.74637
0.891316 1.71186
0.892271 1.67745
0.887916 1.63438
0.887725 1.60026
0.89193 1.57498
0.890755 1.54109
0.894134 1.51596
0.891984 1.48232
0.894544 1.45736
0.896733 1.43247
0.898555 1.40766
0.894555 1.37454
0.895571 1.34995
0.896224 1.32544
0.896515 1.30102
0.896447 1.27671
0.901839 1.26063
0.895239 1.22839
0.900063 1.21243
0.892614 1.18053
0.896876 1.16469
0.900929 1.14888
0.892294 1.11746
0.895794 1.1018
0.899088 1.08616
0.902176 1.07055
0.898548 1.04738
0.90116 1.0319
0.903571 1.01644
0.899069 0.993617
0.894237 0.970948
0.902755 0.963034
0.897396 0.940574
0.89868 0.925459
0.899767 0.910395
