-1.06144 1.07398
-1.06587 1.09764
-1.06307 1.11422
-1.06005 1.13084
-1.0636 1.15484
-1.0668 1.179
-1.06302 1.19582
-1.05903 1.21267
-1.06784 1.24472
-1.06328 1.26172
-1.07125 1.29415
-1.07243 1.31905
-1.06701 1.33626
-1.06754 1.36135
-1.06771 1.38654
-1.06752 1.41185
-1.07292 1.44528
-1.08371 1.487
-1.09966 1.53716
-1.09757 1.56315
-1.10078 1.59746
-1.09787 1.62366
-1.10564 1.6666
-1.13455 1.74333
-1.73792 2.7226
-1.71918 2.74628
-1.69492 2.76131
-1.66538 2.76757
-1.63077 2.7649
-1.60135 2.7705
-1.56703 2.76709
-1.5329 2.7633
-1.5085 2.77669
-1.47459 2.77222
-1.44088 2.76736
-1.41645 2.77994
-1.38744 2.78336
-1.35411 2.7775
-1.32529 2.78029
-1.2923 2.77373
-1.25954 2.7668
-1.23918 2.78692
-1.2106 2.78856
-1.17819 2.7807
-1.14983 2.78172
-1.12155 2.78247
-1.12259 2.85739
-1.1224 2.93254
-1.10701 2.97043
-1.11489 3.07407
-1.11439 3.15922
-1.11571 3.25404
-1.11544 3.34913
-1.11973 3.46349
-1.11911 3.56864
-1.11962 3.68361
-1.12666 3.82763
0.864178 3.78254
0.865079 3.63858
0.865912 3.50461
0.869422 3.3903
0.870988 3.2762
0.875923 3.18163
0.871043 3.05838
0.864063 2.93547
0.878253 2.88948
0.873747 2.78621
0.879797 2.72132
0.878453 2.63756
0.882191 2.57296
0.878207 2.48965
0.883055 2.43481
0.887006 2.38009
0.886488 2.31615
0.888571 2.26171
0.889766 2.20742
0.886254 2.14405
0.889499 2.09933
0.892027 2.05472
0.889776 2.0011
0.890794 1.95678
0.891102 1.9126
0.890702 1.86857
0.889597 1.8247
0.878867 1.76309
0.894363 1.75528
0.895934 1.72073
0.892271 1.67745
0.897464 1.65196
0.892576 1.60901
0.89193 1.57498
0.890755 1.54109
0.894134 1.51596
0.89714 1.49089
0.894544 1.45736
0.896733 1.43247
0.903935 1.41609
0.894555 1.37454
0.901099 1.35828
0.896224 1.32544
0.890841 1.29279
0.896447 1.27671
0.896021 1.2525
0.901128 1.23647
0.900063 1.21243
0.898645 1.1885
0.896876 1.16469
0.894759 1.14101
0.898534 1.12527
0.895794 1.1018
0.899088 1.08616
0.902176 1.07055
0.898548 1.04738
0.894583 1.02436
0.896927 1.00897
0.905779 1.00103
0.894237 0.970948
0.895916 0.955738
0.897396 0.940574
0.891713 0.918285
0.899767 0.910395
