-1.06847 1.0811
-1.05891 1.09047
-1.06307 1.11422
-1.06005 1.13084
-1.0636 1.15484
-1.06009 1.17158
-1.06302 1.19582
-1.0656 1.2202
-1.07435 1.25231
-1.06972 1.26937
-1.07125 1.29415
-1.06612 1.31129
-1.06701 1.33626
-1.06754 1.36135
-1.06771 1.38654
-1.06752 1.41185
-1.06696 1.43725
-1.07782 1.47892
-1.09384 1.52902
-1.09757 1.56315
-1.09511 1.58923
-1.09787 1.62366
-1.10011 1.65827
-1.1291 1.73495
-1.73792 2.7226
-1.71387 2.7378
-1.69492 2.76131
-1.66022 2.759
-1.63077 2.7649
-1.60135 2.7705
-1.56703 2.76709
-1.5329 2.7633
-1.5085 2.77669
-1.47459 2.77222
-1.44088 2.76736
-1.41191 2.77103
-1.37852 2.76546
-1.34973 2.76851
-1.32099 2.77126
-1.29653 2.78279
-1.26368 2.7759
-1.23512 2.77778
-1.20662 2.77938
-1.17819 2.7807
-1.14601 2.77248
-1.12529 2.79174
-1.11894 2.84808
-1.1224 2.93254
-1.11399 2.98917
-1.11489 3.07407
-1.11106 3.14979
-1.11895 3.2635
-1.11544 3.34913
-1.11666 3.45398
-1.11911 3.56864
-1.11962 3.68361
-1.12102 3.80844
0.861951 3.77279
0.867392 3.64831
0.86831 3.51432
0.869422 3.3903
0.868419 3.26653
0.870614 3.16235
0.873782 3.068
0.864063 2.93547
0.872437 2.87034
0.873747 2.78621
0.876721 2.7118
0.878453 2.63756
0.878947 2.5635
0.88486 2.50851
0.883055 2.43481
0.883514 2.37072
0.886488 2.31615
0.884914 2.2524
0.886027 2.19815
0.886254 2.14405
0.885598 2.09012
0.888044 2.04555
0.889776 2.0011
0.886651 1.94768
0.891102 1.9126
0.890702 1.86857
0.885215 1.81571
0.883329 1.77204
0.889823 1.74637
0.891316 1.71186
0.887575 1.66863
0.887916 1.63438
0.892576 1.60901
0.89193 1.57498
0.89576 1.54975
0.894134 1.51596
0.891984 1.48232
0.889312 1.44884
0.891427 1.42399
0.893174 1.39923
0.894555 1.37454
0.895571 1.34995
0.896224 1.32544
0.896515 1.30102
0.896447 1.27671
0.896021 1.2525
0.901128 1.23647
0.894102 1.2044
0.898645 1.1885
0.890775 1.15677
0.894759 1.14101
0.898534 1.12527
0.895794 1.1018
0.886335 1.07075
0.902176 1.07055
0.898548 1.04738
0.888005 1.01683
0.903571 1.01644
0.899069 0.993617
0.901012 0.978303
0.895916 0.955738
0.897396 0.940574
0.89868 0.925459
0.899767 0.910395
