-1.06144 1.07398
-1.06587 1.09764
-1.05616 1.10699
-1.06005 1.13084
-1.0636 1.15484
-1.0668 1.179
-1.06967 1.20329
-1.07218 1.22773
-1.06133 1.23713
-1.06328 1.26172
-1.07125 1.29415
-1.06612 1.31129
-1.07325 1.34408
-1.07371 1.36922
-1.07381 1.39447
-1.07355 1.41982
-1.07888 1.45331
-1.07782 1.47892
-1.09966 1.53716
-1.09757 1.56315
-1.09511 1.58923
-1.09227 1.61538
-1.10011 1.65827
-1.13455 1.74333
-1.73254 2.71417
-1.71918 2.74628
-1.70538 2.77836
-1.66538 2.76757
-1.63077 2.7649
-1.60135 2.7705
-1.57196 2.7758
-1.53775 2.77204
-1.50372 2.76791
-1.47929 2.78105
-1.4455 2.77623
-1.41645 2.77994
-1.38298 2.77441
-1.35411 2.7775
-1.32099 2.77126
-1.29653 2.78279
-1.26368 2.7759
-1.23105 2.76865
-1.20662 2.77938
-1.17819 2.7807
-1.14983 2.78172
-1.12529 2.79174
-1.11894 2.84808
-1.1224 2.93254
-1.11399 2.98917
-1.11148 3.06467
-1.11439 3.15922
-1.11571 3.25404
-1.1186 3.35862
-1.10743 3.42543
-0.88571 2.82438
-0.79682 2.62158
-0.705929 2.39826
-0.668343 2.34668
-0.644993 2.34284
-0.624332 2.34843
-0.608591 2.37321
-0.59486 2.4076
0.864178 3.78254
0.865079 3.63858
0.86831 3.51432
0.871906 3.39998
0.870988 3.2762
0.870614 3.16235
0.871043 3.05838
0.864063 2.93547
0.872437 2.87034
0.876739 2.79575
0.876721 2.7118
0.878453 2.63756
0.878947 2.5635
0.88486 2.50851
0.883055 2.43481
0.883514 2.37072
0.882914 2.30681
0.884914 2.2524
0.886027 2.19815
0.890074 2.15329
0.889499 2.09933
0.888044 2.04555
0.889776 2.0011
0.890794 1.95678
0.891102 1.9126
0.895005 1.8776
0.885215 1.81571
0.878867 1.76309
0.885283 1.73746
0.895934 1.72073
0.896967 1.68628
0.887916 1.63438
0.892576 1.60901
0.89193 1.57498
0.890755 1.54109
0.899215 1.52457
0.89714 1.49089
0.899775 1.46588
0.896733 1.43247
0.893174 1.39923
0.900009 1.38293
0.895571 1.34995
0.890622 1.31715
0.902189 1.30926
0.896447 1.27671
0.896021 1.2525
0.901128 1.23647
0.894102 1.2044
0.898645 1.1885
0.896876 1.16469
0.894759 1.14101
0.904774 1.13309
0.908411 1.11731
0.899088 1.08616
0.902176 1.07055
0.898548 1.04738
0.710404 0.813466
0.66439 0.747386
0.657528 0.726675
0.670678 0.728211
0.64971 0.693092
0.662693 0.694578
0.661818 0.68154
0.674825 0.682796
