-1.06144 1.07398
-1.05891 1.09047
-1.06307 1.11422
-1.06689 1.13813
-1.05682 1.14749
-1.06009 1.17158
-1.06302 1.19582
-1.0656 1.2202
-1.06784 1.24472
-1.06328 1.26172
-1.06487 1.28645
-1.07243 1.31905
-1.06701 1.33626
-1.06137 1.35348
-1.06771 1.38654
-1.06752 1.41185
-1.06696 1.43725
-1.07193 1.47084
-1.09384 1.52902
-1.09757 1.56315
-1.10078 1.59746
-1.10347 1.63195
-1.10011 1.65827
-1.1291 1.73495
-1.73792 2.7226
-1.71387 2.7378
-1.69492 2.76131
-1.66022 2.759
-1.62569 2.75629
-1.60135 2.7705
-1.56703 2.76709
-1.53775 2.77204
-1.50372 2.76791
-1.46989 2.76339
-1.44088 2.76736
-1.41191 2.77103
-1.38298 2.77441
-1.35411 2.7775
-1.32529 2.78029
-1.2923 2.77373
-1.26368 2.7759
-1.23918 2.78692
-1.20662 2.77938
-1.17819 2.7807
-1.14983 2.78172
-1.12155 2.78247
-1.11528 2.83878
-1.1224 2.93254
-1.1105 2.9798
-1.11148 3.06467
-1.11106 3.14979
-1.11571 3.25404
-1.1186 3.35862
-1.11666 3.45398
-1.11911 3.56864
-1.11962 3.68361
-1.12384 3.81803
-0.153747 3.87695
-0.118668 3.84817
-0.0843279 3.82907
-0.0505978 3.82967
-0.0169519 3.84996
0.049152 3.71968
0.0814729 3.6991
0.113744 3.68825
0.146622 3.69709
0.181602 3.7456
0.859723 3.76304
0.865079 3.63858
0.865912 3.50461
0.869422 3.3903
0.868419 3.26653
0.870614 3.16235
0.868304 3.04876
0.864063 2.93547
0.875345 2.87991
0.873747 2.78621
0.876721 2.7118
0.878453 2.63756
0.878947 2.5635
0.881534 2.49908
0.883055 2.43481
0.883514 2.37072
0.882914 2.30681
0.884914 2.2524
0.886027 2.19815
0.886254 2.14405
0.889499 2.09933
0.892027 2.05472
0.889776 2.0011
0.890794 1.95678
0.886879 1.90354
0.895005 1.8776
0.885215 1.81571
0.883329 1.77204
0.885283 1.73746
0.886698 1.70299
0.892271 1.67745
0.887916 1.63438
0.897427 1.61775
0.89193 1.57498
0.900764 1.5584
0.889054 1.50734
0.89714 1.49089
0.899775 1.46588
0.896733 1.43247
0.893174 1.39923
0.894555 1.37454
0.890042 1.34161
0.901825 1.33372
0.896515 1.30102
0.896447 1.27671
0.896021 1.2525
0.895239 1.22839
0.900063 1.21243
0.898645 1.1885
0.896876 1.16469
0.900929 1.14888
0.898534 1.12527
0.895794 1.1018
0.899088 1.08616
0.895731 1.0629
0.898548 1.04738
0.90116 1.0319
0.896927 1.00897
0.899069 0.993617
0.894237 0.970948
0.902755 0.963034
0.897396 0.940574
0.891713 0.918285
0.892737 0.903283
