-1.05441 1.06687
-1.05891 1.09047
-1.05616 1.10699
-1.06005 1.13084
-1.0636 1.15484
-1.0668 1.179
-1.06967 1.20329
-1.05903 1.21267
-1.06133 1.23713
-1.06328 1.26172
-1.06487 1.28645
-1.07243 1.31905
-1.06701 1.33626
-1.07371 1.36922
-1.07381 1.39447
-1.07355 1.41982
-1.06696 1.43725
-1.07782 1.47892
-1.09384 1.52902
-1.09757 1.56315
-1.10078 1.59746
-1.09787 1.62366
-1.09458 1.64994
-1.14001 1.75171
-1.7433 2.73103
-1.72448 2.75475
-1.69492 2.76131
-1.66538 2.76757
-1.63585 2.77351
-1.60135 2.7705
-0.473066 0.835349
-0.46569 0.839484
-0.453504 0.834766
-0.446134 0.838728
-0.434111 0.833755
-0.42675 0.837547
-0.410434 0.823374
-0.403166 0.826957
-0.395866 0.830476
-0.392759 0.842995
-0.389462 0.855523
-0.385974 0.868058
-0.370349 0.853078
-0.36282 0.856307
-0.359084 0.868711
-0.358895 0.89039
-0.365665 0.930746
-0.396773 1.03666
-0.387626 1.04012
-0.381859 1.05289
-0.372571 1.05622
-0.366496 1.06892
-0.360227 1.08159
-0.350686 1.08472
-0.34411 1.09731
-0.334432 1.1003
-0.330375 1.12239
-0.323215 1.13487
0.861951 3.77279
0.867392 3.64831
0.86831 3.51432
0.871906 3.39998
0.873558 3.28586
0.870614 3.16235
0.873782 3.068
0.864063 2.93547
0.875345 2.87991
0.876739 2.79575
0.879797 2.72132
0.878453 2.63756
0.882191 2.57296
0.881534 2.49908
0.883055 2.43481
0.883514 2.37072
0.886488 2.31615
0.884914 2.2524
0.886027 2.19815
0.882434 2.13481
0.889499 2.09933
0.888044 2.04555
0.889776 2.0011
0.890794 1.95678
0.886879 1.90354
0.890702 1.86857
0.889597 1.8247
0.878867 1.76309
0.894363 1.75528
0.891316 1.71186
0.892271 1.67745
0.89269 1.64317
0.892576 1.60901
0.89193 1.57498
0.89576 1.54975
0.894134 1.51596
0.89714 1.49089
0.905006 1.4744
0.896733 1.43247
0.898555 1.40766
0.900009 1.38293
0.901099 1.35828
0.896224 1.32544
0.902189 1.30926
0.896447 1.27671
0.896021 1.2525
0.901128 1.23647
0.894102 1.2044
0.892614 1.18053
0.902977 1.17262
0.900929 1.14888
0.898534 1.12527
0.902102 1.10955
0.899088 1.08616
0.895731 1.0629
0.892036 1.03979
0.90116 1.0319
0.896927 1.00897
0.899069 0.993617
0.901012 0.978303
0.895916 0.955738
0.897396 0.940574
0.905646 0.932633
0.899767 0.910395
