-1.06144 1.07398
-1.05194 1.08329
-1.06307 1.11422
-1.05321 1.12354
-1.0636 1.15484
-1.0668 1.179
-1.06302 1.19582
-1.0656 1.2202
-1.06784 1.24472
-1.06328 1.26172
-1.06487 1.28645
-1.07243 1.31905
-1.06701 1.33626
-1.07371 1.36922
-1.06771 1.38654
-1.07355 1.41982
-1.07292 1.44528
-1.07782 1.47892
-1.09966 1.53716
-1.09757 1.56315
-1.09511 1.58923
-1.09787 1.62366
-1.09458 1.64994
-1.14001 1.75171
-1.73792 2.7226
-1.71918 2.74628
-1.70015 2.76984
-1.66022 2.759
-1.63077 2.7649
-1.59635 2.76184
-1.56703 2.76709
-1.52805 2.75456
-1.50372 2.76791
-1.46989 2.76339
-1.44088 2.76736
-1.41191 2.77103
-1.38298 2.77441
-1.34973 2.76851
-1.32529 2.78029
-1.2923 2.77373
-1.26368 2.7759
-1.23512 2.77778
-1.20662 2.77938
-1.17819 2.7807
-1.14601 2.77248
-1.12155 2.78247
-1.11528 2.83878
-1.11883 2.9232
-1.1105 2.9798
-1.10807 3.05527
-1.11771 3.16865
-1.11246 3.24458
-1.11544 3.34913
-1.11973 3.46349
-1.11911 3.56864
-1.11671 3.67404
-1.12102 3.80844
-0.156917 3.95689
-0.121442 3.93813
-0.08697 3.94904
-0.0523153 3.95965
-0.0175243 3.97996
0.0528516 3.99965
0.0876384 3.97903
0.122991 3.9881
0.15851 3.99686
0.861951 3.77279
0.862766 3.62885
0.865912 3.50461
0.869422 3.3903
0.870988 3.2762
0.873268 3.17199
0.871043 3.05838
0.864063 2.93547
0.872437 2.87034
0.873747 2.78621
0.876721 2.7118
0.881613 2.64705
0.878947 2.5635
0.881534 2.49908
0.883055 2.43481
0.883514 2.37072
0.886488 2.31615
0.884914 2.2524
0.886027 2.19815
0.886254 2.14405
0.889499 2.09933
0.888044 2.04555
0.889776 2.0011
0.890794 1.95678
0.891102 1.9126
0.890702 1.86857
0.880833 1.80672
0.878867 1.76309
0.885283 1.73746
0.886698 1.70299
0.892271 1.67745
0.89269 1.64317
0.892576 1.60901
0.887002 1.56628
0.89576 1.54975
0.894134 1.51596
0.891984 1.48232
0.894544 1.45736
0.891427 1.42399
0.898555 1.40766
0.894555 1.37454
0.901099 1.35828
0.896224 1.32544
0.896515 1.30102
0.896447 1.27671
0.896021 1.2525
0.895239 1.22839
0.900063 1.21243
0.898645 1.1885
0.896876 1.16469
0.894759 1.14101
0.898534 1.12527
0.902102 1.10955
0.892711 1.07846
0.902176 1.07055
0.898548 1.04738
0.894583 1.02436
0.896927 1.00897
0.89236 0.986202
0.894237 0.970948
0.902755 0.963034
0.897396 0.940574
0.891713 0.918285
0.892737 0.903283
