-1.06144 1.07398
-1.05891 1.09047
-1.06997 1.12146
-1.06689 1.13813
-1.0636 1.15484
-1.0668 1.179
-1.06967 1.20329
-1.0656 1.2202
-1.06784 1.24472
-1.06972 1.26937
-1.07125 1.29415
-1.06612 1.31129
-1.06701 1.33626
-1.07371 1.36922
-1.06771 1.38654
-1.06752 1.41185
-1.07292 1.44528
-1.07782 1.47892
-1.09966 1.53716
-1.09757 1.56315
-1.09511 1.58923
-1.10347 1.63195
-1.10011 1.65827
-1.14001 1.75171
-1.73792 2.7226
-1.71387 2.7378
-1.69492 2.76131
-1.66538 2.76757
-1.63077 2.7649
-1.60135 2.7705
-1.56703 2.76709
-1.53775 2.77204
-1.50372 2.76791
-1.47459 2.77222
-1.4455 2.77623
-1.41191 2.77103
-1.38298 2.77441
-1.34973 2.76851
-1.32529 2.78029
-1.2923 2.77373
-1.26368 2.7759
-1.23918 2.78692
-1.20662 2.77938
-1.17819 2.7807
-1.14983 2.78172
-1.12529 2.79174
-1.11894 2.84808
-1.1224 2.93254
-1.11399 2.98917
-1.11489 3.07407
-1.11439 3.15922
-1.11571 3.25404
-1.1186 3.35862
-1.11973 3.46349
-1.11911 3.56864
-1.11671 3.67404
-1.12384 3.81803
-0.0116256 0.879923
-0.00387472 0.879991
0.00378837 0.859992
0.011231 0.849926
0.0184966 0.839796
0.0258928 0.839601
0.0328908 0.829348
0.0397103 0.819038
0.0469229 0.818656
0.0534717 0.808233
0.0613366 0.817703
0.0677008 0.807166
0.0757313 0.816495
0.0839314 0.825745
0.0901026 0.815035
0.0996506 0.834068
0.106993 0.833158
0.115689 0.84209
0.125998 0.860828
0.214131 0.976805
0.213817 0.935886
0.217426 0.914509
0.220676 0.893142
0.223566 0.87179
0.231236 0.869787
0.236234 0.858076
0.243783 0.855961
0.251312 0.853781
0.258823 0.851534
0.266313 0.849222
0.276859 0.856358
0.281231 0.844399
0.285415 0.832429
0.299389 0.848744
0.313672 0.864876
0.331754 0.890191
0.378902 0.989966
0.884914 2.2524
0.886027 2.19815
0.886254 2.14405
0.889499 2.09933
0.888044 2.04555
0.893839 2.01024
0.890794 1.95678
0.891102 1.9126
0.890702 1.86857
0.889597 1.8247
0.883329 1.77204
0.889823 1.74637
0.895934 1.72073
0.892271 1.67745
0.89269 1.64317
0.892576 1.60901
0.89193 1.57498
0.89576 1.54975
0.894134 1.51596
0.89714 1.49089
0.894544 1.45736
0.896733 1.43247
0.898555 1.40766
0.900009 1.38293
0.895571 1.34995
0.896224 1.32544
0.896515 1.30102
0.902193 1.28489
0.896021 1.2525
0.901128 1.23647
0.894102 1.2044
0.898645 1.1885
0.902977 1.17262
0.900929 1.14888
0.898534 1.12527
0.902102 1.10955
0.899088 1.08616
0.902176 1.07055
0.898548 1.04738
0.90116 1.0319
0.896927 1.00897
0.899069 0.993617
0.901012 0.978303
0.895916 0.955738
0.904299 0.947809
0.905646 0.932633
0.892737 0.903283
