-1.06847 1.0811
-1.05891 1.09047
-1.05616 1.10699
-1.06005 1.13084
-1.0636 1.15484
-1.0668 1.179
-1.06967 1.20329
-1.0656 1.2202
-1.06133 1.23713
-1.06972 1.26937
-1.07125 1.29415
-1.06612 1.31129
-1.07325 1.34408
-1.07988 1.37708
-1.06771 1.38654
-1.06752 1.41185
-1.07292 1.44528
-1.08371 1.487
-1.09966 1.53716
-1.09757 1.56315
-1.08943 1.58099
-1.09787 1.62366
-1.10011 1.65827
-1.13455 1.74333
-1.73792 2.7226
-1.71918 2.74628
-1.69492 2.76131
-1.66538 2.76757
-1.63585 2.77351
-1.60135 2.7705
-1.57196 2.7758
-1.53775 2.77204
-1.5085 2.77669
-1.47459 2.77222
-1.44088 2.76736
-1.41645 2.77994
-1.38298 2.77441
-1.35411 2.7775
-1.32529 2.78029
-1.29653 2.78279
-1.26368 2.7759
-1.23512 2.77778
-1.2106 2.78856
-1.17819 2.7807
-1.14983 2.78172
-1.12155 2.78247
-1.11894 2.84808
-1.12598 2.94188
-1.1105 2.9798
-1.11489 3.07407
-1.11439 3.15922
-1.11571 3.25404
-1.11544 3.34913
-1.11666 3.45398
-1.11911 3.56864
-1.11962 3.68361
-1.12102 3.80844
-0.228955 1.91637
-0.209869 1.89843
-0.192128 1.89026
-0.174548 1.88192
-0.157965 1.88339
-0.140622 1.87473
-0.124103 1.8759
-0.108148 1.8869
-0.0915236 1.88778
-0.0752885 1.89851
-0.0597963 1.93908
-0.0477785 2.16947
-0.0286677 2.16981
-0.00959875 2.17998
0.00955901 2.16998
0.028672 2.16981
0.048003 2.17947
0.861951 3.77279
0.865079 3.63858
0.865912 3.50461
0.871906 3.39998
0.876127 3.29553
0.873268 3.17199
0.873782 3.068
0.864063 2.93547
0.878253 2.88948
0.876739 2.79575
0.876721 2.7118
0.881613 2.64705
0.878947 2.5635
0.881534 2.49908
0.883055 2.43481
0.883514 2.37072
0.886488 2.31615
0.888571 2.26171
0.886027 2.19815
0.886254 2.14405
0.889499 2.09933
0.888044 2.04555
0.893839 2.01024
0.890794 1.95678
0.891102 1.9126
0.890702 1.86857
0.889597 1.8247
0.883329 1.77204
0.885283 1.73746
0.895934 1.72073
0.892271 1.67745
0.89269 1.64317
0.892576 1.60901
0.896858 1.58368
0.89576 1.54975
0.899215 1.52457
0.891984 1.48232
0.899775 1.46588
0.902039 1.44095
0.898555 1.40766
0.900009 1.38293
0.890042 1.34161
0.896224 1.32544
0.902189 1.30926
0.896447 1.27671
0.896021 1.2525
0.901128 1.23647
0.900063 1.21243
0.898645 1.1885
0.902977 1.17262
0.900929 1.14888
0.904774 1.13309
0.902102 1.10955
0.899088 1.08616
0.902176 1.07055
0.898548 1.04738
0.894583 1.02436
0.896927 1.00897
0.899069 0.993617
0.894237 0.970948
0.895916 0.955738
0.897396 0.940574
0.905646 0.932633
0.899767 0.910395
