-1.06847 1.0811
-1.06587 1.09764
-1.06307 1.11422
-1.06689 1.13813
-1.0636 1.15484
-1.0668 1.179
-1.05638 1.18835
-1.07218 1.22773
-1.06784 1.24472
-1.06972 1.26937
-1.07125 1.29415
-1.07243 1.31905
-1.07325 1.34408
-1.07371 1.36922
-1.07381 1.39447
-1.06752 1.41185
-1.06696 1.43725
-1.07782 1.47892
-1.09384 1.52902
-1.09757 1.56315
-1.09511 1.58923
-1.09787 1.62366
-1.10011 1.65827
-1.14001 1.75171
-1.73792 2.7226
-1.71387 2.7378
-1.70015 2.76984
-1.66022 2.759
-1.62569 2.75629
-1.60135 2.7705
-1.5621 2.75839
-1.53775 2.77204
-1.5085 2.77669
-1.47459 2.77222
-1.4455 2.77623
-1.41191 2.77103
-1.38744 2.78336
-1.35411 2.7775
-1.32529 2.78029
-1.2923 2.77373
-1.26368 2.7759
-1.23512 2.77778
-1.2106 2.78856
-1.17819 2.7807
-1.14983 2.78172
-1.12155 2.78247
-1.11894 2.84808
-1.12598 2.94188
-1.1105 2.9798
-1.11148 3.06467
-1.11439 3.15922
-1.11571 3.25404
-1.11544 3.34913
-1.11666 3.45398
-1.11911 3.56864
-1.11962 3.68361
-1.12102 3.80844
0.861951 3.77279
0.865079 3.63858
0.86831 3.51432
0.869422 3.3903
0.868419 3.26653
0.870614 3.16235
0.871043 3.05838
0.864063 2.93547
0.875345 2.87991
0.873747 2.78621
0.876721 2.7118
0.881613 2.64705
0.878947 2.5635
0.881534 2.49908
0.344357 0.949483
0.331754 0.890191
0.332433 0.868555
0.34007 0.865593
0.347681 0.862565
0.355266 0.859469
0.358921 0.847099
0.362386 0.834731
0.373787 0.840645
0.38532 0.846421
0.367421 0.788607
0.335627 0.704098
0.337433 0.692126
0.334594 0.671228
0.345033 0.677165
0.346366 0.66523
0.352212 0.662153
0.353257 0.650238
0.35412 0.638357
0.364657 0.643914
0.36531 0.63202
0.370863 0.628777
0.381542 0.634055
0.387112 0.630669
0.392652 0.627235
0.398162 0.623752
0.403641 0.620221
0.409088 0.616642
0.425706 0.629583
0.425561 0.617574
0.436731 0.621986
0.44801 0.626248
0.447619 0.614196
0.458973 0.618259
0.4644 0.614192
0.481995 0.625924
0.506001 0.645262
0.592783 0.742367
0.895794 1.1018
0.892711 1.07846
0.902176 1.07055
0.898548 1.04738
0.894583 1.02436
0.896927 1.00897
0.899069 0.993617
0.901012 0.978303
0.895916 0.955738
0.897396 0.940574
0.89868 0.925459
0.892737 0.903283
