-1.06144 1.07398
-1.05891 1.09047
-1.06307 1.11422
-1.06005 1.13084
-1.0636 1.15484
-1.06009 1.17158
-1.06967 1.20329
-1.07218 1.22773
-1.06133 1.23713
-1.06972 1.26937
-1.07125 1.29415
-1.06612 1.31129
-1.06701 1.33626
-1.07371 1.36922
-1.06771 1.38654
-1.07355 1.41982
-1.07292 1.44528
-1.07193 1.47084
-1.09384 1.52902
-1.10332 1.57133
-1.08943 1.58099
-1.10347 1.63195
-1.09458 1.64994
-1.14001 1.75171
-1.73792 2.7226
-1.71918 2.74628
-1.68969 2.75279
-1.66538 2.76757
-1.63585 2.77351
-1.60135 2.7705
-1.57196 2.7758
-1.53775 2.77204
-1.5085 2.77669
-1.47929 2.78105
-1.4455 2.77623
-1.40737 2.76212
-1.38298 2.77441
-1.35411 2.7775
-1.32529 2.78029
-1.2923 2.77373
-1.26368 2.7759
-1.23918 2.78692
-1.20662 2.77938
-1.17429 2.77149
-0.95883 2.31964
-0.863592 2.1425
-0.811777 2.06626
-0.793546 2.07333
-0.775253 2.08024
-0.763719 2.10579
-0.745141 2.11243
-0.703803 2.0527
-0.673055 2.02087
-0.649077 2.00769
-0.631368 2.01332
-0.619426 2.03794
-0.604275 2.05291
-0.591648 2.07739
0.864178 3.78254
0.865079 3.63858
0.86831 3.51432
0.871906 3.39998
0.870988 3.2762
0.873268 3.17199
0.871043 3.05838
0.864063 2.93547
0.875345 2.87991
0.879731 2.80529
0.876721 2.7118
0.878453 2.63756
0.882191 2.57296
0.881534 2.49908
0.886464 2.44421
0.883514 2.37072
0.886488 2.31615
0.888571 2.26171
0.886027 2.19815
0.890074 2.15329
0.889499 2.09933
0.892027 2.05472
0.893839 2.01024
0.894937 1.96588
0.891102 1.9126
0.886399 1.85954
0.889597 1.8247
0.878867 1.76309
0.889823 1.74637
0.891316 1.71186
0.892271 1.67745
0.89269 1.64317
0.892576 1.60901
0.89193 1.57498
0.89576 1.54975
0.894134 1.51596
0.89714 1.49089
0.894544 1.45736
0.891427 1.42399
0.893174 1.39923
0.900009 1.38293
0.895571 1.34995
0.901825 1.33372
0.902189 1.30926
0.896447 1.27671
0.901839 1.26063
0.907018 1.24456
0.900063 1.21243
0.898645 1.1885
0.902977 1.17262
0.900929 1.14888
0.898534 1.12527
0.902102 1.10955
0.892711 1.07846
0.895731 1.0629
0.898548 1.04738
0.894583 1.02436
0.724185 0.814651
0.677657 0.74892
0.677453 0.735566
0.677066 0.722275
0.676499 0.709048
0.668785 0.688714
0.688884 0.697021
