-1.06144 1.07398
-1.05891 1.09047
-1.06307 1.11422
-1.06005 1.13084
-1.05682 1.14749
-1.0668 1.179
-1.06302 1.19582
-1.0656 1.2202
-1.06784 1.24472
-1.06328 1.26172
-1.07125 1.29415
-1.06612 1.31129
-1.06701 1.33626
-1.06754 1.36135
-1.06771 1.38654
-1.07355 1.41982
-1.07292 1.44528
-1.08371 1.487
-1.09966 1.53716
-1.09757 1.56315
-1.09511 1.58923
-1.09787 1.62366
-1.10011 1.65827
-1.13455 1.74333
-1.7433 2.73103
-1.71918 2.74628
-1.69492 2.76131
-1.66538 2.76757
-1.63077 2.7649
-1.60135 2.7705
-1.56703 2.76709
-1.53775 2.77204
-1.50372 2.76791
-1.46989 2.76339
-1.4455 2.77623
-1.41191 2.77103
-1.38298 2.77441
-1.35411 2.7775
-1.32529 2.78029
-1.2923 2.77373
-1.26782 2.785
-1.23512 2.77778
-1.20662 2.77938
-1.17819 2.7807
-1.14983 2.78172
-1.12155 2.78247
-1.11894 2.84808
-1.1224 2.93254
-1.11399 2.98917
-1.11148 3.06467
-1.11106 3.14979
-1.11571 3.25404
-1.11544 3.34913
-1.11973 3.46349
-1.1221 3.57818
-1.12253 3.69317
-1.12384 3.81803
0.861951 3.77279
0.865079 3.63858
0.86831 3.51432
0.869422 3.3903
0.873558 3.28586
0.873268 3.17199
0.871043 3.05838
0.864063 2.93547
0.875345 2.87991
0.873747 2.78621
0.876721 2.7118
0.878453 2.63756
0.878947 2.5635
0.881534 2.49908
0.886464 2.44421
0.887006 2.38009
0.882914 2.30681
0.884914 2.2524
0.407498 1.01096
0.359086 0.86871
0.339414 0.801061
0.346457 0.79804
0.345347 0.776682
0.356318 0.782712
0.363198 0.779543
0.361444 0.75826
0.372491 0.764035
0.374745 0.751775
0.381353 0.748445
0.38793 0.745057
0.394478 0.741611
0.396221 0.729321
0.40748 0.734547
0.418862 0.739631
0.420356 0.727255
0.431826 0.732138
0.438258 0.728306
0.444656 0.724418
0.456326 0.728949
0.462729 0.724901
0.47455 0.729179
0.475426 0.716638
0.492923 0.72899
0.499325 0.72462
0.53442 0.761114
0.570195 0.797043
0.694988 0.95362
0.894102 1.2044
0.892614 1.18053
0.896876 1.16469
0.900929 1.14888
0.898534 1.12527
0.889486 1.09404
0.899088 1.08616
0.895731 1.0629
0.898548 1.04738
0.894583 1.02436
0.896927 1.00897
0.899069 0.993617
0.894237 0.970948
0.902755 0.963034
0.904299 0.947809
0.89868 0.925459
0.899767 0.910395
