-1.05441 1.06687
-1.05891 1.09047
-1.05616 1.10699
-1.06005 1.13084
-1.07037 1.1622
-1.06009 1.17158
-1.06302 1.19582
-1.0656 1.2202
-1.06133 1.23713
-1.06972 1.26937
-1.06487 1.28645
-1.06612 1.31129
-1.06701 1.33626
-1.07371 1.36922
-1.07381 1.39447
-1.07355 1.41982
-1.061 1.42922
-1.08371 1.487
-1.09966 1.53716
-1.09757 1.56315
-1.10078 1.59746
-1.09787 1.62366
-1.09458 1.64994
-1.1291 1.73495
-1.7433 2.73103
-1.71918 2.74628
-1.69492 2.76131
-1.66538 2.76757
-1.63077 2.7649
-1.60135 2.7705
-1.56703 2.76709
-1.53775 2.77204
-1.50372 2.76791
-1.47459 2.77222
-1.44088 2.76736
-1.41191 2.77103
-1.38298 2.77441
-1.35411 2.7775
-1.32099 2.77126
-1.2923 2.77373
-1.26782 2.785
-1.23105 2.76865
-1.20662 2.77938
-1.17819 2.7807
-1.14983 2.78172
-1.12529 2.79174
-1.11894 2.84808
-1.1224 2.93254
-1.1105 2.9798
-1.11148 3.06467
-1.11439 3.15922
-1.11571 3.25404
-1.1186 3.35862
-1.11666 3.45398
-1.11911 3.56864
-1.11962 3.68361
-1.12102 3.80844
-0.347173 2.11165
-0.327025 2.10475
-0.307025 2.09765
-0.284454 2.07055
-0.266205 2.07298
-0.24675 2.06531
-0.22745 2.05747
-0.211341 2.07929
-0.197636 2.13085
-0.143907 2.17524
-0.12417 2.16644
-0.104114 2.14748
-0.0855912 2.1583
-0.0659609 2.13898
-0.0473381 2.14948
-0.0282714 2.13981
-0.00951069 2.15998
0.864178 3.78254
0.865079 3.63858
0.86831 3.51432
0.871906 3.39998
0.870988 3.2762
0.873268 3.17199
0.871043 3.05838
0.864063 2.93547
0.875345 2.87991
0.876739 2.79575
0.876721 2.7118
0.878453 2.63756
0.878947 2.5635
0.881534 2.49908
0.883055 2.43481
0.883514 2.37072
0.886488 2.31615
0.884914 2.2524
0.886027 2.19815
0.890074 2.15329
0.889499 2.09933
0.892027 2.05472
0.889776 2.0011
0.890794 1.95678
0.891102 1.9126
0.890702 1.86857
0.885215 1.81571
0.883329 1.77204
0.889823 1.74637
0.886698 1.70299
0.892271 1.67745
0.887916 1.63438
0.892576 1.60901
0.89193 1.57498
0.89576 1.54975
0.894134 1.51596
0.89714 1.49089
0.894544 1.45736
0.896733 1.43247
0.893174 1.39923
0.900009 1.38293
0.901099 1.35828
0.896224 1.32544
0.896515 1.30102
0.896447 1.27671
0.896021 1.2525
0.901128 1.23647
0.900063 1.21243
0.898645 1.1885
0.896876 1.16469
0.900929 1.14888
0.898534 1.12527
0.902102 1.10955
0.892711 1.07846
0.902176 1.07055
0.898548 1.04738
0.894583 1.02436
0.903571 1.01644
0.899069 0.993617
0.901012 0.978303
0.902755 0.963034
0.897396 0.940574
0.891713 0.918285
0.899767 0.910395
