-1.06144 1.07398
-1.05891 1.09047
-1.06997 1.12146
-1.06005 1.13084
-1.0636 1.15484
-1.06009 1.17158
-1.06302 1.19582
-1.0656 1.2202
-1.06133 1.23713
-1.06328 1.26172
-1.06487 1.28645
-1.06612 1.31129
-1.06701 1.33626
-1.06137 1.35348
-1.06771 1.38654
-1.06752 1.41185
-1.07292 1.44528
-1.08371 1.487
-1.09384 1.52902
-1.09757 1.56315
-1.09511 1.58923
-1.10347 1.63195
-1.10011 1.65827
-1.13455 1.74333
-1.73792 2.7226
-1.71918 2.74628
-1.69492 2.76131
-1.66022 2.759
-1.63585 2.77351
-1.59635 2.76184
-1.5621 2.75839
-1.5329 2.7633
-1.50372 2.76791
-1.47459 2.77222
-1.44088 2.76736
-1.40737 2.76212
-1.37852 2.76546
-1.35411 2.7775
-1.32099 2.77126
-1.29653 2.78279
-1.26368 2.7759
-1.23512 2.77778
-0.65707 1.51353
-0.592997 1.39956
-0.576826 1.39548
-0.560774 1.39123
-0.544841 1.38681
-0.532605 1.39156
-0.520327 1.39619
-0.514828 1.41953
-0.502305 1.424
-0.492986 1.43783
-0.486622 1.4611
-1.12281 3.47301
-1.11911 3.56864
-1.12253 3.69317
-1.12102 3.80844
-0.41407 1.50404
-0.395667 1.4883
-0.375091 1.46267
-0.362193 1.46592
-0.344641 1.44959
-0.329632 1.44282
-0.314769 1.4359
-0.30211 1.43862
-0.287458 1.43142
-0.272956 1.42408
-0.260402 1.42643
-0.247828 1.42866
-0.238479 1.45053
-0.225693 1.45257
-0.214338 1.4644
0.861951 3.77279
0.865079 3.63858
0.865912 3.50461
0.866938 3.38061
0.873558 3.28586
0.870614 3.16235
0.871043 3.05838
0.866887 2.94506
0.872437 2.87034
0.873747 2.78621
0.876721 2.7118
0.878453 2.63756
0.875704 2.55404
0.881534 2.49908
0.883055 2.43481
0.883514 2.37072
0.882914 2.30681
0.884914 2.2524
0.886027 2.19815
0.886254 2.14405
0.889499 2.09933
0.892027 2.05472
0.889776 2.0011
0.886651 1.94768
0.891102 1.9126
0.886399 1.85954
0.889597 1.8247
0.878867 1.76309
0.889823 1.74637
0.891316 1.71186
0.892271 1.67745
0.887916 1.63438
0.887725 1.60026
0.89193 1.57498
0.890755 1.54109
0.894134 1.51596
0.89714 1.49089
0.899775 1.46588
0.896733 1.43247
0.893174 1.39923
0.894555 1.37454
0.895571 1.34995
0.890622 1.31715
0.902189 1.30926
0.896447 1.27671
0.896021 1.2525
0.895239 1.22839
0.894102 1.2044
0.898645 1.1885
0.902977 1.17262
0.894759 1.14101
0.892294 1.11746
0.902102 1.10955
0.892711 1.07846
0.895731 1.0629
0.892036 1.03979
0.894583 1.02436
0.896927 1.00897
0.899069 0.993617
0.901012 0.978303
0.895916 0.955738
0.890493 0.933339
0.89868 0.925459
0.906796 0.917508
