-1.05441 1.06687
-1.06587 1.09764
-1.06307 1.11422
-1.06005 1.13084
-1.07037 1.1622
-1.06009 1.17158
-1.05638 1.18835
-1.0656 1.2202
-1.06784 1.24472
-1.06972 1.26937
-1.07125 1.29415
-1.07243 1.31905
-1.06701 1.33626
-1.06754 1.36135
-1.07991 1.40239
-1.07355 1.41982
-1.07292 1.44528
-1.07782 1.47892
-1.10548 1.54529
-1.09757 1.56315
-1.09511 1.58923
-1.10347 1.63195
-1.09458 1.64994
-1.13455 1.74333
-1.73792 2.7226
-1.71918 2.74628
-1.70015 2.76984
-1.66538 2.76757
-1.63585 2.77351
-1.60135 2.7705
-1.57196 2.7758
-1.5329 2.7633
-1.50372 2.76791
-1.47459 2.77222
-1.4455 2.77623
-1.41645 2.77994
-1.38744 2.78336
-1.35849 2.78648
-1.32959 2.78932
-1.29653 2.78279
-1.26782 2.785
-1.23918 2.78692
-1.20662 2.77938
-1.17819 2.7807
-1.14983 2.78172
-1.12902 2.80102
-1.11894 2.84808
-1.1224 2.93254
-1.1105 2.9798
-1.11489 3.07407
-1.11439 3.15922
-1.11571 3.25404
-1.1186 3.35862
-1.11666 3.45398
-1.1221 3.57818
-1.12253 3.69317
-1.12102 3.80844
-0.268103 2.24404
-0.243932 2.20656
-0.221453 2.17877
-0.20133 2.17068
-0.182203 2.17237
-0.161565 2.15395
-0.144567 2.18522
-0.126458 2.20638
-0.112831 2.32727
-0.0970826 2.44808
-0.0748995 2.42885
-0.0532829 2.41941
-0.0321025 2.42979
-0.0107436 2.43998
0.0108365 2.45998
0.0331644 2.50978
0.861951 3.77279
0.867392 3.64831
0.865912 3.50461
0.871906 3.39998
0.870988 3.2762
0.870614 3.16235
0.871043 3.05838
0.864063 2.93547
0.878253 2.88948
0.873747 2.78621
0.879797 2.72132
0.881613 2.64705
0.882191 2.57296
0.881534 2.49908
0.883055 2.43481
0.887006 2.38009
0.882914 2.30681
0.884914 2.2524
0.889766 2.20742
0.890074 2.15329
0.885598 2.09012
0.892027 2.05472
0.889776 2.0011
0.890794 1.95678
0.891102 1.9126
0.890702 1.86857
0.889597 1.8247
0.883329 1.77204
0.889823 1.74637
0.891316 1.71186
0.892271 1.67745
0.897464 1.65196
0.892576 1.60901
0.896858 1.58368
0.89576 1.54975
0.894134 1.51596
0.89714 1.49089
0.894544 1.45736
0.896733 1.43247
0.893174 1.39923
0.905464 1.39131
0.895571 1.34995
0.896224 1.32544
0.896515 1.30102
0.896447 1.27671
0.901839 1.26063
0.895239 1.22839
0.900063 1.21243
0.898645 1.1885
0.896876 1.16469
0.894759 1.14101
0.898534 1.12527
0.895794 1.1018
0.892711 1.07846
0.902176 1.07055
0.892036 1.03979
0.894583 1.02436
0.903571 1.01644
0.899069 0.993617
0.894237 0.970948
0.895916 0.955738
0.897396 0.940574
0.905646 0.932633
0.899767 0.910395
