-1.06144 1.07398
-1.06587 1.09764
-1.06307 1.11422
-1.06689 1.13813
-1.0636 1.15484
-1.07351 1.18641
-1.06967 1.20329
-1.07218 1.22773
-1.06784 1.24472
-1.06972 1.26937
-1.06487 1.28645
-1.06612 1.31129
-1.06701 1.33626
-1.07371 1.36922
-1.07381 1.39447
-1.07355 1.41982
-1.07888 1.45331
-1.07782 1.47892
-1.09384 1.52902
-1.09757 1.56315
-0.703592 1.02106
-0.616152 0.911239
-0.580461 0.874966
-0.567277 0.871663
-0.554197 0.868197
-0.546528 0.873045
-0.533586 0.869302
-0.520752 0.8654
-0.513109 0.869953
-0.505427 0.874439
-0.502633 0.887559
-0.494796 0.891951
-0.48692 0.896275
-0.479007 0.900529
-0.475674 0.913583
-0.472149 0.926647
-0.463969 0.93077
-1.35849 2.78648
-1.32529 2.78029
-1.29653 2.78279
-1.26368 2.7759
-1.23512 2.77778
-1.2106 2.78856
-1.17819 2.7807
-1.14983 2.78172
-1.12529 2.79174
-1.12259 2.85739
-1.12598 2.94188
-1.1105 2.9798
-1.10807 3.05527
-1.11106 3.14979
-1.11571 3.25404
-1.11544 3.34913
-1.11973 3.46349
-1.11911 3.56864
-1.12253 3.69317
-1.12102 3.80844
0.861951 3.77279
0.865079 3.63858
0.86831 3.51432
0.871906 3.39998
0.870988 3.2762
0.873268 3.17199
0.871043 3.05838
0.866887 2.94506
0.875345 2.87991
0.876739 2.79575
0.879797 2.72132
0.878453 2.63756
0.882191 2.57296
0.88486 2.50851
0.883055 2.43481
0.883514 2.37072
0.886488 2.31615
0.884914 2.2524
0.886027 2.19815
0.886254 2.14405
0.889499 2.09933
0.892027 2.05472
0.889776 2.0011
0.894937 1.96588
0.891102 1.9126
0.890702 1.86857
0.885215 1.81571
0.878867 1.76309
0.889823 1.74637
0.891316 1.71186
0.892271 1.67745
0.89269 1.64317
0.892576 1.60901
0.89193 1.57498
0.890755 1.54109
0.894134 1.51596
0.89714 1.49089
0.889312 1.44884
0.896733 1.43247
0.898555 1.40766
0.900009 1.38293
0.895571 1.34995
0.901825 1.33372
0.896515 1.30102
0.896447 1.27671
0.896021 1.2525
0.901128 1.23647
0.900063 1.21243
0.898645 1.1885
0.902977 1.17262
0.900929 1.14888
0.904774 1.13309
0.895794 1.1018
0.899088 1.08616
0.902176 1.07055
0.905059 1.05497
0.90116 1.0319
0.903571 1.01644
0.905779 1.00103
0.901012 0.978303
0.895916 0.955738
0.897396 0.940574
0.905646 0.932633
0.899767 0.910395
