-1.06144 1.07398
-1.05891 1.09047
-1.05616 1.10699
-1.06005 1.13084
-1.0636 1.15484
-1.0668 1.179
-1.06967 1.20329
-1.0656 1.2202
-1.06133 1.23713
-1.06972 1.26937
-1.06487 1.28645
-1.06612 1.31129
-1.07325 1.34408
-1.07371 1.36922
-1.06771 1.38654
-1.06752 1.41185
-1.07292 1.44528
-1.08371 1.487
-1.09384 1.52902
-1.09757 1.56315
-1.09511 1.58923
-1.09787 1.62366
-1.09458 1.64994
-1.13455 1.74333
-1.73254 2.71417
-1.71387 2.7378
-1.69492 2.76131
-1.66538 2.76757
-1.63077 2.7649
-1.59635 2.76184
-1.56703 2.76709
-1.53775 2.77204
-1.50372 2.76791
-1.46989 2.76339
-1.44088 2.76736
-1.42099 2.78885
-1.38744 2.78336
-1.35411 2.7775
-1.32529 2.78029
-1.2923 2.77373
-1.26368 2.7759
-1.23512 2.77778
-1.20662 2.77938
-1.17429 2.77149
-1.14983 2.78172
-1.12155 2.78247
-1.11894 2.84808
-1.1224 2.93254
-1.1105 2.9798
-1.11148 3.06467
-1.11439 3.15922
-1.11246 3.24458
-1.1186 3.35862
-1.11666 3.45398
-1.11611 3.5591
-1.11962 3.68361
-1.12102 3.80844
-0.427317 2.22942
-0.402276 2.20358
-0.381142 2.19719
-0.360152 2.19059
-0.340843 2.19368
-0.320059 2.1867
-0.302147 2.19934
-0.285311 2.22176
-0.269289 2.25397
-0.264809 2.39541
-0.250778 2.46729
-0.230883 2.48932
-0.213963 2.55104
0.864178 3.78254
0.865079 3.63858
0.865912 3.50461
0.869422 3.3903
0.870988 3.2762
0.873268 3.17199
0.868304 3.04876
0.864063 2.93547
0.872437 2.87034
0.873747 2.78621
0.876721 2.7118
0.878453 2.63756
0.882191 2.57296
0.878207 2.48965
0.883055 2.43481
0.887006 2.38009
0.882914 2.30681
0.884914 2.2524
0.886027 2.19815
0.890074 2.15329
0.889499 2.09933
0.888044 2.04555
0.889776 2.0011
0.886651 1.94768
0.886879 1.90354
0.890702 1.86857
0.889597 1.8247
0.878867 1.76309
0.889823 1.74637
0.891316 1.71186
0.887575 1.66863
0.89269 1.64317
0.892576 1.60901
0.89193 1.57498
0.890755 1.54109
0.894134 1.51596
0.89714 1.49089
0.899775 1.46588
0.891427 1.42399
0.898555 1.40766
0.894555 1.37454
0.895571 1.34995
0.896224 1.32544
0.902189 1.30926
0.896447 1.27671
0.896021 1.2525
0.901128 1.23647
0.900063 1.21243
0.898645 1.1885
0.896876 1.16469
0.900929 1.14888
0.898534 1.12527
0.895794 1.1018
0.892711 1.07846
0.895731 1.0629
0.898548 1.04738
0.894583 1.02436
0.896927 1.00897
0.899069 0.993617
0.901012 0.978303
0.889077 0.948442
0.897396 0.940574
0.891713 0.918285
0.892737 0.903283
