-1.0755 1.08821
-1.05891 1.09047
-0.897394 0.940576
-0.786489 0.839008
-0.745196 0.809125
-0.724622 0.800827
-0.724184 0.814652
-0.71698 0.820999
-0.709721 0.827283
-0.695962 0.825855
-0.688661 0.831953
-0.674998 0.830227
-0.673899 0.843955
-0.67261 0.857727
-0.665029 0.863618
-0.669459 0.885395
-0.721241 0.971551
-1.08371 1.487
-1.10548 1.54529
-1.09757 1.56315
-1.10078 1.59746
-1.10347 1.63195
-1.10564 1.6666
-1.13455 1.74333
-1.73792 2.7226
-1.71918 2.74628
-1.69492 2.76131
-1.66538 2.76757
-1.63585 2.77351
-1.60135 2.7705
-1.57196 2.7758
-1.53775 2.77204
-1.50372 2.76791
-1.47459 2.77222
-1.44088 2.76736
-1.41191 2.77103
-1.38298 2.77441
-1.35411 2.7775
-1.32529 2.78029
-1.29653 2.78279
-1.26782 2.785
-1.23512 2.77778
-1.20662 2.77938
-1.17819 2.7807
-1.14983 2.78172
-1.12529 2.79174
-1.11894 2.84808
-1.12598 2.94188
-1.1105 2.9798
-1.11148 3.06467
-1.11439 3.15922
-1.11571 3.25404
-1.1186 3.35862
-1.11973 3.46349
-1.11911 3.56864
-1.11962 3.68361
-1.12384 3.81803
0.861951 3.77279
0.865079 3.63858
0.870709 3.52403
0.871906 3.39998
0.870988 3.2762
0.873268 3.17199
0.871043 3.05838
0.864063 2.93547
0.875345 2.87991
0.876739 2.79575
0.876721 2.7118
0.881613 2.64705
0.882191 2.57296
0.881534 2.49908
0.886464 2.44421
0.883514 2.37072
0.886488 2.31615
0.881258 2.2431
0.886027 2.19815
0.886254 2.14405
0.889499 2.09933
0.884062 2.03638
0.889776 2.0011
0.890794 1.95678
0.895325 1.92166
0.890702 1.86857
0.889597 1.8247
0.883329 1.77204
0.894363 1.75528
0.891316 1.71186
0.896967 1.68628
0.89269 1.64317
0.887725 1.60026
0.89193 1.57498
0.89576 1.54975
0.894134 1.51596
0.89714 1.49089
0.899775 1.46588
0.896733 1.43247
0.898555 1.40766
0.900009 1.38293
0.901099 1.35828
0.896224 1.32544
0.896515 1.30102
0.896447 1.27671
0.901839 1.26063
0.895239 1.22839
0.900063 1.21243
0.904676 1.19648
0.896876 1.16469
0.900929 1.14888
0.898534 1.12527
0.895794 1.1018
0.892711 1.07846
0.902176 1.07055
0.898548 1.04738
0.90116 1.0319
0.896927 1.00897
0.899069 0.993617
0.901012 0.978303
0.902755 0.963034
0.897396 0.940574
0.89868 0.925459
0.899767 0.910395
