-1.06144 1.07398
-1.06587 1.09764
-1.05616 1.10699
-1.06005 1.13084
-1.05682 1.14749
-1.06009 1.17158
-1.06302 1.19582
-1.0656 1.2202
-1.06784 1.24472
-1.06972 1.26937
-1.06487 1.28645
-1.07243 1.31905
-1.06701 1.33626
-1.06754 1.36135
-1.06771 1.38654
-1.07355 1.41982
-1.07292 1.44528
-1.07782 1.47892
-1.09384 1.52902
-1.09757 1.56315
-1.10078 1.59746
-1.09787 1.62366
-1.09458 1.64994
-1.13455 1.74333
-1.73792 2.7226
-1.71918 2.74628
-1.69492 2.76131
-1.66538 2.76757
-1.63585 2.77351
-1.59635 2.76184
-1.57196 2.7758
-1.5329 2.7633
-1.50372 2.76791
-1.47459 2.77222
-1.44088 2.76736
-1.41645 2.77994
-1.38298 2.77441
-1.35411 2.7775
-1.32529 2.78029
-1.2923 2.77373
-1.26368 2.7759
-1.23512 2.77778
-1.2106 2.78856
-1.17819 2.7807
-1.14983 2.78172
-1.12529 2.79174
-1.11894 2.84808
-1.12598 2.94188
-1.1105 2.9798
-1.11148 3.06467
-1.11439 3.15922
-1.11571 3.25404
-1.1186 3.35862
-1.11666 3.45398
-1.1221 3.57818
-1.11962 3.68361
-1.12102 3.80844
-0.163425 0.895205
-0.152115 0.876904
-0.139518 0.848607
-0.130503 0.839922
-0.1231 0.841039
-0.115687 0.842091
-0.105718 0.82324
-0.0996489 0.834068
-0.0922985 0.834914
-0.0859522 0.845643
-0.0785003 0.846367
-0.0702066 0.837061
-0.063579 0.847619
-0.0554505 0.838168
-0.0486379 0.848607
-0.0416456 0.858991
-0.0344742 0.869317
-0.0271241 0.879582
-0.0195958 0.889784
-0.0120219 0.909921
0.0408163 1.02919
0.04988 1.02879
0.0583675 1.01833
0.0666746 1.0078
0.0755488 1.00717
0.0827455 0.986536
0.0914317 0.985769
0.0990997 0.974977
0.106585 0.964126
0.115073 0.96315
0.123552 0.962099
0.132021 0.960974
0.139032 0.949879
0.147393 0.948618
0.157366 0.95715
0.164081 0.945874
0.172406 0.944392
0.180717 0.942837
0.190984 0.951013
0.199353 0.949294
0.207707 0.947501
0.218272 0.955383
0.226678 0.953424
0.237466 0.961098
0.248406 0.968656
0.259498 0.976095
0.870614 3.16235
0.873782 3.068
0.866887 2.94506
0.872437 2.87034
0.879731 2.80529
0.873644 2.70229
0.878453 2.63756
0.878947 2.5635
0.881534 2.49908
0.883055 2.43481
0.883514 2.37072
0.890063 2.32549
0.884914 2.2524
0.886027 2.19815
0.886254 2.14405
0.889499 2.09933
0.892027 2.05472
0.889776 2.0011
0.886651 1.94768
0.886879 1.90354
0.890702 1.86857
0.889597 1.8247
0.88779 1.78099
0.894363 1.75528
0.895934 1.72073
0.896967 1.68628
0.89269 1.64317
0.892576 1.60901
0.896858 1.58368
0.890755 1.54109
0.899215 1.52457
0.89714 1.49089
0.899775 1.46588
0.896733 1.43247
0.893174 1.39923
0.8891 1.36616
0.895571 1.34995
0.896224 1.32544
0.902189 1.30926
0.896447 1.27671
0.901839 1.26063
0.901128 1.23647
0.900063 1.21243
0.898645 1.1885
0.896876 1.16469
0.894759 1.14101
0.898534 1.12527
0.895794 1.1018
0.905464 1.09386
0.902176 1.07055
0.898548 1.04738
0.90116 1.0319
0.896927 1.00897
0.899069 0.993617
0.901012 0.978303
0.895916 0.955738
0.897396 0.940574
0.89868 0.925459
0.892737 0.903283
