-1.06144 1.07398
-1.06587 1.09764
-1.06997 1.12146
-1.06005 1.13084
-1.05682 1.14749
-1.0668 1.179
-1.05638 1.18835
-1.05903 1.21267
-1.06784 1.24472
-1.06328 1.26172
-1.06487 1.28645
-1.07243 1.31905
-1.06701 1.33626
-1.06754 1.36135
-1.06771 1.38654
-1.07355 1.41982
-1.06696 1.43725
-1.08371 1.487
-1.10548 1.54529
-1.10332 1.57133
-1.09511 1.58923
-1.09227 1.61538
-1.10011 1.65827
-1.13455 1.74333
-1.7433 2.73103
-1.72448 2.75475
-1.70015 2.76984
-1.66538 2.76757
-1.63077 2.7649
-1.60135 2.7705
-1.56703 2.76709
-1.5329 2.7633
-1.5085 2.77669
-1.47929 2.78105
-1.4455 2.77623
-1.41191 2.77103
-1.38298 2.77441
-1.35411 2.7775
-1.32529 2.78029
-1.2923 2.77373
-1.26368 2.7759
-1.23512 2.77778
-1.20662 2.77938
-1.17819 2.7807
-1.14983 2.78172
-1.12529 2.79174
-1.11894 2.84808
-1.1224 2.93254
-1.11399 2.98917
-1.11489 3.07407
-1.11106 3.14979
-1.11246 3.24458
-1.11544 3.34913
-1.11973 3.46349
-1.11911 3.56864
-1.12253 3.69317
-1.12384 3.81803
0.864178 3.78254
0.867392 3.64831
0.870709 3.52403
0.869422 3.3903
0.873558 3.28586
0.873268 3.17199
0.871043 3.05838
0.864063 2.93547
0.875345 2.87991
0.876739 2.79575
0.879797 2.72132
0.878453 2.63756
0.878947 2.5635
0.881534 2.49908
0.886464 2.44421
0.883514 2.37072
0.886488 2.31615
0.884914 2.2524
0.886027 2.19815
0.886254 2.14405
0.885598 2.09012
0.892027 2.05472
0.889776 2.0011
0.890794 1.95678
0.891102 1.9126
0.886399 1.85954
0.885215 1.81571
0.883329 1.77204
0.889823 1.74637
0.632696 1.21515
0.521274 0.979986
0.501243 0.922635
0.514201 0.926929
0.517418 0.913662
0.525446 0.909069
0.528352 0.895792
0.536222 0.891104
0.538819 0.877824
0.551836 0.88152
0.559579 0.876625
0.567279 0.871662
0.574934 0.866632
0.582545 0.861534
0.590111 0.85637
0.603378 0.859323
0.616742 0.862108
0.624311 0.856642
0.643754 0.867168
0.699616 0.925277
0.896876 1.16469
0.870076 1.10954
0.561584 0.703295
0.536215 0.659525
0.535627 0.647074
0.541305 0.642331
0.53392 0.622358
0.539381 0.617631
0.538156 0.605383
0.543467 0.600619
0.541962 0.588453
0.553963 0.590952
0.559147 0.58605
0.564287 0.581102
0.569384 0.57611
