-1.05441 1.06687
-1.05891 1.09047
-1.04236 1.09252
-0.759133 0.809825
-0.704549 0.76499
-0.691074 0.763751
-0.671033 0.754861
-0.664358 0.760742
-0.65112 0.758975
-0.64441 0.764681
-0.637649 0.770327
-0.630839 0.775913
-0.623981 0.78144
-0.610903 0.779037
-0.604017 0.784387
-0.603116 0.797654
-0.596067 0.802935
-0.588971 0.808154
-0.593467 0.829577
-0.58039 0.826588
-0.578761 0.839902
-0.571341 0.844967
-0.580461 0.874966
-0.529095 0.812994
-0.495011 0.775477
-0.488161 0.779807
-0.476042 0.775554
-0.469193 0.779717
-0.457226 0.775206
-0.45038 0.779203
-0.438572 0.774438
-0.426883 0.769527
-0.424862 0.782044
-0.417957 0.785756
-0.415638 0.798276
-0.40859 0.801906
-0.401511 0.805474
-0.403166 0.826957
-0.395866 0.830476
-0.396982 0.852059
-0.397748 0.873726
-1.23512 2.77778
-1.20662 2.77938
-1.17819 2.7807
-1.15365 2.79097
-1.12529 2.79174
-1.11894 2.84808
-1.1224 2.93254
-1.11399 2.98917
-1.11148 3.06467
-1.11439 3.15922
-1.11571 3.25404
-1.11544 3.34913
-1.11973 3.46349
-1.11911 3.56864
-1.12253 3.69317
-1.12384 3.81803
0.864178 3.78254
0.865079 3.63858
0.86831 3.51432
0.866938 3.38061
0.868419 3.26653
0.875923 3.18163
0.871043 3.05838
0.866887 2.94506
0.875345 2.87991
0.876739 2.79575
0.876721 2.7118
0.881613 2.64705
0.885434 2.58242
0.88486 2.50851
0.883055 2.43481
0.887006 2.38009
0.886488 2.31615
0.884914 2.2524
0.889766 2.20742
0.886254 2.14405
0.889499 2.09933
0.888044 2.04555
0.889776 2.0011
0.890794 1.95678
0.891102 1.9126
0.895005 1.8776
0.889597 1.8247
0.883329 1.77204
0.889823 1.74637
0.895934 1.72073
0.887575 1.66863
0.89269 1.64317
0.892576 1.60901
0.89193 1.57498
0.890755 1.54109
0.899215 1.52457
0.89714 1.49089
0.894544 1.45736
0.896733 1.43247
0.893174 1.39923
0.905464 1.39131
0.890042 1.34161
0.901825 1.33372
0.896515 1.30102
0.896447 1.27671
0.901839 1.26063
0.907018 1.24456
0.900063 1.21243
0.898645 1.1885
0.896876 1.16469
0.894759 1.14101
0.898534 1.12527
0.895794 1.1018
0.899088 1.08616
0.902176 1.07055
0.898548 1.04738
0.90116 1.0319
0.896927 1.00897
0.885651 0.978787
0.901012 0.978303
0.895916 0.955738
0.897396 0.940574
0.89868 0.925459
0.899767 0.910395
