-1.06144 1.07398
-1.05891 1.09047
-1.06307 1.11422
-1.06005 1.13084
-1.0636 1.15484
-1.06009 1.17158
-1.06302 1.19582
-1.0656 1.2202
-1.06784 1.24472
-1.06328 1.26172
-1.06487 1.28645
-1.06612 1.31129
-1.07325 1.34408
-1.06754 1.36135
-1.06161 1.37862
-1.07355 1.41982
-1.07292 1.44528
-1.07782 1.47892
-1.09966 1.53716
-1.09182 1.55497
-1.09511 1.58923
-1.09787 1.62366
-1.10011 1.65827
-1.13455 1.74333
-1.73792 2.7226
-1.71918 2.74628
-1.70015 2.76984
-1.67053 2.77613
-1.63077 2.7649
-1.60135 2.7705
-1.57196 2.7758
-1.53775 2.77204
-1.50372 2.76791
-1.47929 2.78105
-1.4455 2.77623
-1.41191 2.77103
-1.38298 2.77441
-1.35411 2.7775
-1.32099 2.77126
-1.2923 2.77373
-1.26368 2.7759
-1.23918 2.78692
-1.20662 2.77938
-1.17819 2.7807
-1.14983 2.78172
-1.12529 2.79174
-1.11894 2.84808
-1.1224 2.93254
-1.11399 2.98917
-1.10807 3.05527
-1.11439 3.15922
-1.11571 3.25404
-1.11544 3.34913
-1.11973 3.46349
-1.11911 3.56864
-1.12253 3.69317
-1.12384 3.81803
-0.13374 1.04145
-0.122189 1.02273
-0.0966937 0.874672
-0.084941 0.835694
-0.0766533 0.826453
-0.0676992 0.807166
-0.060587 0.807731
-0.0534701 0.808233
-0.0457768 0.798689
-0.0387401 0.799061
-0.0317004 0.799372
-0.0249665 0.809615
-0.0176142 0.799806
-0.0107008 0.809929
-0.00356651 0.809992
0.00356811 0.809992
0.0108346 0.819928
0.0180562 0.819801
0.0252763 0.81961
0.0332871 0.83934
0.0406788 0.839014
0.0486396 0.848607
0.0574326 0.868102
0.861951 3.77279
0.867392 3.64831
0.86831 3.51432
0.869422 3.3903
0.870988 3.2762
0.873268 3.17199
0.871043 3.05838
0.864063 2.93547
0.875345 2.87991
0.876739 2.79575
0.876721 2.7118
0.881613 2.64705
0.878947 2.5635
0.881534 2.49908
0.886464 2.44421
0.883514 2.37072
0.886488 2.31615
0.884914 2.2524
0.886027 2.19815
0.890074 2.15329
0.885598 2.09012
0.884062 2.03638
0.885713 1.99196
0.894937 1.96588
0.891102 1.9126
0.890702 1.86857
0.889597 1.8247
0.878867 1.76309
0.894363 1.75528
0.891316 1.71186
0.892271 1.67745
0.887916 1.63438
0.892576 1.60901
0.896858 1.58368
0.890755 1.54109
0.899215 1.52457
0.89714 1.49089
0.894544 1.45736
0.902039 1.44095
0.893174 1.39923
0.894555 1.37454
0.901099 1.35828
0.896224 1.32544
0.902189 1.30926
0.896447 1.27671
0.896021 1.2525
0.895239 1.22839
0.900063 1.21243
0.898645 1.1885
0.896876 1.16469
0.894759 1.14101
0.904774 1.13309
0.895794 1.1018
0.892711 1.07846
0.895731 1.0629
0.898548 1.04738
0.894583 1.02436
0.896927 1.00897
0.899069 0.993617
0.901012 0.978303
0.895916 0.955738
0.897396 0.940574
0.89868 0.925459
0.899767 0.910395
