-1.05441 1.06687
-1.05891 1.09047
-1.05616 1.10699
-1.06005 1.13084
-1.05682 1.14749
-1.0668 1.179
-1.06302 1.19582
-1.07218 1.22773
-1.06784 1.24472
-1.06972 1.26937
-1.07125 1.29415
-1.07243 1.31905
-1.06701 1.33626
-1.06754 1.36135
-1.07381 1.39447
-1.07355 1.41982
-1.07292 1.44528
-1.07782 1.47892
-1.09966 1.53716
-1.09182 1.55497
-1.10078 1.59746
-1.10347 1.63195
-1.09458 1.64994
-1.1291 1.73495
-1.73792 2.7226
-1.71387 2.7378
-1.69492 2.76131
-1.66022 2.759
-1.63585 2.77351
-1.60135 2.7705
-1.57196 2.7758
-1.53775 2.77204
-1.5085 2.77669
-1.46989 2.76339
-1.44088 2.76736
-1.41645 2.77994
-1.37852 2.76546
-1.34973 2.76851
-1.32099 2.77126
-1.2923 2.77373
-1.25954 2.7668
-1.23512 2.77778
-1.20264 2.77021
-1.17819 2.7807
-1.14601 2.77248
-1.12529 2.79174
-1.11894 2.84808
-1.1224 2.93254
-1.1105 2.9798
-1.10807 3.05527
-1.11106 3.14979
-1.11246 3.24458
-1.11544 3.34913
-1.11666 3.45398
-1.11611 3.5591
-1.11962 3.68361
-1.12102 3.80844
-0.112195 3.63827
-0.079484 3.60912
-0.0474272 3.58969
-0.0158071 3.58997
0.0159464 3.61996
0.0753074 3.41917
0.104804 3.39838
0.134337 3.38734
0.163684 3.37603
0.194558 3.39443
0.859723 3.76304
0.865079 3.63858
0.86831 3.51432
0.869422 3.3903
0.873558 3.28586
0.870614 3.16235
0.868304 3.04876
0.864063 2.93547
0.875345 2.87991
0.873747 2.78621
0.876721 2.7118
0.875293 2.62807
0.875704 2.55404
0.881534 2.49908
0.883055 2.43481
0.883514 2.37072
0.886488 2.31615
0.884914 2.2524
0.886027 2.19815
0.890074 2.15329
0.889499 2.09933
0.884062 2.03638
0.889776 2.0011
0.890794 1.95678
0.891102 1.9126
0.886399 1.85954
0.885215 1.81571
0.878867 1.76309
0.885283 1.73746
0.886698 1.70299
0.892271 1.67745
0.89269 1.64317
0.887725 1.60026
0.89193 1.57498
0.89576 1.54975
0.894134 1.51596
0.891984 1.48232
0.894544 1.45736
0.896733 1.43247
0.898555 1.40766
0.8891 1.36616
0.901099 1.35828
0.896224 1.32544
0.896515 1.30102
0.896447 1.27671
0.896021 1.2525
0.895239 1.22839
0.894102 1.2044
0.892614 1.18053
0.896876 1.16469
0.894759 1.14101
0.892294 1.11746
0.895794 1.1018
0.886335 1.07075
0.902176 1.07055
0.898548 1.04738
0.888005 1.01683
0.896927 1.00897
0.899069 0.993617
0.901012 0.978303
0.895916 0.955738
0.897396 0.940574
0.89868 0.925459
0.892737 0.903283
