-1.06847 1.0811
-1.05194 1.08329
-1.05616 1.10699
-1.06689 1.13813
-1.07037 1.1622
-1.07351 1.18641
-1.06302 1.19582
-1.05903 1.21267
-1.06784 1.24472
-1.06972 1.26937
-1.07125 1.29415
-1.07874 1.32681
-1.06701 1.33626
-1.06754 1.36135
-1.06771 1.38654
-1.06752 1.41185
-1.07292 1.44528
-1.07782 1.47892
-1.09966 1.53716
-1.09757 1.56315
-1.10078 1.59746
-1.09787 1.62366
-1.10564 1.6666
-1.1291 1.73495
-1.7433 2.73103
-1.71918 2.74628
-1.68969 2.75279
-1.67053 2.77613
-1.62569 2.75629
-1.59635 2.76184
-1.57196 2.7758
-1.5329 2.7633
-1.50372 2.76791
-1.47459 2.77222
-1.4455 2.77623
-1.41191 2.77103
-1.38298 2.77441
-1.35411 2.7775
-1.32529 2.78029
-1.29653 2.78279
-1.26782 2.785
-1.23512 2.77778
-1.20662 2.77938
-1.17819 2.7807
-1.14601 2.77248
-1.12155 2.78247
-1.11894 2.84808
-1.1224 2.93254
-1.1105 2.9798
-1.11489 3.07407
-1.11439 3.15922
-1.11571 3.25404
-1.11544 3.34913
-1.11666 3.45398
-1.1221 3.57818
-1.11962 3.68361
-1.12102 3.80844
0.861951 3.77279
0.865079 3.63858
0.865912 3.50461
0.871906 3.39998
0.870988 3.2762
0.870614 3.16235
0.871043 3.05838
0.864063 2.93547
0.872437 2.87034
0.873747 2.78621
0.876721 2.7118
0.878453 2.63756
0.882191 2.57296
0.881534 2.49908
0.879645 2.42541
0.883514 2.37072
0.882914 2.30681
0.884914 2.2524
0.886027 2.19815
0.886254 2.14405
0.889499 2.09933
0.442031 1.01819
0.394102 0.886332
0.381177 0.83732
0.384314 0.824865
0.391565 0.821448
0.398785 0.817967
0.405974 0.814423
0.408592 0.801906
0.415639 0.798276
0.422655 0.794584
0.434411 0.799617
0.441437 0.79576
0.453357 0.800542
0.465395 0.805176
0.477549 0.809659
0.489818 0.813989
0.5022 0.818166
0.551836 0.88152
0.887793 1.3908
0.900009 1.38293
0.901099 1.35828
0.896224 1.32544
0.896515 1.30102
0.896447 1.27671
0.896021 1.2525
0.901128 1.23647
0.894102 1.2044
0.892614 1.18053
0.896876 1.16469
0.900929 1.14888
0.892294 1.11746
0.902102 1.10955
0.892711 1.07846
0.837734 0.994083
0.599032 0.698256
0.57227 0.655292
0.564732 0.635278
0.556886 0.615449
0.562286 0.61052
0.560802 0.598248
0.56605 0.593285
0.57822 0.595451
0.576413 0.583222
