-0.520177 0.526323
-0.515521 0.530885
-0.503921 0.52817
-0.49925 0.532588
-0.494539 0.536964
-0.489791 0.5413
-0.485004 0.545593
-0.480179 0.549844
-0.468806 0.546462
-0.463975 0.55057
-0.465484 0.562339
-0.466821 0.574176
-0.455506 0.570451
-0.456634 0.58231
-0.445386 0.578387
-0.452337 0.59824
-0.453011 0.610231
-0.459398 0.63036
-0.482919 0.675048
-1.09757 1.56315
-1.10078 1.59746
-1.10347 1.63195
-1.10011 1.65827
-1.1291 1.73495
-1.7433 2.73103
-1.71918 2.74628
-1.69492 2.76131
-1.66022 2.759
-1.63077 2.7649
-1.60135 2.7705
-1.56703 2.76709
-1.53775 2.77204
-1.5085 2.77669
-1.47459 2.77222
-1.44088 2.76736
-1.41645 2.77994
-1.38298 2.77441
-1.35411 2.7775
-1.32099 2.77126
-1.2923 2.77373
-1.25954 2.7668
-1.23105 2.76865
-1.20662 2.77938
-1.18209 2.7899
-1.14983 2.78172
-1.12529 2.79174
-1.11894 2.84808
-1.1224 2.93254
-1.11399 2.98917
-1.11148 3.06467
-1.11106 3.14979
-1.11571 3.25404
-1.11544 3.34913
-1.11666 3.45398
-1.11911 3.56864
-1.11962 3.68361
-1.12102 3.80844
0.861951 3.77279
0.865079 3.63858
0.865912 3.50461
0.869422 3.3903
0.870988 3.2762
0.873268 3.17199
0.868304 3.04876
0.866887 2.94506
0.875345 2.87991
0.876739 2.79575
0.876721 2.7118
0.881613 2.64705
0.878947 2.5635
0.881534 2.49908
0.879645 2.42541
0.883514 2.37072
0.886488 2.31615
0.888571 2.26171
0.886027 2.19815
0.890074 2.15329
0.889499 2.09933
0.888044 2.04555
0.889776 2.0011
0.890794 1.95678
0.895325 1.92166
0.890702 1.86857
0.889597 1.8247
0.883329 1.77204
0.889823 1.74637
0.895934 1.72073
0.892271 1.67745
0.897464 1.65196
0.897427 1.61775
0.89193 1.57498
0.89576 1.54975
0.899215 1.52457
0.902296 1.49945
0.899775 1.46588
0.896733 1.43247
0.893174 1.39923
0.900009 1.38293
0.901099 1.35828
0.901825 1.33372
0.896515 1.30102
0.896447 1.27671
0.901839 1.26063
0.895239 1.22839
0.900063 1.21243
0.892614 1.18053
0.896876 1.16469
0.894759 1.14101
0.892294 1.11746
0.895794 1.1018
0.899088 1.08616
0.902176 1.07055
0.898548 1.04738
0.894583 1.02436
0.896927 1.00897
0.899069 0.993617
0.901012 0.978303
0.902755 0.963034
0.897396 0.940574
0.89868 0.925459
0.899767 0.910395
