-1.06144 1.07398
-1.05891 1.09047
-1.06307 1.11422
-1.06689 1.13813
-1.0636 1.15484
-1.07351 1.18641
-1.06967 1.20329
-1.0656 1.2202
-1.06784 1.24472
-1.06972 1.26937
-1.06487 1.28645
-1.07243 1.31905
-1.07325 1.34408
-1.07371 1.36922
-1.06771 1.38654
-1.07958 1.4278
-1.07292 1.44528
-1.08371 1.487
-1.09966 1.53716
-1.09757 1.56315
-1.10078 1.59746
-1.09787 1.62366
-1.10011 1.65827
-1.13455 1.74333
-1.7433 2.73103
-1.71918 2.74628
-1.69492 2.76131
-1.66022 2.759
-1.63077 2.7649
-1.60135 2.7705
-1.56703 2.76709
-1.53775 2.77204
-1.50372 2.76791
-1.46989 2.76339
-1.44088 2.76736
-1.41645 2.77994
-1.38298 2.77441
-1.35411 2.7775
-1.32529 2.78029
-1.29653 2.78279
-1.26368 2.7759
-1.23512 2.77778
-1.20264 2.77021
-1.18209 2.7899
-1.14983 2.78172
-1.12529 2.79174
-1.11894 2.84808
-1.12598 2.94188
-1.11399 2.98917
-1.11148 3.06467
-1.11106 3.14979
-1.11571 3.25404
-1.12176 3.36811
-1.11666 3.45398
-1.11911 3.56864
-1.11671 3.67404
-1.12102 3.80844
-0.216868 3.78379
-0.182079 3.75559
-0.148199 3.73706
-0.115586 3.74822
-0.0830068 3.76909
-0.0174363 3.95996
0.017356 3.93996
0.0517946 3.91966
0.0869779 3.94904
0.122683 3.97811
0.861951 3.77279
0.865079 3.63858
0.86831 3.51432
0.869422 3.3903
0.870988 3.2762
0.873268 3.17199
0.871043 3.05838
0.866887 2.94506
0.875345 2.87991
0.876739 2.79575
0.876721 2.7118
0.881613 2.64705
0.878947 2.5635
0.881534 2.49908
0.883055 2.43481
0.887006 2.38009
0.890063 2.32549
0.888571 2.26171
0.889766 2.20742
0.890074 2.15329
0.889499 2.09933
0.892027 2.05472
0.889776 2.0011
0.894937 1.96588
0.895325 1.92166
0.895005 1.8776
0.889597 1.8247
0.883329 1.77204
0.894363 1.75528
0.891316 1.71186
0.887575 1.66863
0.89269 1.64317
0.887725 1.60026
0.89193 1.57498
0.89576 1.54975
0.894134 1.51596
0.89714 1.49089
0.894544 1.45736
0.902039 1.44095
0.893174 1.39923
0.900009 1.38293
0.895571 1.34995
0.896224 1.32544
0.896515 1.30102
0.896447 1.27671
0.896021 1.2525
0.901128 1.23647
0.900063 1.21243
0.898645 1.1885
0.902977 1.17262
0.894759 1.14101
0.898534 1.12527
0.895794 1.1018
0.899088 1.08616
0.889287 1.05526
0.898548 1.04738
0.90116 1.0319
0.896927 1.00897
0.899069 0.993617
0.901012 0.978303
0.902755 0.963034
0.904299 0.947809
0.891713 0.918285
0.899767 0.910395
