-1.06144 1.07398
-1.05891 1.09047
-1.06307 1.11422
-1.06005 1.13084
-1.05682 1.14749
-1.06009 1.17158
-1.06302 1.19582
-1.0656 1.2202
-1.06784 1.24472
-1.06328 1.26172
-1.06487 1.28645
-1.05981 1.30353
-1.07325 1.34408
-1.06754 1.36135
-1.07381 1.39447
-1.07355 1.41982
-1.06696 1.43725
-1.07782 1.47892
-1.09384 1.52902
-1.09182 1.55497
-1.10078 1.59746
-1.09787 1.62366
-1.10011 1.65827
-1.13455 1.74333
-1.73254 2.71417
-1.71918 2.74628
-1.69492 2.76131
-1.66022 2.759
-1.63077 2.7649
-1.59635 2.76184
-1.56703 2.76709
-1.53775 2.77204
-1.5085 2.77669
-1.47459 2.77222
-1.44088 2.76736
-1.41191 2.77103
-1.38298 2.77441
-1.35411 2.7775
-1.32099 2.77126
-1.29653 2.78279
-1.26368 2.7759
-1.23512 2.77778
-1.20662 2.77938
-1.17819 2.7807
-1.14983 2.78172
-1.12155 2.78247
-1.11894 2.84808
-1.11883 2.9232
-1.1105 2.9798
-1.11148 3.06467
-1.11106 3.14979
-1.11246 3.24458
-1.1186 3.35862
-1.11666 3.45398
-1.11911 3.56864
-1.11962 3.68361
-1.11819 3.79885
0.861951 3.77279
0.865079 3.63858
0.865912 3.50461
0.866938 3.38061
0.870988 3.2762
0.870614 3.16235
0.871043 3.05838
0.864063 2.93547
0.872437 2.87034
0.876739 2.79575
0.295316 0.913449
0.303351 0.910812
0.304875 0.889186
0.309368 0.877035
0.317081 0.874276
0.321278 0.862079
0.328858 0.859216
0.336414 0.856286
0.343943 0.85329
0.347625 0.840985
0.355019 0.837891
0.362386 0.834731
0.373787 0.840645
0.38532 0.846421
0.392761 0.842994
0.434594 0.911717
0.552164 1.13257
0.526428 1.05607
0.50847 0.997927
0.512622 0.98454
0.516578 0.971158
0.520338 0.957783
0.523903 0.944418
0.527274 0.931065
0.535454 0.926385
0.538513 0.913019
0.55169 0.916809
0.559744 0.911914
0.562448 0.898472
0.57034 0.893483
0.578188 0.888425
0.591519 0.891631
0.604951 0.89467
0.62983 0.91401
0.689575 0.982083
0.890203 1.24436
0.895239 1.22839
0.900063 1.21243
0.898645 1.1885
0.896876 1.16469
0.894759 1.14101
0.898534 1.12527
0.895794 1.1018
0.892711 1.07846
0.895731 1.0629
0.898548 1.04738
0.894583 1.02436
0.896927 1.00897
0.89236 0.986202
0.894237 0.970948
0.902755 0.963034
0.897396 0.940574
0.891713 0.918285
0.899767 0.910395
