-0.773236 0.782372
-0.766314 0.789153
-0.766237 0.803107
-0.765972 0.817121
-0.772294 0.838547
-0.764878 0.845317
-0.770691 0.866969
-0.802491 0.918917
-0.892034 1.0398
-1.06328 1.26172
-1.06487 1.28645
-1.06612 1.31129
-1.06701 1.33626
-1.06754 1.36135
-1.07381 1.39447
-1.07355 1.41982
-1.07292 1.44528
-1.07782 1.47892
-1.09384 1.52902
-1.09757 1.56315
-1.10078 1.59746
-1.09227 1.61538
-1.10011 1.65827
-1.13455 1.74333
-1.74868 2.73946
-1.71387 2.7378
-1.69492 2.76131
-1.66022 2.759
-1.63077 2.7649
-1.60135 2.7705
-1.57196 2.7758
-1.53775 2.77204
-1.50372 2.76791
-1.47459 2.77222
-1.4455 2.77623
-1.41191 2.77103
-1.38298 2.77441
-1.35411 2.7775
-1.32099 2.77126
-1.29653 2.78279
-1.26782 2.785
-1.23512 2.77778
-1.20662 2.77938
-1.17819 2.7807
-1.14601 2.77248
-1.12155 2.78247
-1.11894 2.84808
-1.12598 2.94188
-1.11399 2.98917
-1.11148 3.06467
-1.11439 3.15922
-1.11571 3.25404
-1.1186 3.35862
-1.11973 3.46349
-1.1221 3.57818
-1.11962 3.68361
-1.12384 3.81803
0.861951 3.77279
0.862766 3.62885
0.86831 3.51432
0.871906 3.39998
0.873558 3.28586
0.86796 3.1527
0.873782 3.068
0.866887 2.94506
0.872437 2.87034
0.873747 2.78621
0.876721 2.7118
0.878453 2.63756
0.878947 2.5635
0.881534 2.49908
0.883055 2.43481
0.880021 2.36135
0.886488 2.31615
0.884914 2.2524
0.886027 2.19815
0.886254 2.14405
0.885598 2.09012
0.884062 2.03638
0.889776 2.0011
0.890794 1.95678
0.891102 1.9126
0.890702 1.86857
0.885215 1.81571
0.878867 1.76309
0.889823 1.74637
0.895934 1.72073
0.892271 1.67745
0.89269 1.64317
0.897427 1.61775
0.89193 1.57498
0.89576 1.54975
0.899215 1.52457
0.89714 1.49089
0.894544 1.45736
0.896733 1.43247
0.898555 1.40766
0.900009 1.38293
0.901099 1.35828
0.896224 1.32544
0.896515 1.30102
0.896447 1.27671
0.896021 1.2525
0.895239 1.22839
0.894102 1.2044
0.898645 1.1885
0.896876 1.16469
0.900929 1.14888
0.904774 1.13309
0.902102 1.10955
0.892711 1.07846
0.895731 1.0629
0.905059 1.05497
0.848538 0.97164
0.69761 0.784755
0.664238 0.73409
0.670678 0.728211
0.670227 0.714979
0.669596 0.701813
0.675751 0.695888
0.681855 0.689909
