-0.759177 0.768148
-0.710582 0.73176
-0.697206 0.730755
-0.677065 0.722276
-0.670677 0.728212
-0.664236 0.734091
-0.657745 0.739913
-0.644624 0.738146
-0.638098 0.743795
-0.631521 0.749387
-0.631273 0.762624
-0.624531 0.768154
-0.617741 0.773625
-0.623244 0.794775
-0.634523 0.824003
-0.705646 0.933255
-1.07292 1.44528
-1.08371 1.487
-1.09384 1.52902
-1.09757 1.56315
-1.10646 1.6057
-1.09787 1.62366
-1.10564 1.6666
-1.14001 1.75171
-1.73254 2.71417
-1.71387 2.7378
-1.70015 2.76984
-1.67053 2.77613
-1.63585 2.77351
-1.60135 2.7705
-1.57196 2.7758
-1.5329 2.7633
-1.5085 2.77669
-1.47459 2.77222
-1.4455 2.77623
-1.41645 2.77994
-1.38744 2.78336
-1.35411 2.7775
-1.32529 2.78029
-1.2923 2.77373
-0.406288 0.913745
-0.39026 0.898942
-0.374524 0.88393
-0.366724 0.887194
-0.355157 0.881115
-0.354695 0.902824
-0.33958 0.887235
-0.335244 0.899562
-0.330718 0.91188
-0.319346 0.905328
-0.314603 0.917565
-0.306509 0.9203
-0.301467 0.932479
-0.296234 0.94464
-0.296627 0.975916
-0.290843 0.988084
0.861951 3.77279
0.867392 3.64831
0.86831 3.51432
0.871906 3.39998
0.870988 3.2762
0.873268 3.17199
0.873782 3.068
0.864063 2.93547
0.875345 2.87991
0.876739 2.79575
0.876721 2.7118
0.878453 2.63756
0.878947 2.5635
0.881534 2.49908
0.883055 2.43481
0.883514 2.37072
0.886488 2.31615
0.884914 2.2524
0.886027 2.19815
0.890074 2.15329
0.885598 2.09012
0.888044 2.04555
0.889776 2.0011
0.890794 1.95678
0.895325 1.92166
0.890702 1.86857
0.885215 1.81571
0.878867 1.76309
0.889823 1.74637
0.891316 1.71186
0.892271 1.67745
0.897464 1.65196
0.892576 1.60901
0.896858 1.58368
0.89576 1.54975
0.894134 1.51596
0.89714 1.49089
0.905006 1.4744
0.896733 1.43247
0.898555 1.40766
0.894555 1.37454
0.901099 1.35828
0.896224 1.32544
0.902189 1.30926
0.896447 1.27671
0.896021 1.2525
0.901128 1.23647
0.900063 1.21243
0.898645 1.1885
0.896876 1.16469
0.900929 1.14888
0.898534 1.12527
0.895794 1.1018
0.899088 1.08616
0.895731 1.0629
0.898548 1.04738
0.90116 1.0319
0.896927 1.00897
0.899069 0.993617
0.901012 0.978303
0.895916 0.955738
0.897396 0.940574
0.89868 0.925459
0.899767 0.910395
