-1.06144 1.07398
-1.05891 1.09047
-1.06307 1.11422
-1.06689 1.13813
-1.0636 1.15484
-1.0668 1.179
-1.07631 1.21077
-1.0656 1.2202
-1.06784 1.24472
-1.06328 1.26172
-1.06487 1.28645
-1.06612 1.31129
-1.06701 1.33626
-1.06754 1.36135
-1.07381 1.39447
-1.07355 1.41982
-1.07292 1.44528
-1.07782 1.47892
-1.09384 1.52902
-1.10332 1.57133
-1.09511 1.58923
-1.10347 1.63195
-1.10011 1.65827
-1.13455 1.74333
-1.7433 2.73103
-1.71918 2.74628
-1.69492 2.76131
-1.67053 2.77613
-1.63077 2.7649
-1.59635 2.76184
-1.57196 2.7758
-1.5329 2.7633
-1.50372 2.76791
-1.46989 2.76339
-1.44088 2.76736
-1.40737 2.76212
-1.38298 2.77441
-1.35411 2.7775
-1.32529 2.78029
-1.2923 2.77373
-1.26782 2.785
-1.23105 2.76865
-1.20662 2.77938
-1.17819 2.7807
-1.15365 2.79097
-1.12529 2.79174
-1.11894 2.84808
-1.12598 2.94188
-1.11399 2.98917
-1.11148 3.06467
-1.11439 3.15922
-1.11571 3.25404
-1.11544 3.34913
-1.11666 3.45398
-1.11911 3.56864
-1.12253 3.69317
-1.12102 3.80844
-0.257856 2.53693
-0.23273 2.50923
-0.208112 2.48129
-0.186249 2.48302
-0.165031 2.49455
-0.14248 2.48592
-0.115736 2.3872
-0.0935163 2.35815
-0.0724336 2.34888
-0.0515215 2.33943
-0.0310457 2.34979
-0.0104353 2.36998
0.0106162 2.40998
0.861951 3.77279
0.867392 3.64831
0.86831 3.51432
0.869422 3.3903
0.870988 3.2762
0.870614 3.16235
0.871043 3.05838
0.866887 2.94506
0.875345 2.87991
0.876739 2.79575
0.876721 2.7118
0.878453 2.63756
0.882191 2.57296
0.88486 2.50851
0.883055 2.43481
0.883514 2.37072
0.882914 2.30681
0.884914 2.2524
0.889766 2.20742
0.886254 2.14405
0.885598 2.09012
0.888044 2.04555
0.889776 2.0011
0.890794 1.95678
0.891102 1.9126
0.890702 1.86857
0.885215 1.81571
0.883329 1.77204
0.885283 1.73746
0.886698 1.70299
0.892271 1.67745
0.89269 1.64317
0.897427 1.61775
0.89193 1.57498
0.890755 1.54109
0.894134 1.51596
0.89714 1.49089
0.894544 1.45736
0.891427 1.42399
0.893174 1.39923
0.900009 1.38293
0.895571 1.34995
0.896224 1.32544
0.896515 1.30102
0.896447 1.27671
0.896021 1.2525
0.895239 1.22839
0.900063 1.21243
0.898645 1.1885
0.890775 1.15677
0.894759 1.14101
0.898534 1.12527
0.895794 1.1018
0.899088 1.08616
0.895731 1.0629
0.898548 1.04738
0.90116 1.0319
0.896927 1.00897
0.899069 0.993617
0.901012 0.978303
0.902755 0.963034
0.897396 0.940574
0.905646 0.932633
0.899767 0.910395
