-1.05441 1.06687
-1.05891 1.09047
-1.06307 1.11422
-1.06005 1.13084
-1.0636 1.15484
-1.0668 1.179
-1.06302 1.19582
-1.0656 1.2202
-1.06133 1.23713
-1.06972 1.26937
-1.06487 1.28645
-1.06612 1.31129
-1.07325 1.34408
-1.07371 1.36922
-1.07381 1.39447
-1.06752 1.41185
-1.07292 1.44528
-1.07193 1.47084
-1.09966 1.53716
-1.09182 1.55497
-1.10078 1.59746
-1.09227 1.61538
-1.10011 1.65827
-1.13455 1.74333
-1.73792 2.7226
-1.71918 2.74628
-1.70015 2.76984
-1.67053 2.77613
-1.63077 2.7649
-1.60135 2.7705
-1.57196 2.7758
-1.5426 2.78079
-1.50372 2.76791
-1.47459 2.77222
-1.4455 2.77623
-1.41191 2.77103
-1.38744 2.78336
-1.34973 2.76851
-1.32099 2.77126
-1.29653 2.78279
-1.25954 2.7668
-1.23512 2.77778
-1.20264 2.77021
-1.18209 2.7899
-1.14983 2.78172
-1.12155 2.78247
-1.11528 2.83878
-1.11883 2.9232
-1.11399 2.98917
-1.11148 3.06467
-1.11106 3.14979
-1.11246 3.24458
-1.11544 3.34913
-1.11973 3.46349
-1.11911 3.56864
-1.11962 3.68361
-1.12102 3.80844
-0.0794239 0.856325
-0.0710424 0.847026
-0.062831 0.837647
-0.0547904 0.82819
-0.0480657 0.838624
-0.0397086 0.819038
-0.0320967 0.809364
-0.0249665 0.809615
-0.0178344 0.809804
-0.0107008 0.809929
-0.00356651 0.809992
0.00356811 0.809992
0.0108346 0.819928
0.0180562 0.819801
0.0255846 0.829606
0.0328908 0.829348
0.0401945 0.829026
0.0474951 0.82864
0.0561123 0.848146
0.0643287 0.857591
0.0743873 0.886886
0.0886611 0.955897
0.104156 1.02472
0.115375 1.04364
0.123377 1.03266
0.132468 1.03153
0.141549 1.03032
0.150618 1.02904
0.161212 1.03755
0.171966 1.04596
0.182882 1.05426
0.192161 1.0526
0.201425 1.05087
0.212642 1.05886
0.861951 3.77279
0.865079 3.63858
0.86831 3.51432
0.869422 3.3903
0.870988 3.2762
0.870614 3.16235
0.871043 3.05838
0.864063 2.93547
0.875345 2.87991
0.876739 2.79575
0.873644 2.70229
0.878453 2.63756
0.878947 2.5635
0.881534 2.49908
0.886464 2.44421
0.883514 2.37072
0.886488 2.31615
0.888571 2.26171
0.886027 2.19815
0.886254 2.14405
0.885598 2.09012
0.888044 2.04555
0.889776 2.0011
0.886651 1.94768
0.891102 1.9126
0.890702 1.86857
0.885215 1.81571
0.878867 1.76309
0.894363 1.75528
0.886698 1.70299
0.887575 1.66863
0.887916 1.63438
0.892576 1.60901
0.887002 1.56628
0.89576 1.54975
0.894134 1.51596
0.89714 1.49089
0.884081 1.44031
0.896733 1.43247
0.893174 1.39923
0.894555 1.37454
0.895571 1.34995
0.896224 1.32544
0.896515 1.30102
0.896447 1.27671
0.896021 1.2525
0.901128 1.23647
0.894102 1.2044
0.898645 1.1885
0.896876 1.16469
0.894759 1.14101
0.898534 1.12527
0.889486 1.09404
0.899088 1.08616
0.889287 1.05526
0.892036 1.03979
0.894583 1.02436
0.896927 1.00897
0.89236 0.986202
0.894237 0.970948
0.895916 0.955738
0.904299 0.947809
0.891713 0.918285
0.899767 0.910395
