-1.06847 1.0811
-1.06587 1.09764
-1.05616 1.10699
-1.05321 1.12354
-1.0636 1.15484
-1.0668 1.179
-1.06302 1.19582
-1.0656 1.2202
-1.06784 1.24472
-1.06328 1.26172
-1.06487 1.28645
-1.06612 1.31129
-1.06701 1.33626
-1.06754 1.36135
-1.06771 1.38654
-1.06752 1.41185
-1.07292 1.44528
-1.07782 1.47892
-1.09384 1.52902
-1.09757 1.56315
-1.09511 1.58923
-1.09787 1.62366
-1.10011 1.65827
-1.1291 1.73495
-1.7433 2.73103
-1.71918 2.74628
-1.69492 2.76131
-1.66022 2.759
-1.63077 2.7649
-1.60135 2.7705
-1.56703 2.76709
-1.53775 2.77204
-1.5085 2.77669
-1.47459 2.77222
-1.44088 2.76736
-1.41191 2.77103
-1.38298 2.77441
-1.34973 2.76851
-1.32099 2.77126
-1.2923 2.77373
-1.26368 2.7759
-1.23105 2.76865
-1.20264 2.77021
-1.17819 2.7807
-1.15365 2.79097
-1.12155 2.78247
-1.12259 2.85739
-1.1224 2.93254
-1.1105 2.9798
-1.11148 3.06467
-1.11439 3.15922
-1.11246 3.24458
-1.11544 3.34913
-1.11666 3.45398
-1.11911 3.56864
-1.12253 3.69317
-1.12102 3.80844
-0.292279 2.64389
-0.265946 2.61652
-0.22996 2.47936
-0.203098 2.4215
-0.179517 2.39328
-0.15843 2.39477
-0.13733 2.39607
-0.11622 2.39718
-0.09629 2.42809
-0.0755159 2.44884
0.861951 3.77279
0.865079 3.63858
0.86831 3.51432
0.869422 3.3903
0.870988 3.2762
0.873268 3.17199
0.871043 3.05838
0.864063 2.93547
0.872437 2.87034
0.873747 2.78621
0.876721 2.7118
0.878453 2.63756
0.878947 2.5635
0.881534 2.49908
0.879645 2.42541
0.883514 2.37072
0.882914 2.30681
0.881258 2.2431
0.882288 2.18887
0.886254 2.14405
0.889499 2.09933
0.892027 2.05472
0.889776 2.0011
0.886651 1.94768
0.891102 1.9126
0.890702 1.86857
0.889597 1.8247
0.878867 1.76309
0.885283 1.73746
0.886698 1.70299
0.887575 1.66863
0.89269 1.64317
0.887725 1.60026
0.896858 1.58368
0.89576 1.54975
0.894134 1.51596
0.891984 1.48232
0.894544 1.45736
0.896733 1.43247
0.898555 1.40766
0.900009 1.38293
0.890042 1.34161
0.896224 1.32544
0.896515 1.30102
0.8907 1.26852
0.896021 1.2525
0.895239 1.22839
0.894102 1.2044
0.892614 1.18053
0.890775 1.15677
0.900929 1.14888
0.892294 1.11746
0.895794 1.1018
0.899088 1.08616
0.895731 1.0629
0.898548 1.04738
0.894583 1.02436
0.896927 1.00897
0.899069 0.993617
0.901012 0.978303
0.895916 0.955738
0.904299 0.947809
0.89868 0.925459
0.892737 0.903283
