-1.06144 1.07398
-1.05891 1.09047
-1.05616 1.10699
-1.06689 1.13813
-1.07037 1.1622
-1.0668 1.179
-1.06967 1.20329
-1.0656 1.2202
-1.06133 1.23713
-1.06972 1.26937
-1.07125 1.29415
-1.07243 1.31905
-1.06701 1.33626
-1.06754 1.36135
-1.06771 1.38654
-1.06752 1.41185
-1.07292 1.44528
-1.07193 1.47084
-1.09966 1.53716
-1.09182 1.55497
-1.10078 1.59746
-1.10347 1.63195
-1.10011 1.65827
-1.13455 1.74333
-1.73792 2.7226
-1.71918 2.74628
-1.70015 2.76984
-1.66022 2.759
-1.63077 2.7649
-1.60135 2.7705
-1.57196 2.7758
-1.5329 2.7633
-1.50372 2.76791
-1.47459 2.77222
-1.4455 2.77623
-1.41645 2.77994
-1.37852 2.76546
-1.35411 2.7775
-1.32529 2.78029
-1.2923 2.77373
-1.26368 2.7759
-1.23512 2.77778
-1.20662 2.77938
-1.17819 2.7807
-1.14983 2.78172
-1.12155 2.78247
-1.11894 2.84808
-1.12598 2.94188
-1.11399 2.98917
-1.11148 3.06467
-1.11439 3.15922
-1.11571 3.25404
-1.11544 3.34913
-1.11973 3.46349
-1.11911 3.56864
-1.11962 3.68361
-1.12102 3.80844
-0.132394 1.76504
-0.115522 1.74618
-0.0984202 1.71718
-0.082807 1.70799
-0.0681559 1.71865
-0.0530153 1.71918
-0.0378705 1.71958
-0.0227228 1.71985
-0.00766139 1.73998
0.00770888 1.74998
0.0232547 1.75985
0.0422778 1.91953
0.0653486 2.11899
0.861951 3.77279
0.865079 3.63858
0.86831 3.51432
0.869422 3.3903
0.870988 3.2762
0.870614 3.16235
0.873782 3.068
0.864063 2.93547
0.878253 2.88948
0.876739 2.79575
0.876721 2.7118
0.878453 2.63756
0.878947 2.5635
0.881534 2.49908
0.883055 2.43481
0.883514 2.37072
0.882914 2.30681
0.884914 2.2524
0.889766 2.20742
0.886254 2.14405
0.889499 2.09933
0.888044 2.04555
0.893839 2.01024
0.890794 1.95678
0.891102 1.9126
0.890702 1.86857
0.885215 1.81571
0.878867 1.76309
0.894363 1.75528
0.895934 1.72073
0.892271 1.67745
0.887916 1.63438
0.892576 1.60901
0.89193 1.57498
0.890755 1.54109
0.889054 1.50734
0.89714 1.49089
0.894544 1.45736
0.896733 1.43247
0.898555 1.40766
0.894555 1.37454
0.895571 1.34995
0.901825 1.33372
0.890841 1.29279
0.896447 1.27671
0.896021 1.2525
0.901128 1.23647
0.906024 1.22046
0.904676 1.19648
0.896876 1.16469
0.894759 1.14101
0.898534 1.12527
0.902102 1.10955
0.892711 1.07846
0.895731 1.0629
0.892036 1.03979
0.90116 1.0319
0.896927 1.00897
0.899069 0.993617
0.901012 0.978303
0.895916 0.955738
0.904299 0.947809
0.89868 0.925459
0.892737 0.903283
