-1.05441 1.06687
-1.05891 1.09047
-1.06997 1.12146
-1.06005 1.13084
-1.0636 1.15484
-1.0668 1.179
-1.06967 1.20329
-1.0656 1.2202
-1.07435 1.25231
-1.06972 1.26937
-1.07125 1.29415
-1.07243 1.31905
-1.06701 1.33626
-1.06754 1.36135
-1.06771 1.38654
-1.07355 1.41982
-1.07292 1.44528
-1.08371 1.487
-1.09384 1.52902
-1.09757 1.56315
-1.10078 1.59746
-1.10347 1.63195
-1.10011 1.65827
-1.13455 1.74333
-1.7433 2.73103
-1.71918 2.74628
-1.69492 2.76131
-1.66538 2.76757
-1.63077 2.7649
-1.59635 2.76184
-1.56703 2.76709
-1.5329 2.7633
-1.50372 2.76791
-1.47459 2.77222
-1.45011 2.7851
-1.41191 2.77103
-1.38298 2.77441
-1.35411 2.7775
-1.32099 2.77126
-1.2923 2.77373
-1.26368 2.7759
-1.23512 2.77778
-1.2106 2.78856
-1.17819 2.7807
-1.14601 2.77248
-1.12529 2.79174
-1.11894 2.84808
-1.12598 2.94188
-1.11399 2.98917
-1.11148 3.06467
-1.11106 3.14979
-1.11571 3.25404
-1.1186 3.35862
-1.11973 3.46349
-1.11911 3.56864
-1.12253 3.69317
-1.12102 3.80844
-0.282619 1.06307
-0.270761 1.05584
-0.254255 1.02906
-0.245181 1.03125
-0.233861 1.02363
-0.224835 1.02565
-0.215793 1.02759
-0.204764 1.01964
-0.197658 1.03123
-0.190363 1.04277
-0.181171 1.0444
-0.173587 1.05583
-0.165815 1.0672
-0.159306 1.0884
-0.189182 1.37707
-0.179593 1.39852
-0.166082 1.39011
-0.152732 1.38158
-0.138535 1.36298
-0.126524 1.36415
-0.114504 1.36521
-0.102474 1.36616
-0.0910972 1.37699
-0.0795372 1.38772
-0.0677952 1.39836
-0.055872 1.40889
0.861951 3.77279
0.865079 3.63858
0.86831 3.51432
0.869422 3.3903
0.873558 3.28586
0.873268 3.17199
0.873782 3.068
0.864063 2.93547
0.872437 2.87034
0.876739 2.79575
0.876721 2.7118
0.878453 2.63756
0.882191 2.57296
0.88486 2.50851
0.883055 2.43481
0.887006 2.38009
0.886488 2.31615
0.884914 2.2524
0.886027 2.19815
0.886254 2.14405
0.889499 2.09933
0.888044 2.04555
0.889776 2.0011
0.890794 1.95678
0.891102 1.9126
0.890702 1.86857
0.889597 1.8247
0.878867 1.76309
0.889823 1.74637
0.891316 1.71186
0.892271 1.67745
0.89269 1.64317
0.892576 1.60901
0.89193 1.57498
0.890755 1.54109
0.894134 1.51596
0.89714 1.49089
0.889312 1.44884
0.896733 1.43247
0.893174 1.39923
0.894555 1.37454
0.901099 1.35828
0.896224 1.32544
0.896515 1.30102
0.896447 1.27671
0.901839 1.26063
0.901128 1.23647
0.900063 1.21243
0.898645 1.1885
0.902977 1.17262
0.894759 1.14101
0.898534 1.12527
0.895794 1.1018
0.892711 1.07846
0.895731 1.0629
0.898548 1.04738
0.90116 1.0319
0.896927 1.00897
0.89236 0.986202
0.901012 0.978303
0.889077 0.948442
0.897396 0.940574
0.89868 0.925459
0.892737 0.903283
