-1.06144 1.07398
-1.05891 1.09047
-1.06307 1.11422
-1.06689 1.13813
-1.0636 1.15484
-1.0668 1.179
-1.06967 1.20329
-1.07218 1.22773
-1.06133 1.23713
-1.06972 1.26937
-1.06487 1.28645
-1.07874 1.32681
-1.07949 1.35189
-1.07371 1.36922
-1.07381 1.39447
-1.07355 1.41982
-1.07292 1.44528
-1.07782 1.47892
-1.09966 1.53716
-1.10332 1.57133
-1.09511 1.58923
-1.09787 1.62366
-1.10011 1.65827
-1.14001 1.75171
-1.7433 2.73103
-1.71918 2.74628
-1.70015 2.76984
-1.66538 2.76757
-1.63077 2.7649
-1.60135 2.7705
-1.56703 2.76709
-1.53775 2.77204
-0.582395 1.07202
-0.563537 1.05945
-0.549566 1.0555
-0.540247 1.0603
-0.526426 1.05607
-0.508339 1.04268
-0.494833 1.03809
-0.494116 1.06054
-0.480612 1.05575
-0.475358 1.06908
-0.465923 1.07323
-0.460353 1.0865
-0.477505 1.1552
-0.456096 1.13154
-1.11894 2.84808
-1.12598 2.94188
-1.11399 2.98917
-1.11148 3.06467
-1.11106 3.14979
-1.11571 3.25404
-1.11544 3.34913
-1.11973 3.46349
-1.11911 3.56864
-0.351881 1.1577
-0.333199 1.13198
-0.323215 1.13487
-0.310552 1.12803
-0.295466 1.1114
-0.288149 1.12364
-0.275842 1.11643
-0.263685 1.10909
-0.25836 1.13086
-0.248389 1.13309
-0.240455 1.14502
-0.234298 1.16671
-0.225894 1.17855
-0.219097 1.20017
0.864178 3.78254
0.865079 3.63858
0.865912 3.50461
0.871906 3.39998
0.870988 3.2762
0.873268 3.17199
0.871043 3.05838
0.866887 2.94506
0.875345 2.87991
0.876739 2.79575
0.876721 2.7118
0.878453 2.63756
0.882191 2.57296
0.881534 2.49908
0.883055 2.43481
0.887006 2.38009
0.886488 2.31615
0.888571 2.26171
0.886027 2.19815
0.890074 2.15329
0.889499 2.09933
0.888044 2.04555
0.889776 2.0011
0.890794 1.95678
0.891102 1.9126
0.895005 1.8776
0.885215 1.81571
0.878867 1.76309
0.894363 1.75528
0.891316 1.71186
0.892271 1.67745
0.89269 1.64317
0.892576 1.60901
0.896858 1.58368
0.89576 1.54975
0.899215 1.52457
0.891984 1.48232
0.894544 1.45736
0.896733 1.43247
0.898555 1.40766
0.900009 1.38293
0.890042 1.34161
0.896224 1.32544
0.896515 1.30102
0.902193 1.28489
0.896021 1.2525
0.901128 1.23647
0.900063 1.21243
0.904676 1.19648
0.896876 1.16469
0.900929 1.14888
0.892294 1.11746
0.902102 1.10955
0.905464 1.09386
0.902176 1.07055
0.905059 1.05497
0.90116 1.0319
0.896927 1.00897
0.899069 0.993617
0.894237 0.970948
0.895916 0.955738
0.897396 0.940574
0.905646 0.932633
0.899767 0.910395
