-1.05441 1.06687
-1.05891 1.09047
-1.06307 1.11422
-1.06005 1.13084
-1.0636 1.15484
-1.06009 1.17158
-1.06967 1.20329
-1.05903 1.21267
-1.06133 1.23713
-1.06972 1.26937
-1.07125 1.29415
-1.07243 1.31905
-1.06701 1.33626
-1.07371 1.36922
-1.06771 1.38654
-1.06752 1.41185
-1.07292 1.44528
-1.07782 1.47892
-1.09966 1.53716
-1.09757 1.56315
-1.10078 1.59746
-1.09787 1.62366
-1.10011 1.65827
-1.1291 1.73495
-1.73792 2.7226
-1.71918 2.74628
-1.69492 2.76131
-1.66022 2.759
-1.63077 2.7649
-1.59635 2.76184
-1.56703 2.76709
-1.5329 2.7633
-1.50372 2.76791
-1.47459 2.77222
-1.44088 2.76736
-1.41191 2.77103
-1.38298 2.77441
-1.35411 2.7775
-1.32099 2.77126
-1.2923 2.77373
-1.26782 2.785
-1.23512 2.77778
-1.20662 2.77938
-1.17819 2.7807
-1.14601 2.77248
-1.12155 2.78247
-1.11894 2.84808
-0.775673 2.02663
-0.708902 1.9022
-0.661435 1.82376
-0.645346 1.82952
-0.632449 1.84459
-0.622497 1.86906
-0.609086 1.88399
-0.595461 1.89882
-0.584529 1.92313
-0.576038 1.95698
-0.566996 1.99083
-0.496516 2.00957
-0.469544 1.97495
-0.45213 1.97901
-0.43254 1.97315
-0.415144 1.97688
-0.399684 1.99026
-0.384021 2.00353
-0.36995 2.02651
0.861951 3.77279
0.862766 3.62885
0.86831 3.51432
0.866938 3.38061
0.870988 3.2762
0.873268 3.17199
0.871043 3.05838
0.866887 2.94506
0.872437 2.87034
0.873747 2.78621
0.876721 2.7118
0.878453 2.63756
0.882191 2.57296
0.88486 2.50851
0.883055 2.43481
0.883514 2.37072
0.886488 2.31615
0.884914 2.2524
0.886027 2.19815
0.890074 2.15329
0.889499 2.09933
0.888044 2.04555
0.889776 2.0011
0.886651 1.94768
0.891102 1.9126
0.895005 1.8776
0.89398 1.83368
0.874406 1.75414
0.885283 1.73746
0.895934 1.72073
0.896967 1.68628
0.89269 1.64317
0.887725 1.60026
0.89193 1.57498
0.885751 1.53243
0.889054 1.50734
0.89714 1.49089
0.894544 1.45736
0.891427 1.42399
0.893174 1.39923
0.894555 1.37454
0.895571 1.34995
0.896224 1.32544
0.896515 1.30102
0.896447 1.27671
0.896021 1.2525
0.895239 1.22839
0.900063 1.21243
0.898645 1.1885
0.896876 1.16469
0.894759 1.14101
0.898534 1.12527
0.902102 1.10955
0.899088 1.08616
0.895731 1.0629
0.905059 1.05497
0.894583 1.02436
0.890283 1.0015
0.899069 0.993617
0.894237 0.970948
0.895916 0.955738
0.890493 0.933339
0.89868 0.925459
0.892737 0.903283
