-1.06144 1.07398
-1.06587 1.09764
-1.06307 1.11422
-1.06689 1.13813
-1.0636 1.15484
-1.0668 1.179
-1.06967 1.20329
-1.0656 1.2202
-1.07435 1.25231
-1.06972 1.26937
-1.06487 1.28645
-1.06612 1.31129
-1.06701 1.33626
-1.06754 1.36135
-1.07381 1.39447
-1.07355 1.41982
-1.07292 1.44528
-1.08371 1.487
-1.09384 1.52902
-1.10332 1.57133
-1.10078 1.59746
-1.09227 1.61538
-1.10564 1.6666
-1.13455 1.74333
-1.73792 2.7226
-1.71387 2.7378
-1.70015 2.76984
-1.66538 2.76757
-1.63077 2.7649
-1.60135 2.7705
-1.56703 2.76709
-1.53775 2.77204
-1.51327 2.78548
-1.47459 2.77222
-1.44088 2.76736
-1.41191 2.77103
-1.38298 2.77441
-1.34973 2.76851
-1.32099 2.77126
-1.30075 2.79185
-1.26368 2.7759
-1.23918 2.78692
-1.20662 2.77938
-1.18209 2.7899
-1.14983 2.78172
-1.12529 2.79174
-1.11894 2.84808
-1.1224 2.93254
-1.1105 2.9798
-1.11148 3.06467
-1.11439 3.15922
-1.11246 3.24458
-1.11544 3.34913
-1.11973 3.46349
-1.11911 3.56864
-1.11962 3.68361
-1.11819 3.79885
-0.260825 1.01709
-0.249457 1.00964
-0.235929 0.99234
-0.222724 0.974881
-0.214129 0.976805
-0.205517 0.978654
-0.196889 0.980426
-0.186363 0.972301
-0.179587 0.983742
-0.170916 0.985286
-0.163853 0.99662
-0.156603 1.00791
-0.14772 1.00925
-0.142907 1.04023
-0.165582 1.28941
-0.157777 1.32061
-0.145041 1.31201
-0.133479 1.31323
-0.121906 1.31436
-0.110325 1.31538
-0.0994824 1.32627
-0.0884567 1.33708
-0.0772484 1.34779
-0.065374 1.34842
-0.054287 1.36892
0.856523 3.90722
0.864178 3.78254
0.865079 3.63858
0.86831 3.51432
0.871906 3.39998
0.870988 3.2762
0.873268 3.17199
0.871043 3.05838
0.864063 2.93547
0.875345 2.87991
0.873747 2.78621
0.876721 2.7118
0.881613 2.64705
0.882191 2.57296
0.88486 2.50851
0.883055 2.43481
0.883514 2.37072
0.886488 2.31615
0.888571 2.26171
0.889766 2.20742
0.890074 2.15329
0.889499 2.09933
0.892027 2.05472
0.889776 2.0011
0.890794 1.95678
0.891102 1.9126
0.890702 1.86857
0.889597 1.8247
0.883329 1.77204
0.889823 1.74637
0.891316 1.71186
0.896967 1.68628
0.897464 1.65196
0.892576 1.60901
0.896858 1.58368
0.890755 1.54109
0.899215 1.52457
0.89714 1.49089
0.894544 1.45736
0.896733 1.43247
0.893174 1.39923
0.900009 1.38293
0.895571 1.34995
0.896224 1.32544
0.896515 1.30102
0.896447 1.27671
0.901839 1.26063
0.901128 1.23647
0.894102 1.2044
0.892614 1.18053
0.896876 1.16469
0.900929 1.14888
0.898534 1.12527
0.895794 1.1018
0.899088 1.08616
0.895731 1.0629
0.898548 1.04738
0.90116 1.0319
0.896927 1.00897
0.89236 0.986202
0.901012 0.978303
0.902755 0.963034
0.897396 0.940574
0.89868 0.925459
0.899767 0.910395
