-1.06144 1.07398
-1.06587 1.09764
-1.06307 1.11422
-1.06689 1.13813
-1.0636 1.15484
-1.0668 1.179
-1.06967 1.20329
-1.0656 1.2202
-0.774833 0.90318
-0.657298 0.779974
-0.624896 0.75492
-0.605606 0.744877
-0.605261 0.757997
-0.59239 0.755429
-0.579612 0.752695
-0.57296 0.757771
-0.566263 0.762788
-0.565412 0.775828
-0.558557 0.780778
-0.557405 0.793851
-0.556065 0.806965
-0.554537 0.820115
-0.547292 0.824968
-0.561822 0.863282
-1.73792 2.7226
-1.71918 2.74628
-1.70015 2.76984
-1.66538 2.76757
-1.63077 2.7649
-1.60636 2.77916
-1.56703 2.76709
-1.5329 2.7633
-1.50372 2.76791
-1.47459 2.77222
-1.4455 2.77623
-1.41191 2.77103
-1.38298 2.77441
-1.35849 2.78648
-1.32529 2.78029
-1.29653 2.78279
-1.26368 2.7759
-1.23512 2.77778
-0.406189 0.935634
-0.386228 0.911552
-0.378184 0.914919
-0.366372 0.90894
-0.358352 0.912131
-0.343155 0.896574
-0.338737 0.908932
-0.330718 0.91188
-0.322673 0.914758
-0.314603 0.917565
-0.306509 0.9203
-0.298391 0.922964
-0.293242 0.935098
-0.287902 0.947213
-0.285195 0.968898
-0.279389 0.98099
-0.273392 0.993054
0.861951 3.77279
0.867392 3.64831
0.870709 3.52403
0.871906 3.39998
0.873558 3.28586
0.873268 3.17199
0.868304 3.04876
0.866887 2.94506
0.872437 2.87034
0.876739 2.79575
0.879797 2.72132
0.878453 2.63756
0.878947 2.5635
0.88486 2.50851
0.886464 2.44421
0.883514 2.37072
0.886488 2.31615
0.888571 2.26171
0.889766 2.20742
0.886254 2.14405
0.8934 2.10854
0.892027 2.05472
0.893839 2.01024
0.886651 1.94768
0.891102 1.9126
0.890702 1.86857
0.889597 1.8247
0.883329 1.77204
0.885283 1.73746
0.895934 1.72073
0.892271 1.67745
0.897464 1.65196
0.897427 1.61775
0.89193 1.57498
0.89576 1.54975
0.894134 1.51596
0.891984 1.48232
0.894544 1.45736
0.891427 1.42399
0.898555 1.40766
0.894555 1.37454
0.895571 1.34995
0.901825 1.33372
0.896515 1.30102
0.896447 1.27671
0.901839 1.26063
0.889349 1.22031
0.900063 1.21243
0.898645 1.1885
0.896876 1.16469
0.894759 1.14101
0.892294 1.11746
0.895794 1.1018
0.899088 1.08616
0.895731 1.0629
0.898548 1.04738
0.90116 1.0319
0.896927 1.00897
0.899069 0.993617
0.907786 0.985659
0.895916 0.955738
0.897396 0.940574
0.89868 0.925459
0.899767 0.910395
