-1.06847 1.0811
-1.05891 1.09047
-1.05616 1.10699
-1.06005 1.13084
-1.07037 1.1622
-1.0668 1.179
-1.06302 1.19582
-1.0656 1.2202
-1.06784 1.24472
-1.06972 1.26937
-1.06487 1.28645
-1.07243 1.31905
-1.06701 1.33626
-1.07988 1.37708
-1.07381 1.39447
-1.07355 1.41982
-1.07292 1.44528
-1.07782 1.47892
-1.09384 1.52902
-1.10332 1.57133
-1.10078 1.59746
-1.09787 1.62366
-1.09458 1.64994
-1.13455 1.74333
-1.73792 2.7226
-1.71918 2.74628
-1.69492 2.76131
-1.66538 2.76757
-1.63585 2.77351
-1.60135 2.7705
-1.56703 2.76709
-1.5329 2.7633
-1.50372 2.76791
-1.47459 2.77222
-1.4455 2.77623
-1.41191 2.77103
-1.38298 2.77441
-1.34973 2.76851
-1.32529 2.78029
-1.2923 2.77373
-1.26782 2.785
-1.23918 2.78692
-1.20264 2.77021
-1.17819 2.7807
-1.14601 2.77248
-1.12529 2.79174
-1.12259 2.85739
-1.12598 2.94188
-1.11399 2.98917
-1.11148 3.06467
-1.11439 3.15922
-1.11571 3.25404
-1.1186 3.35862
-1.11973 3.46349
-1.11911 3.56864
-1.11962 3.68361
-1.12102 3.80844
-0.2654 1.93185
-0.243279 1.89444
-0.22421 1.87665
-0.204375 1.84874
-0.188084 1.85047
-0.173624 1.87197
-0.157129 1.87342
-0.142866 1.90465
-0.118822 1.79607
-0.0961313 1.67725
-0.0803858 1.65805
-0.0657784 1.6587
-0.0505494 1.63922
-0.0361091 1.6396
-0.021798 1.64986
-0.00730914 1.65998
0.00735648 1.66998
0.0224619 1.69985
0.0378739 1.71958
0.861951 3.77279
0.865079 3.63858
0.86831 3.51432
0.871906 3.39998
0.873558 3.28586
0.870614 3.16235
0.873782 3.068
0.864063 2.93547
0.872437 2.87034
0.876739 2.79575
0.876721 2.7118
0.878453 2.63756
0.878947 2.5635
0.881534 2.49908
0.883055 2.43481
0.883514 2.37072
0.886488 2.31615
0.884914 2.2524
0.889766 2.20742
0.886254 2.14405
0.889499 2.09933
0.892027 2.05472
0.893839 2.01024
0.890794 1.95678
0.895325 1.92166
0.890702 1.86857
0.889597 1.8247
0.883329 1.77204
0.889823 1.74637
0.895934 1.72073
0.896967 1.68628
0.89269 1.64317
0.892576 1.60901
0.896858 1.58368
0.89576 1.54975
0.894134 1.51596
0.89714 1.49089
0.894544 1.45736
0.896733 1.43247
0.893174 1.39923
0.894555 1.37454
0.895571 1.34995
0.896224 1.32544
0.902189 1.30926
0.896447 1.27671
0.901839 1.26063
0.907018 1.24456
0.900063 1.21243
0.898645 1.1885
0.896876 1.16469
0.900929 1.14888
0.898534 1.12527
0.895794 1.1018
0.899088 1.08616
0.902176 1.07055
0.898548 1.04738
0.90116 1.0319
0.903571 1.01644
0.899069 0.993617
0.907786 0.985659
0.902755 0.963034
0.904299 0.947809
0.89868 0.925459
0.899767 0.910395
