-1.06144 1.07398
-1.05891 1.09047
-1.05616 1.10699
-1.06005 1.13084
-1.07037 1.1622
-1.06009 1.17158
-1.06302 1.19582
-1.0656 1.2202
-1.06784 1.24472
-1.06328 1.26172
-1.07125 1.29415
-1.06612 1.31129
-1.06701 1.33626
-1.06754 1.36135
-1.06771 1.38654
-1.07958 1.4278
-1.07292 1.44528
-1.07782 1.47892
-1.09384 1.52902
-1.09757 1.56315
-1.10078 1.59746
-1.09787 1.62366
-1.10011 1.65827
-1.14001 1.75171
-1.73792 2.7226
-1.71387 2.7378
-1.69492 2.76131
-1.66538 2.76757
-1.63077 2.7649
-1.60135 2.7705
-1.56703 2.76709
-1.53775 2.77204
-1.50372 2.76791
-1.47459 2.77222
-1.44088 2.76736
-1.41645 2.77994
-1.38744 2.78336
-1.35411 2.7775
-1.32529 2.78029
-1.29653 2.78279
-1.26368 2.7759
-1.23512 2.77778
-1.20662 2.77938
-1.17819 2.7807
-1.15365 2.79097
-1.12902 2.80102
-1.11894 2.84808
-1.1224 2.93254
-1.11399 2.98917
-1.11148 3.06467
-1.11106 3.14979
-1.11571 3.25404
-1.11544 3.34913
-1.11973 3.46349
-1.11611 3.5591
-1.11962 3.68361
-1.12102 3.80844
0.859723 3.76304
0.867392 3.64831
0.865912 3.50461
0.871906 3.39998
0.870988 3.2762
0.870614 3.16235
0.873782 3.068
0.864063 2.93547
0.875345 2.87991
0.873747 2.78621
0.879797 2.72132
0.878453 2.63756
0.878947 2.5635
0.88486 2.50851
0.886464 2.44421
0.883514 2.37072
0.886488 2.31615
0.884914 2.2524
0.882288 2.18887
0.890074 2.15329
0.889499 2.09933
0.892027 2.05472
0.889776 2.0011
0.890794 1.95678
0.891102 1.9126
0.895005 1.8776
0.889597 1.8247
0.463971 0.930769
0.413132 0.810816
0.397167 0.762797
0.399174 0.75044
0.400995 0.738108
0.402629 0.725803
0.404079 0.713527
0.405344 0.701282
0.411505 0.697684
0.417634 0.694033
0.428962 0.69885
0.429795 0.686568
0.441206 0.691185
0.452732 0.695653
0.458842 0.691639
0.464916 0.68757
0.476628 0.691683
0.488449 0.695642
0.51783 0.723845
0.730326 1.00211
0.900063 1.21243
0.898645 1.1885
0.896876 1.16469
0.900929 1.14888
0.892294 1.11746
0.902102 1.10955
0.899088 1.08616
0.902176 1.07055
0.898548 1.04738
0.894583 1.02436
0.903571 1.01644
0.89236 0.986202
0.907786 0.985659
0.895916 0.955738
0.890493 0.933339
0.89868 0.925459
0.899767 0.910395
