-1.06144 1.07398
-1.05891 1.09047
-1.06307 1.11422
-1.06689 1.13813
-1.0636 1.15484
-1.06009 1.17158
-1.06302 1.19582
-1.0656 1.2202
-1.07435 1.25231
-1.06972 1.26937
-1.06487 1.28645
-1.07243 1.31905
-1.06701 1.33626
-1.06754 1.36135
-1.07381 1.39447
-1.06752 1.41185
-1.06696 1.43725
-1.07782 1.47892
-1.09966 1.53716
-1.09757 1.56315
-1.10078 1.59746
-1.09787 1.62366
-1.10011 1.65827
-1.13455 1.74333
-1.7433 2.73103
-1.71918 2.74628
-1.70015 2.76984
-1.67053 2.77613
-1.64093 2.78213
-1.60135 2.7705
-1.56703 2.76709
-1.5426 2.78079
-1.49895 2.75912
-1.47929 2.78105
-1.44088 2.76736
-1.41191 2.77103
-1.38298 2.77441
-1.35411 2.7775
-1.32099 2.77126
-1.29653 2.78279
-1.26368 2.7759
-1.23512 2.77778
-1.20264 2.77021
-1.17819 2.7807
-1.14601 2.77248
-1.12529 2.79174
-1.11894 2.84808
-1.1224 2.93254
-1.11399 2.98917
-1.11148 3.06467
-1.11439 3.15922
-1.11246 3.24458
-1.11544 3.34913
-1.11666 3.45398
-1.11911 3.56864
-1.12253 3.69317
-1.12384 3.81803
0.0955966 0.864732
0.100837 0.843998
0.10572 0.82324
0.112967 0.822276
0.118757 0.811355
0.125899 0.810277
0.131408 0.79927
0.138443 0.798081
0.143672 0.786993
0.150598 0.785697
0.157513 0.78434
0.16236 0.773136
0.169163 0.771676
0.178181 0.779905
0.185044 0.778305
0.191892 0.776645
0.198725 0.774925
0.208112 0.782809
0.214999 0.780945
0.224609 0.788639
0.237194 0.805816
0.872437 2.87034
0.876739 2.79575
0.879797 2.72132
0.881613 2.64705
0.306042 0.867605
0.303444 0.836673
0.303817 0.815227
0.307411 0.80318
0.314474 0.800441
0.317773 0.788365
0.328525 0.794777
0.32771 0.773438
0.33451 0.770521
0.345347 0.776682
0.352174 0.77361
0.358975 0.770478
0.365747 0.767287
0.372491 0.764035
0.379207 0.760725
0.390432 0.766265
0.434112 0.833754
0.68564 1.28899
0.89269 1.64317
0.892576 1.60901
0.89193 1.57498
0.89576 1.54975
0.894134 1.51596
0.89714 1.49089
0.899775 1.46588
0.896733 1.43247
0.898555 1.40766
0.894555 1.37454
0.901099 1.35828
0.896224 1.32544
0.902189 1.30926
0.896447 1.27671
0.896021 1.2525
0.895239 1.22839
0.906024 1.22046
0.892614 1.18053
0.896876 1.16469
0.894759 1.14101
0.898534 1.12527
0.895794 1.1018
0.899088 1.08616
0.895731 1.0629
0.898548 1.04738
0.90116 1.0319
0.896927 1.00897
0.899069 0.993617
0.894237 0.970948
0.902755 0.963034
0.897396 0.940574
0.89868 0.925459
0.899767 0.910395
