-1.06144 1.07398
-1.06587 1.09764
-1.05616 1.10699
-1.06689 1.13813
-1.05682 1.14749
-1.06009 1.17158
-1.06967 1.20329
-1.0656 1.2202
-1.06784 1.24472
-1.06972 1.26937
-1.07125 1.29415
-1.07243 1.31905
-1.07325 1.34408
-1.06754 1.36135
-1.07381 1.39447
-1.07355 1.41982
-1.07292 1.44528
-1.07782 1.47892
-1.09966 1.53716
-1.09757 1.56315
-1.09511 1.58923
-1.09787 1.62366
-1.09458 1.64994
-1.13455 1.74333
-1.7433 2.73103
-1.71918 2.74628
-1.69492 2.76131
-1.66538 2.76757
-1.63077 2.7649
-1.60135 2.7705
-1.5621 2.75839
-1.53775 2.77204
-0.44873 0.825979
-0.441438 0.829899
-0.434111 0.833755
-0.41313 0.810816
-0.401511 0.805474
-0.394401 0.808979
-0.38726 0.812422
-0.380089 0.815801
-0.368746 0.810016
-0.361597 0.813233
-0.350437 0.807213
-0.347215 0.819476
-0.336164 0.813261
-0.332726 0.825466
-0.321785 0.819057
-0.318133 0.831199
-0.317784 0.852709
-0.31367 0.864876
-0.30604 0.867606
-1.11246 3.24458
-1.11544 3.34913
-1.11973 3.46349
-1.1221 3.57818
-1.11962 3.68361
-1.12384 3.81803
-0.158952 0.916316
-0.14763 0.897945
-0.13818 0.889329
-0.128893 0.880617
-0.122492 0.891625
-0.11336 0.882751
-0.10558 0.883715
-0.0966937 0.874672
-0.0889858 0.875489
-0.0812709 0.876239
-0.0735498 0.876921
-0.0658229 0.877535
-0.0587511 0.888059
-0.0509267 0.888542
-0.0435826 0.898944
-0.0360592 0.909285
-0.0280488 0.909568
-0.0209168 0.94977
0.864178 3.78254
0.862766 3.62885
0.86831 3.51432
0.869422 3.3903
0.870988 3.2762
0.873268 3.17199
0.873782 3.068
0.864063 2.93547
0.875345 2.87991
0.876739 2.79575
0.876721 2.7118
0.881613 2.64705
0.878947 2.5635
0.88486 2.50851
0.883055 2.43481
0.883514 2.37072
0.882914 2.30681
0.888571 2.26171
0.886027 2.19815
0.890074 2.15329
0.889499 2.09933
0.888044 2.04555
0.889776 2.0011
0.890794 1.95678
0.891102 1.9126
0.890702 1.86857
0.885215 1.81571
0.883329 1.77204
0.889823 1.74637
0.895934 1.72073
0.892271 1.67745
0.89269 1.64317
0.897427 1.61775
0.89193 1.57498
0.89576 1.54975
0.894134 1.51596
0.891984 1.48232
0.899775 1.46588
0.896733 1.43247
0.898555 1.40766
0.900009 1.38293
0.895571 1.34995
0.901825 1.33372
0.896515 1.30102
0.896447 1.27671
0.901839 1.26063
0.901128 1.23647
0.900063 1.21243
0.898645 1.1885
0.890775 1.15677
0.894759 1.14101
0.892294 1.11746
0.902102 1.10955
0.892711 1.07846
0.902176 1.07055
0.898548 1.04738
0.90116 1.0319
0.896927 1.00897
0.899069 0.993617
0.901012 0.978303
0.895916 0.955738
0.897396 0.940574
0.89868 0.925459
0.899767 0.910395
