-1.05441 1.06687
-1.05891 1.09047
-1.06307 1.11422
-1.06005 1.13084
-1.0636 1.15484
-1.05339 1.16416
-1.05638 1.18835
-1.0656 1.2202
-1.07435 1.25231
-1.06972 1.26937
-1.06487 1.28645
-1.06612 1.31129
-1.06701 1.33626
-1.06754 1.36135
-1.06771 1.38654
-1.07355 1.41982
-1.07292 1.44528
-1.07782 1.47892
-1.09966 1.53716
-1.09757 1.56315
-1.09511 1.58923
-1.09227 1.61538
-1.10011 1.65827
-1.13455 1.74333
-1.7433 2.73103
-1.71918 2.74628
-1.69492 2.76131
-1.66538 2.76757
-1.63077 2.7649
-1.60135 2.7705
-1.56703 2.76709
-1.53775 2.77204
-1.5085 2.77669
-1.47459 2.77222
-1.44088 2.76736
-1.41191 2.77103
-1.38298 2.77441
-1.35849 2.78648
-1.32099 2.77126
-1.2923 2.77373
-1.26368 2.7759
-1.23512 2.77778
-1.20662 2.77938
-1.17819 2.7807
-1.14983 2.78172
-1.12155 2.78247
-1.11894 2.84808
-1.1224 2.93254
-1.1105 2.9798
-1.11148 3.06467
-1.11106 3.14979
-1.11571 3.25404
-1.11544 3.34913
-1.11358 3.44446
-1.11911 3.56864
-1.11962 3.68361
-1.12384 3.81803
0.864178 3.78254
0.867392 3.64831
0.86831 3.51432
0.869422 3.3903
0.870988 3.2762
0.870614 3.16235
0.873782 3.068
0.864063 2.93547
0.875345 2.87991
0.876739 2.79575
0.876721 2.7118
0.878453 2.63756
0.878947 2.5635
0.881534 2.49908
0.883055 2.43481
0.883514 2.37072
0.882914 2.30681
0.888571 2.26171
0.886027 2.19815
0.893894 2.16253
0.889499 2.09933
0.888044 2.04555
0.889776 2.0011
0.493044 1.08305
0.422323 0.906445
0.417382 0.87561
0.420696 0.862911
0.419358 0.841272
0.426752 0.837546
0.434112 0.833754
0.441439 0.829898
0.439184 0.808404
0.441437 0.79576
0.463212 0.817945
0.470399 0.813833
0.482629 0.818272
0.494974 0.822557
0.507431 0.826688
0.519999 0.830663
0.532676 0.83448
0.572733 0.880044
0.646801 0.974961
0.896224 1.32544
0.896515 1.30102
0.8907 1.26852
0.896021 1.2525
0.895239 1.22839
0.894102 1.2044
0.898645 1.1885
0.902977 1.17262
0.900929 1.14888
0.892294 1.11746
0.895794 1.1018
0.892711 1.07846
0.902176 1.07055
0.892036 1.03979
0.90116 1.0319
0.896927 1.00897
0.563596 0.622864
0.528413 0.573742
0.519768 0.554474
0.531535 0.557109
0.522488 0.538058
0.527207 0.533435
