-0.534236 0.540548
-0.529454 0.545233
-0.524631 0.549875
-0.519767 0.554475
-0.528412 0.573743
-0.509919 0.563545
-0.511579 0.575488
-0.513068 0.587504
-0.501362 0.584411
-0.496195 0.588804
-0.497366 0.600855
-0.498363 0.612972
-0.499184 0.625152
-0.506 0.645263
-0.524702 0.681387
-0.585022 0.773724
-1.06696 1.43725
-1.08371 1.487
-1.09966 1.53716
-1.09757 1.56315
-1.10078 1.59746
-1.09787 1.62366
-1.10564 1.6666
-1.14001 1.75171
-1.73792 2.7226
-1.71918 2.74628
-1.69492 2.76131
-1.67053 2.77613
-1.63585 2.77351
-1.60135 2.7705
-1.56703 2.76709
-1.5329 2.7633
-1.50372 2.76791
-1.46989 2.76339
-1.4455 2.77623
-1.41191 2.77103
-1.38298 2.77441
-1.35411 2.7775
-1.32529 2.78029
-1.29653 2.78279
-1.26782 2.785
-1.23512 2.77778
-1.2106 2.78856
-1.17819 2.7807
-1.14983 2.78172
-1.12155 2.78247
-1.11894 2.84808
-1.1224 2.93254
-1.11399 2.98917
-1.11148 3.06467
-1.11439 3.15922
-1.11895 3.2635
-1.1186 3.35862
-1.11973 3.46349
-1.11911 3.56864
-1.11962 3.68361
-1.12102 3.80844
0.864178 3.78254
0.865079 3.63858
0.870709 3.52403
0.869422 3.3903
0.873558 3.28586
0.870614 3.16235
0.873782 3.068
0.866887 2.94506
0.875345 2.87991
0.876739 2.79575
0.879797 2.72132
0.881613 2.64705
0.882191 2.57296
0.881534 2.49908
0.886464 2.44421
0.883514 2.37072
0.882914 2.30681
0.884914 2.2524
0.889766 2.20742
0.886254 2.14405
0.889499 2.09933
0.892027 2.05472
0.889776 2.0011
0.886651 1.94768
0.891102 1.9126
0.886399 1.85954
0.889597 1.8247
0.878867 1.76309
0.889823 1.74637
0.891316 1.71186
0.892271 1.67745
0.89269 1.64317
0.892576 1.60901
0.89193 1.57498
0.89576 1.54975
0.894134 1.51596
0.89714 1.49089
0.889312 1.44884
0.896733 1.43247
0.893174 1.39923
0.8891 1.36616
0.901099 1.35828
0.901825 1.33372
0.896515 1.30102
0.896447 1.27671
0.896021 1.2525
0.895239 1.22839
0.900063 1.21243
0.898645 1.1885
0.896876 1.16469
0.900929 1.14888
0.898534 1.12527
0.895794 1.1018
0.899088 1.08616
0.895731 1.0629
0.905059 1.05497
0.894583 1.02436
0.896927 1.00897
0.905779 1.00103
0.901012 0.978303
0.902755 0.963034
0.897396 0.940574
0.905646 0.932633
0.892737 0.903283
