-1.05441 1.06687
-1.05891 1.09047
-1.06307 1.11422
-1.06005 1.13084
-1.0636 1.15484
-1.0668 1.179
-1.06302 1.19582
-1.07218 1.22773
-1.06784 1.24472
-1.06972 1.26937
-1.0585 1.27874
-1.07243 1.31905
-1.06701 1.33626
-1.06754 1.36135
-1.07381 1.39447
-1.06752 1.41185
-1.07292 1.44528
-1.08371 1.487
-1.09966 1.53716
-1.09182 1.55497
-1.09511 1.58923
-1.09787 1.62366
-1.09458 1.64994
-1.13455 1.74333
-1.73792 2.7226
-1.71918 2.74628
-1.69492 2.76131
-1.66538 2.76757
-1.63585 2.77351
-1.59635 2.76184
-1.57196 2.7758
-1.5329 2.7633
-1.50372 2.76791
-1.47459 2.77222
-1.44088 2.76736
-1.41191 2.77103
-1.38298 2.77441
-1.34973 2.76851
-1.32099 2.77126
-1.2923 2.77373
-1.26368 2.7759
-1.23512 2.77778
-1.20662 2.77938
-1.17819 2.7807
-1.14601 2.77248
-1.12155 2.78247
-1.11894 2.84808
-1.1224 2.93254
-1.11399 2.98917
-1.10807 3.05527
-1.11439 3.15922
-1.11246 3.24458
-1.1186 3.35862
-1.11666 3.45398
-1.11911 3.56864
-1.12253 3.69317
-1.12102 3.80844
-0.372596 2.14792
-0.347173 2.11165
-0.327025 2.10475
-0.307025 2.09765
-0.285815 2.08046
-0.264932 2.06306
-0.247936 2.07524
-0.230746 2.08728
-0.21842 2.14893
-0.186382 2.2222
-0.165305 2.20381
-0.144567 2.18522
-0.124742 2.17643
-0.105567 2.17744
-0.0855912 2.1583
-0.0665773 2.15897
-0.0477785 2.16947
-0.0287998 2.17981
0.864178 3.78254
0.867392 3.64831
0.86831 3.51432
0.869422 3.3903
0.873558 3.28586
0.870614 3.16235
0.871043 3.05838
0.864063 2.93547
0.875345 2.87991
0.876739 2.79575
0.879797 2.72132
0.878453 2.63756
0.882191 2.57296
0.88486 2.50851
0.883055 2.43481
0.887006 2.38009
0.882914 2.30681
0.884914 2.2524
0.882288 2.18887
0.886254 2.14405
0.8934 2.10854
0.888044 2.04555
0.889776 2.0011
0.890794 1.95678
0.891102 1.9126
0.890702 1.86857
0.889597 1.8247
0.878867 1.76309
0.894363 1.75528
0.891316 1.71186
0.892271 1.67745
0.89269 1.64317
0.887725 1.60026
0.89193 1.57498
0.89576 1.54975
0.894134 1.51596
0.891984 1.48232
0.894544 1.45736
0.891427 1.42399
0.898555 1.40766
0.900009 1.38293
0.895571 1.34995
0.890622 1.31715
0.896515 1.30102
0.896447 1.27671
0.896021 1.2525
0.901128 1.23647
0.894102 1.2044
0.898645 1.1885
0.896876 1.16469
0.894759 1.14101
0.898534 1.12527
0.889486 1.09404
0.892711 1.07846
0.895731 1.0629
0.898548 1.04738
0.907738 1.03943
0.896927 1.00897
0.899069 0.993617
0.894237 0.970948
0.902755 0.963034
0.897396 0.940574
0.89868 0.925459
0.899767 0.910395
