-1.06144 1.07398
-1.06587 1.09764
-1.05616 1.10699
-1.06005 1.13084
-1.0636 1.15484
-1.0668 1.179
-1.06967 1.20329
-1.0656 1.2202
-1.06133 1.23713
-1.06972 1.26937
-1.06487 1.28645
-1.06612 1.31129
-1.06701 1.33626
-1.07371 1.36922
-1.06771 1.38654
-1.07355 1.41982
-1.07292 1.44528
-1.07782 1.47892
-1.09384 1.52902
-1.09182 1.55497
-1.10078 1.59746
-1.09787 1.62366
-1.10011 1.65827
-1.13455 1.74333
-1.73254 2.71417
-1.71918 2.74628
-1.70015 2.76984
-1.66538 2.76757
-1.63585 2.77351
-1.59635 2.76184
-1.57196 2.7758
-1.53775 2.77204
-1.50372 2.76791
-1.46989 2.76339
-1.4455 2.77623
-1.41645 2.77994
-1.37852 2.76546
-1.35411 2.7775
-1.32099 2.77126
-1.2923 2.77373
-1.26368 2.7759
-1.23512 2.77778
-1.20662 2.77938
-1.17819 2.7807
-1.14983 2.78172
-1.12529 2.79174
-1.11894 2.84808
-1.1224 2.93254
-1.1105 2.9798
-1.11148 3.06467
-1.11439 3.15922
-1.11246 3.24458
-1.11544 3.34913
-1.11666 3.45398
-1.11911 3.56864
-1.11962 3.68361
-1.12384 3.81803
-0.0344742 0.869317
-0.0268159 0.869587
-0.0189352 0.859792
-0.0113614 0.859925
-0.00374263 0.849992
0.00365621 0.829992
0.0109667 0.829928
0.0184966 0.839796
0.0252763 0.81961
0.0324946 0.819356
0.0397103 0.819038
0.0474951 0.82864
0.0554521 0.838168
0.0620846 0.827675
0.0693725 0.827096
0.0766549 0.826453
0.0849426 0.835694
0.0923002 0.834914
0.100837 0.843998
0.108267 0.843077
0.115689 0.84209
0.12455 0.850933
0.135111 0.869566
0.146009 0.888077
0.242772 1.06262
0.247496 1.04098
0.249459 1.00964
0.260827 1.01709
0.267206 1.00509
0.276048 1.0027
0.28487 1.00022
0.293669 0.997677
0.299537 0.985484
0.311198 0.992349
0.31685 0.980054
0.32863 0.986713
0.337308 0.98378
0.34596 0.980771
0.361405 0.996487
0.419058 1.12445
0.882914 2.30681
0.884914 2.2524
0.886027 2.19815
0.886254 2.14405
0.889499 2.09933
0.892027 2.05472
0.893839 2.01024
0.886651 1.94768
0.895325 1.92166
0.895005 1.8776
0.889597 1.8247
0.883329 1.77204
0.889823 1.74637
0.886698 1.70299
0.892271 1.67745
0.887916 1.63438
0.892576 1.60901
0.89193 1.57498
0.890755 1.54109
0.899215 1.52457
0.891984 1.48232
0.899775 1.46588
0.902039 1.44095
0.893174 1.39923
0.8891 1.36616
0.895571 1.34995
0.896224 1.32544
0.896515 1.30102
0.8907 1.26852
0.901839 1.26063
0.901128 1.23647
0.894102 1.2044
0.898645 1.1885
0.902977 1.17262
0.900929 1.14888
0.898534 1.12527
0.895794 1.1018
0.899088 1.08616
0.895731 1.0629
0.892036 1.03979
0.894583 1.02436
0.896927 1.00897
0.89236 0.986202
0.894237 0.970948
0.902755 0.963034
0.897396 0.940574
0.89868 0.925459
0.906796 0.917508
