-1.06847 1.0811
-1.06587 1.09764
-1.06307 1.11422
-1.06005 1.13084
-1.0636 1.15484
-1.0668 1.179
-1.06967 1.20329
-1.0656 1.2202
-1.06133 1.23713
-1.06972 1.26937
-1.07125 1.29415
-1.07874 1.32681
-1.06701 1.33626
-1.06754 1.36135
-1.07381 1.39447
-1.07355 1.41982
-1.06696 1.43725
-1.08371 1.487
-1.10548 1.54529
-1.09757 1.56315
-1.09511 1.58923
-1.09787 1.62366
-1.10011 1.65827
-1.13455 1.74333
-1.73792 2.7226
-1.71918 2.74628
-1.69492 2.76131
-1.66538 2.76757
-1.63077 2.7649
-1.60636 2.77916
-1.57196 2.7758
-1.53775 2.77204
-1.50372 2.76791
-1.47459 2.77222
-1.4455 2.77623
-1.41645 2.77994
-1.38744 2.78336
-1.35411 2.7775
-1.32529 2.78029
-1.29653 2.78279
-1.26782 2.785
-1.23512 2.77778
-1.20662 2.77938
-1.17819 2.7807
-1.14983 2.78172
-1.12529 2.79174
-1.12259 2.85739
-1.12598 2.94188
-1.1105 2.9798
-1.11148 3.06467
-1.11106 3.14979
-1.11571 3.25404
-1.1186 3.35862
-1.11973 3.46349
-1.11911 3.56864
-1.12253 3.69317
-1.12384 3.81803
-0.213925 2.85199
-0.186815 2.82383
-0.160219 2.79541
-0.13559 2.79672
-0.11214 2.82778
-0.0881533 2.85864
-0.0649523 2.94928
-0.0393686 2.97974
-0.0129451 2.93997
0.0129509 2.93997
0.0388459 2.93974
0.0653985 2.96928
0.0924744 2.99857
0.864178 3.78254
0.867392 3.64831
0.86831 3.51432
0.871906 3.39998
0.870988 3.2762
0.873268 3.17199
0.871043 3.05838
0.864063 2.93547
0.878253 2.88948
0.876739 2.79575
0.876721 2.7118
0.881613 2.64705
0.882191 2.57296
0.881534 2.49908
0.883055 2.43481
0.883514 2.37072
0.886488 2.31615
0.888571 2.26171
0.886027 2.19815
0.886254 2.14405
0.8934 2.10854
0.888044 2.04555
0.889776 2.0011
0.890794 1.95678
0.891102 1.9126
0.890702 1.86857
0.885215 1.81571
0.883329 1.77204
0.889823 1.74637
0.891316 1.71186
0.896967 1.68628
0.887916 1.63438
0.897427 1.61775
0.89193 1.57498
0.89576 1.54975
0.899215 1.52457
0.902296 1.49945
0.894544 1.45736
0.896733 1.43247
0.893174 1.39923
0.900009 1.38293
0.901099 1.35828
0.896224 1.32544
0.902189 1.30926
0.896447 1.27671
0.901839 1.26063
0.895239 1.22839
0.894102 1.2044
0.904676 1.19648
0.896876 1.16469
0.894759 1.14101
0.898534 1.12527
0.895794 1.1018
0.899088 1.08616
0.902176 1.07055
0.898548 1.04738
0.90116 1.0319
0.896927 1.00897
0.905779 1.00103
0.901012 0.978303
0.895916 0.955738
0.904299 0.947809
0.89868 0.925459
0.892737 0.903283
