-1.06144 1.07398
-1.05891 1.09047
-1.06307 1.11422
-1.06689 1.13813
-1.05682 1.14749
-1.06009 1.17158
-1.06302 1.19582
-1.0656 1.2202
-1.06784 1.24472
-1.06972 1.26937
-1.07125 1.29415
-1.07243 1.31905
-1.06701 1.33626
-1.06754 1.36135
-1.06771 1.38654
-1.07355 1.41982
-1.06696 1.43725
-1.07782 1.47892
-1.09966 1.53716
-1.09757 1.56315
-1.10078 1.59746
-1.09787 1.62366
-1.10011 1.65827
-1.13455 1.74333
-1.73792 2.7226
-1.71918 2.74628
-1.68969 2.75279
-1.66538 2.76757
-1.63077 2.7649
-1.60135 2.7705
-1.56703 2.76709
-1.53775 2.77204
-1.50372 2.76791
-1.47459 2.77222
-1.44088 2.76736
-1.41645 2.77994
-1.38298 2.77441
-1.35411 2.7775
-1.32959 2.78932
-1.30075 2.79185
-1.26368 2.7759
-1.23512 2.77778
-1.20662 2.77938
-1.17819 2.7807
-1.14601 2.77248
-1.12529 2.79174
-1.11528 2.83878
-1.1224 2.93254
-1.1105 2.9798
-1.11148 3.06467
-1.11439 3.15922
-1.11571 3.25404
-1.11544 3.34913
-1.11666 3.45398
-1.11611 3.5591
-1.12253 3.69317
-1.12102 3.80844
0.289781 1.3799
0.2955 1.34799
0.302908 1.32584
0.307635 1.29393
0.316621 1.28146
0.33038 1.28831
0.339146 1.27569
0.355678 1.29193
0.367043 1.28875
0.381204 1.29506
0.392597 1.29165
0.412935 1.31677
0.452203 1.39872
0.597222 1.79316
0.882191 2.57296
0.874881 2.48022
0.470508 1.29731
0.450487 1.20879
0.461117 1.20477
0.468054 1.19135
0.474791 1.17791
0.492788 1.19217
0.503269 1.18778
0.50973 1.17413
0.524114 1.17873
0.53862 1.18317
0.553244 1.18744
0.567984 1.19155
0.62228 1.27639
0.874406 1.75414
0.889823 1.74637
0.891316 1.71186
0.892271 1.67745
0.89269 1.64317
0.897427 1.61775
0.896858 1.58368
0.89576 1.54975
0.894134 1.51596
0.902296 1.49945
0.894544 1.45736
0.896733 1.43247
0.893174 1.39923
0.900009 1.38293
0.906627 1.36661
0.901825 1.33372
0.896515 1.30102
0.8907 1.26852
0.896021 1.2525
0.901128 1.23647
0.900063 1.21243
0.892614 1.18053
0.896876 1.16469
0.894759 1.14101
0.898534 1.12527
0.902102 1.10955
0.899088 1.08616
0.895731 1.0629
0.898548 1.04738
0.90116 1.0319
0.896927 1.00897
0.89236 0.986202
0.894237 0.970948
0.902755 0.963034
0.897396 0.940574
0.89868 0.925459
0.899767 0.910395
