-1.06144 1.07398
-1.06587 1.09764
-1.06307 1.11422
-1.06689 1.13813
-1.07037 1.1622
-1.0668 1.179
-1.06967 1.20329
-1.0656 1.2202
-1.06784 1.24472
-1.06328 1.26172
-1.07125 1.29415
-1.07243 1.31905
-1.07325 1.34408
-1.06754 1.36135
-1.07381 1.39447
-1.06752 1.41185
-1.06696 1.43725
-1.08371 1.487
-1.09966 1.53716
-1.09757 1.56315
-1.10078 1.59746
-1.10907 1.64023
-1.10011 1.65827
-1.13455 1.74333
-1.7433 2.73103
-1.71918 2.74628
-1.69492 2.76131
-1.66538 2.76757
-1.63585 2.77351
-1.60636 2.77916
-1.57196 2.7758
-1.53775 2.77204
-1.50372 2.76791
-1.47459 2.77222
-1.4455 2.77623
-1.41191 2.77103
-1.38298 2.77441
-1.35411 2.7775
-1.32529 2.78029
-1.29653 2.78279
-1.26368 2.7759
-1.24324 2.79606
-1.20662 2.77938
-1.17819 2.7807
-1.14983 2.78172
-1.12529 2.79174
-1.11894 2.84808
-1.1224 2.93254
-1.11399 2.98917
-1.11489 3.07407
-1.11439 3.15922
-1.11571 3.25404
-1.11544 3.34913
-1.11973 3.46349
-1.11911 3.56864
-1.11962 3.68361
-1.12384 3.81803
-0.272547 1.65774
-0.248723 1.60079
-0.231717 1.58313
-0.216403 1.5752
-0.201246 1.56713
-0.188621 1.57877
-0.174708 1.58037
-0.162803 1.60175
-0.150536 1.62303
-0.139577 1.66416
-0.112946 1.50577
-0.0963782 1.45682
-0.0823983 1.43764
-0.069248 1.42832
-0.0566645 1.42888
-0.0440766 1.42932
-0.0317055 1.43965
-0.0191558 1.44987
-0.00638449 1.44999
0.00647546 1.46999
0.0196872 1.48987
0.0332498 1.50963
0.864178 3.78254
0.867392 3.64831
0.86831 3.51432
0.869422 3.3903
0.873558 3.28586
0.873268 3.17199
0.873782 3.068
0.866887 2.94506
0.875345 2.87991
0.876739 2.79575
0.879797 2.72132
0.881613 2.64705
0.878947 2.5635
0.881534 2.49908
0.883055 2.43481
0.887006 2.38009
0.890063 2.32549
0.888571 2.26171
0.886027 2.19815
0.886254 2.14405
0.889499 2.09933
0.892027 2.05472
0.893839 2.01024
0.894937 1.96588
0.891102 1.9126
0.886399 1.85954
0.889597 1.8247
0.883329 1.77204
0.894363 1.75528
0.891316 1.71186
0.896967 1.68628
0.89269 1.64317
0.892576 1.60901
0.89193 1.57498
0.89576 1.54975
0.899215 1.52457
0.89714 1.49089
0.894544 1.45736
0.896733 1.43247
0.898555 1.40766
0.900009 1.38293
0.895571 1.34995
0.901825 1.33372
0.896515 1.30102
0.902193 1.28489
0.896021 1.2525
0.901128 1.23647
0.900063 1.21243
0.898645 1.1885
0.896876 1.16469
0.900929 1.14888
0.898534 1.12527
0.902102 1.10955
0.899088 1.08616
0.902176 1.07055
0.898548 1.04738
0.90116 1.0319
0.903571 1.01644
0.899069 0.993617
0.901012 0.978303
0.902755 0.963034
0.904299 0.947809
0.89868 0.925459
0.906796 0.917508
