-1.06144 1.07398
-1.06587 1.09764
-1.06307 1.11422
-1.06689 1.13813
-1.0636 1.15484
-1.0668 1.179
-1.06302 1.19582
-1.0656 1.2202
-1.07435 1.25231
-1.06972 1.26937
-1.06487 1.28645
-1.07243 1.31905
-1.07325 1.34408
-1.07371 1.36922
-1.07381 1.39447
-1.07355 1.41982
-1.06696 1.43725
-1.07782 1.47892
-1.09966 1.53716
-1.09757 1.56315
-1.09511 1.58923
-1.09787 1.62366
-1.10011 1.65827
-1.14001 1.75171
-1.73792 2.7226
-1.71918 2.74628
-1.68969 2.75279
-1.66538 2.76757
-1.63077 2.7649
-1.60636 2.77916
-1.57196 2.7758
-1.5329 2.7633
-1.5085 2.77669
-1.47459 2.77222
-1.44088 2.76736
-1.41191 2.77103
-1.38298 2.77441
-1.35411 2.7775
-1.32529 2.78029
-1.29653 2.78279
-1.26782 2.785
-1.23918 2.78692
-1.20662 2.77938
-1.17819 2.7807
-1.14983 2.78172
-1.12155 2.78247
-1.11894 2.84808
-1.12598 2.94188
-1.11399 2.98917
-1.11148 3.06467
-1.11106 3.14979
-1.11571 3.25404
-1.11544 3.34913
-1.11973 3.46349
-1.11911 3.56864
-1.12253 3.69317
-1.12384 3.81803
-0.271662 2.27383
-0.251623 2.27613
-0.22752 2.23847
-0.205948 2.22047
-0.18471 2.20227
-0.164557 2.19384
-0.146548 2.21516
-0.128747 2.24631
-0.109925 2.26734
-0.0895537 2.25822
-0.0693514 2.24893
-0.0493197 2.23946
-0.0295925 2.2398
-0.00977487 2.21998
0.00982332 2.22998
0.029729 2.2498
0.0506453 2.29944
0.864178 3.78254
0.865079 3.63858
0.86831 3.51432
0.869422 3.3903
0.873558 3.28586
0.870614 3.16235
0.871043 3.05838
0.864063 2.93547
0.875345 2.87991
0.876739 2.79575
0.876721 2.7118
0.881613 2.64705
0.882191 2.57296
0.881534 2.49908
0.883055 2.43481
0.880021 2.36135
0.882914 2.30681
0.884914 2.2524
0.886027 2.19815
0.886254 2.14405
0.889499 2.09933
0.888044 2.04555
0.889776 2.0011
0.890794 1.95678
0.891102 1.9126
0.890702 1.86857
0.889597 1.8247
0.883329 1.77204
0.889823 1.74637
0.891316 1.71186
0.896967 1.68628
0.89269 1.64317
0.897427 1.61775
0.89193 1.57498
0.890755 1.54109
0.899215 1.52457
0.89714 1.49089
0.894544 1.45736
0.891427 1.42399
0.893174 1.39923
0.894555 1.37454
0.901099 1.35828
0.896224 1.32544
0.896515 1.30102
0.902193 1.28489
0.901839 1.26063
0.895239 1.22839
0.900063 1.21243
0.898645 1.1885
0.896876 1.16469
0.900929 1.14888
0.898534 1.12527
0.902102 1.10955
0.899088 1.08616
0.902176 1.07055
0.898548 1.04738
0.90116 1.0319
0.896927 1.00897
0.899069 0.993617
0.901012 0.978303
0.902755 0.963034
0.897396 0.940574
0.89868 0.925459
0.906796 0.917508
