-1.05441 1.06687
-1.06587 1.09764
-1.05616 1.10699
-1.06005 1.13084
-1.07037 1.1622
-1.06009 1.17158
-1.06302 1.19582
-1.05903 1.21267
-1.06784 1.24472
-1.06972 1.26937
-1.06487 1.28645
-1.07243 1.31905
-1.07325 1.34408
-1.06754 1.36135
-1.06771 1.38654
-1.06752 1.41185
-1.07292 1.44528
-1.07782 1.47892
-1.09966 1.53716
-1.09757 1.56315
-1.09511 1.58923
-1.09787 1.62366
-1.10011 1.65827
-1.13455 1.74333
-1.73792 2.7226
-1.71918 2.74628
-1.70015 2.76984
-1.66022 2.759
-1.63585 2.77351
-1.59635 2.76184
-1.57196 2.7758
-1.53775 2.77204
-1.50372 2.76791
-1.47459 2.77222
-1.4455 2.77623
-1.41191 2.77103
-1.38744 2.78336
-1.35411 2.7775
-1.32529 2.78029
-1.29653 2.78279
-1.25954 2.7668
-1.23512 2.77778
-1.20662 2.77938
-1.17819 2.7807
-1.14983 2.78172
-1.12155 2.78247
-1.11894 2.84808
-1.1224 2.93254
-1.11399 2.98917
-1.11148 3.06467
-1.11439 3.15922
-1.11571 3.25404
-1.1186 3.35862
-1.11666 3.45398
-1.1221 3.57818
-1.11962 3.68361
-1.12384 3.81803
-0.307025 2.09765
-0.285815 2.08046
-0.263658 2.05314
-0.244377 2.04545
-0.226351 2.04753
-0.206285 2.02954
-0.188401 2.03128
-0.169666 2.0229
-0.153338 2.04426
-0.136646 2.06548
-0.0477785 2.16947
-0.0282714 2.13981
-0.00937859 2.12998
0.00933876 2.11998
0.0280114 2.11981
0.0464616 2.10949
0.0653486 2.11899
0.0844066 2.12833
0.104118 2.14748
0.861951 3.77279
0.867392 3.64831
0.86831 3.51432
0.869422 3.3903
0.873558 3.28586
0.873268 3.17199
0.871043 3.05838
0.864063 2.93547
0.872437 2.87034
0.876739 2.79575
0.876721 2.7118
0.878453 2.63756
0.882191 2.57296
0.881534 2.49908
0.886464 2.44421
0.883514 2.37072
0.886488 2.31615
0.884914 2.2524
0.886027 2.19815
0.886254 2.14405
0.8934 2.10854
0.892027 2.05472
0.893839 2.01024
0.890794 1.95678
0.895325 1.92166
0.890702 1.86857
0.885215 1.81571
0.878867 1.76309
0.889823 1.74637
0.891316 1.71186
0.892271 1.67745
0.89269 1.64317
0.892576 1.60901
0.896858 1.58368
0.89576 1.54975
0.899215 1.52457
0.89714 1.49089
0.894544 1.45736
0.891427 1.42399
0.898555 1.40766
0.894555 1.37454
0.901099 1.35828
0.896224 1.32544
0.902189 1.30926
0.902193 1.28489
0.896021 1.2525
0.895239 1.22839
0.900063 1.21243
0.898645 1.1885
0.896876 1.16469
0.900929 1.14888
0.898534 1.12527
0.902102 1.10955
0.892711 1.07846
0.895731 1.0629
0.885525 1.0322
0.90116 1.0319
0.896927 1.00897
0.89236 0.986202
0.894237 0.970948
0.895916 0.955738
0.897396 0.940574
0.89868 0.925459
0.899767 0.910395
