-1.06144 1.07398
-1.06587 1.09764
-1.06307 1.11422
-1.06689 1.13813
-1.0636 1.15484
-1.0668 1.179
-1.06967 1.20329
-1.0656 1.2202
-1.07435 1.25231
-1.06328 1.26172
-1.07125 1.29415
-1.07243 1.31905
-1.06077 1.32845
-1.07371 1.36922
-1.07381 1.39447
-1.07355 1.41982
-1.07292 1.44528
-1.08371 1.487
-1.09966 1.53716
-1.09757 1.56315
-1.09511 1.58923
-1.09787 1.62366
-1.10011 1.65827
-1.13455 1.74333
-1.73792 2.7226
-1.71918 2.74628
-1.70015 2.76984
-1.66022 2.759
-1.63077 2.7649
-1.60636 2.77916
-1.56703 2.76709
-1.5329 2.7633
-1.5085 2.77669
-1.46989 2.76339
-1.44088 2.76736
-1.41645 2.77994
-1.38298 2.77441
-1.35411 2.7775
-1.32099 2.77126
-1.2923 2.77373
-1.26368 2.7759
-1.23918 2.78692
-1.20662 2.77938
-1.18209 2.7899
-1.14983 2.78172
-1.12155 2.78247
-1.11894 2.84808
-1.12598 2.94188
-1.1105 2.9798
-1.11148 3.06467
-1.11439 3.15922
-1.11571 3.25404
-1.11544 3.34913
-1.11973 3.46349
-1.11911 3.56864
-1.11962 3.68361
-1.12384 3.81803
-0.338207 1.36884
-0.321511 1.35231
-0.302905 1.32584
-0.293357 1.33822
-0.279503 1.33097
-0.267769 1.33338
-0.257896 1.34551
-0.247831 1.35756
-0.237573 1.36955
-0.228745 1.39132
-0.219552 1.41305
-0.211442 1.44461
-0.118683 1.41503
-0.104718 1.39608
-0.0910972 1.37699
-0.0778206 1.35777
-0.0658582 1.3584
-0.0538907 1.35893
-0.0422273 1.36935
-0.0303845 1.37967
-0.018099 1.36988
-0.00616433 1.39999
0.00616711 1.39999
0.0188945 1.42988
0.0317084 1.43965
0.861951 3.77279
0.865079 3.63858
0.86831 3.51432
0.869422 3.3903
0.870988 3.2762
0.870614 3.16235
0.873782 3.068
0.866887 2.94506
0.875345 2.87991
0.879731 2.80529
0.876721 2.7118
0.878453 2.63756
0.878947 2.5635
0.881534 2.49908
0.883055 2.43481
0.887006 2.38009
0.886488 2.31615
0.888571 2.26171
0.886027 2.19815
0.890074 2.15329
0.889499 2.09933
0.888044 2.04555
0.885713 1.99196
0.890794 1.95678
0.895325 1.92166
0.890702 1.86857
0.889597 1.8247
0.878867 1.76309
0.889823 1.74637
0.891316 1.71186
0.892271 1.67745
0.89269 1.64317
0.887725 1.60026
0.89193 1.57498
0.89576 1.54975
0.894134 1.51596
0.89714 1.49089
0.899775 1.46588
0.896733 1.43247
0.893174 1.39923
0.900009 1.38293
0.906627 1.36661
0.896224 1.32544
0.896515 1.30102
0.902193 1.28489
0.896021 1.2525
0.901128 1.23647
0.900063 1.21243
0.898645 1.1885
0.896876 1.16469
0.900929 1.14888
0.898534 1.12527
0.895794 1.1018
0.899088 1.08616
0.902176 1.07055
0.898548 1.04738
0.894583 1.02436
0.890283 1.0015
0.899069 0.993617
0.901012 0.978303
0.909594 0.970329
0.897396 0.940574
0.89868 0.925459
0.892737 0.903283
