-1.06144 1.07398
-1.05891 1.09047
-1.06997 1.12146
-1.06689 1.13813
-1.0636 1.15484
-1.0668 1.179
-1.06302 1.19582
-1.0656 1.2202
-1.06784 1.24472
-1.06972 1.26937
-1.07763 1.30185
-1.07243 1.31905
-1.07325 1.34408
-1.07988 1.37708
-1.06771 1.38654
-1.07355 1.41982
-1.07292 1.44528
-1.08371 1.487
-1.09966 1.53716
-1.09757 1.56315
-1.10078 1.59746
-1.09787 1.62366
-1.10564 1.6666
-1.13455 1.74333
-1.7433 2.73103
-1.71918 2.74628
-1.70015 2.76984
-1.66538 2.76757
-1.63077 2.7649
-1.60636 2.77916
-1.56703 2.76709
-0.460839 0.830739
-0.44873 0.825979
-0.432045 0.812242
-0.420256 0.807146
-0.40859 0.801906
-0.39705 0.796524
-0.394401 0.808979
-0.38726 0.812422
-0.380089 0.815801
-0.368746 0.810016
-0.357534 0.804095
-0.350437 0.807213
-0.343314 0.810269
-0.339984 0.822503
-0.332726 0.825466
-0.332755 0.846979
-0.332431 0.868556
-0.32826 0.880821
-1.11148 3.06467
-1.11439 3.15922
-1.11571 3.25404
-1.11544 3.34913
-0.281273 0.896931
-0.270454 0.889806
-0.262606 0.892154
-0.251998 0.884815
-0.238886 0.867717
-0.233803 0.879452
-0.22108 0.862104
-0.211079 0.85431
-0.203546 0.856136
-0.198225 0.867645
-0.190575 0.869357
-0.184965 0.880788
-0.175231 0.872579
-0.165656 0.864267
-0.163425 0.895205
-0.160661 0.926169
-0.155741 0.947283
0.861951 3.77279
0.865079 3.63858
0.86831 3.51432
0.869422 3.3903
0.873558 3.28586
0.873268 3.17199
0.868304 3.04876
0.864063 2.93547
0.875345 2.87991
0.873747 2.78621
0.876721 2.7118
0.878453 2.63756
0.882191 2.57296
0.88486 2.50851
0.886464 2.44421
0.883514 2.37072
0.886488 2.31615
0.881258 2.2431
0.889766 2.20742
0.890074 2.15329
0.889499 2.09933
0.892027 2.05472
0.889776 2.0011
0.890794 1.95678
0.891102 1.9126
0.895005 1.8776
0.889597 1.8247
0.883329 1.77204
0.894363 1.75528
0.891316 1.71186
0.887575 1.66863
0.897464 1.65196
0.892576 1.60901
0.89193 1.57498
0.89576 1.54975
0.894134 1.51596
0.89714 1.49089
0.894544 1.45736
0.896733 1.43247
0.893174 1.39923
0.905464 1.39131
0.895571 1.34995
0.896224 1.32544
0.902189 1.30926
0.896447 1.27671
0.896021 1.2525
0.901128 1.23647
0.894102 1.2044
0.898645 1.1885
0.902977 1.17262
0.900929 1.14888
0.904774 1.13309
0.902102 1.10955
0.892711 1.07846
0.895731 1.0629
0.898548 1.04738
0.90116 1.0319
0.890283 1.0015
0.899069 0.993617
0.901012 0.978303
0.902755 0.963034
0.897396 0.940574
0.89868 0.925459
0.899767 0.910395
