-1.05441 1.06687
-1.05891 1.09047
-1.06307 1.11422
-1.06005 1.13084
-1.0636 1.15484
-1.06009 1.17158
-1.06302 1.19582
-1.07218 1.22773
-1.06784 1.24472
-1.06972 1.26937
-1.06487 1.28645
-1.06612 1.31129
-1.06701 1.33626
-1.07371 1.36922
-1.06771 1.38654
-1.07355 1.41982
-1.07292 1.44528
-1.07782 1.47892
-1.09384 1.52902
-1.09757 1.56315
-1.09511 1.58923
-1.09787 1.62366
-1.10011 1.65827
-1.13455 1.74333
-1.73792 2.7226
-1.71387 2.7378
-1.69492 2.76131
-1.66022 2.759
-1.63077 2.7649
-1.59635 2.76184
-1.56703 2.76709
-1.53775 2.77204
-1.50372 2.76791
-1.47459 2.77222
-1.44088 2.76736
-1.41191 2.77103
-1.37852 2.76546
-1.34973 2.76851
-1.32099 2.77126
-1.2923 2.77373
-1.26368 2.7759
-0.771948 1.73612
-0.684946 1.57774
-0.655417 1.54688
-0.637947 1.54335
-0.624328 1.54891
-0.607004 1.54504
-0.596947 1.55966
-0.583186 1.56486
-0.579608 1.59814
-0.605427 1.71635
-0.567583 1.6554
-1.11544 3.34913
-1.11666 3.45398
-1.11911 3.56864
-0.546724 1.79875
-0.530859 1.80349
-0.506736 1.77925
-0.48839 1.774
-0.472745 1.77823
-0.457064 1.78233
-0.438949 1.77658
-0.430223 1.80956
-0.418722 1.83278
-0.406845 1.85593
0.864178 3.78254
0.865079 3.63858
0.865912 3.50461
0.869422 3.3903
0.870988 3.2762
0.873268 3.17199
0.873782 3.068
0.864063 2.93547
0.875345 2.87991
0.876739 2.79575
0.876721 2.7118
0.875293 2.62807
0.882191 2.57296
0.881534 2.49908
0.879645 2.42541
0.883514 2.37072
0.886488 2.31615
0.884914 2.2524
0.886027 2.19815
0.890074 2.15329
0.889499 2.09933
0.884062 2.03638
0.893839 2.01024
0.886651 1.94768
0.891102 1.9126
0.886399 1.85954
0.885215 1.81571
0.878867 1.76309
0.894363 1.75528
0.891316 1.71186
0.887575 1.66863
0.89269 1.64317
0.887725 1.60026
0.887002 1.56628
0.89576 1.54975
0.894134 1.51596
0.89714 1.49089
0.894544 1.45736
0.891427 1.42399
0.893174 1.39923
0.900009 1.38293
0.895571 1.34995
0.890622 1.31715
0.896515 1.30102
0.902193 1.28489
0.890203 1.24436
0.895239 1.22839
0.900063 1.21243
0.898645 1.1885
0.890775 1.15677
0.900929 1.14888
0.898534 1.12527
0.889486 1.09404
0.905464 1.09386
0.895731 1.0629
0.892036 1.03979
0.894583 1.02436
0.896927 1.00897
0.899069 0.993617
0.901012 0.978303
0.895916 0.955738
0.890493 0.933339
0.891713 0.918285
0.899767 0.910395
