-1.06144 1.07398
-1.05891 1.09047
-1.06307 1.11422
-1.06689 1.13813
-1.0636 1.15484
-1.06009 1.17158
-1.05638 1.18835
-1.07218 1.22773
-1.06784 1.24472
-1.06972 1.26937
-1.06487 1.28645
-1.06612 1.31129
-1.06701 1.33626
-1.06754 1.36135
-1.06771 1.38654
-1.07355 1.41982
-1.06696 1.43725
-1.07782 1.47892
-1.09384 1.52902
-1.09182 1.55497
-1.10078 1.59746
-1.09787 1.62366
-1.10011 1.65827
-1.13455 1.74333
-1.73792 2.7226
-1.71918 2.74628
-1.70015 2.76984
-1.66022 2.759
-1.63077 2.7649
-1.59635 2.76184
-1.56703 2.76709
-1.5426 2.78079
-1.50372 2.76791
-1.47459 2.77222
-1.44088 2.76736
-1.41645 2.77994
-1.38744 2.78336
-1.35411 2.7775
-1.32529 2.78029
-1.2923 2.77373
-1.26368 2.7759
-1.23512 2.77778
-1.20662 2.77938
-1.17819 2.7807
-1.14983 2.78172
-1.12529 2.79174
-1.11894 2.84808
-1.1224 2.93254
-1.1105 2.9798
-1.11148 3.06467
-1.11439 3.15922
-1.11571 3.25404
-1.11544 3.34913
-1.11973 3.46349
-1.11611 3.5591
-1.11962 3.68361
-1.12384 3.81803
-0.350418 2.13139
-0.32856 2.11463
-0.307025 2.09765
-0.285815 2.08046
-0.266205 2.07298
-0.247936 2.07524
-0.228549 2.06741
-0.21033 2.06934
-0.193942 2.09103
-0.166053 2.21378
-0.145227 2.1952
-0.125314 2.18641
-0.105567 2.17744
-0.0859874 2.1683
-0.0665773 2.15897
-0.0475583 2.15948
-0.0285356 2.15981
-0.00959875 2.17998
0.861951 3.77279
0.862766 3.62885
0.86831 3.51432
0.871906 3.39998
0.870988 3.2762
0.870614 3.16235
0.873782 3.068
0.866887 2.94506
0.875345 2.87991
0.876739 2.79575
0.879797 2.72132
0.878453 2.63756
0.882191 2.57296
0.881534 2.49908
0.883055 2.43481
0.883514 2.37072
0.886488 2.31615
0.888571 2.26171
0.889766 2.20742
0.886254 2.14405
0.885598 2.09012
0.892027 2.05472
0.889776 2.0011
0.890794 1.95678
0.891102 1.9126
0.890702 1.86857
0.889597 1.8247
0.878867 1.76309
0.889823 1.74637
0.895934 1.72073
0.887575 1.66863
0.89269 1.64317
0.887725 1.60026
0.887002 1.56628
0.900764 1.5584
0.894134 1.51596
0.89714 1.49089
0.899775 1.46588
0.896733 1.43247
0.898555 1.40766
0.900009 1.38293
0.890042 1.34161
0.896224 1.32544
0.896515 1.30102
0.896447 1.27671
0.896021 1.2525
0.901128 1.23647
0.894102 1.2044
0.892614 1.18053
0.896876 1.16469
0.9071 1.15675
0.892294 1.11746
0.895794 1.1018
0.899088 1.08616
0.895731 1.0629
0.892036 1.03979
0.894583 1.02436
0.896927 1.00897
0.899069 0.993617
0.901012 0.978303
0.895916 0.955738
0.897396 0.940574
0.89868 0.925459
0.892737 0.903283
