-1.06144 1.07398
-1.05891 1.09047
-1.06307 1.11422
-1.06005 1.13084
-1.07037 1.1622
-1.0668 1.179
-1.07631 1.21077
-1.0656 1.2202
-1.06784 1.24472
-1.06972 1.26937
-1.07125 1.29415
-1.06612 1.31129
-1.06701 1.33626
-1.06754 1.36135
-1.06771 1.38654
-1.06752 1.41185
-1.07292 1.44528
-1.07782 1.47892
-1.09966 1.53716
-1.09757 1.56315
-1.10078 1.59746
-1.09787 1.62366
-1.10564 1.6666
-1.13455 1.74333
-1.73254 2.71417
-1.71918 2.74628
-1.69492 2.76131
-1.66538 2.76757
-1.63585 2.77351
-1.60135 2.7705
-1.57196 2.7758
-1.53775 2.77204
-1.50372 2.76791
-1.47459 2.77222
-1.4455 2.77623
-1.41191 2.77103
-1.38298 2.77441
-1.35849 2.78648
-1.32099 2.77126
-1.29653 2.78279
-1.26782 2.785
-1.23512 2.77778
-1.20662 2.77938
-1.17819 2.7807
-1.14983 2.78172
-1.12155 2.78247
-1.11894 2.84808
-1.1224 2.93254
-1.10701 2.97043
-1.11148 3.06467
-1.11439 3.15922
-1.11246 3.24458
-1.11544 3.34913
-1.11973 3.46349
-1.11911 3.56864
-1.11962 3.68361
-1.12102 3.80844
-0.0794239 0.856325
-0.0710424 0.847026
-0.063579 0.847619
-0.0547904 0.82819
-0.0474935 0.82864
-0.0401929 0.829026
-0.0320967 0.809364
-0.0249665 0.809615
-0.0176142 0.799806
-0.0104366 0.789931
-0.00352248 0.799992
0.00352406 0.799992
0.0105703 0.79993
0.017836 0.809804
0.0252763 0.81961
0.0328908 0.829348
0.0401945 0.829026
0.0474951 0.82864
0.0561123 0.848146
0.201408 0.95908
0.207707 0.947501
0.207135 0.906639
0.2128 0.895051
0.218277 0.883434
0.221082 0.862104
0.228667 0.860123
0.236234 0.858076
0.243783 0.855961
0.248489 0.844188
0.258823 0.851534
0.269306 0.858763
0.276859 0.856358
0.281231 0.844399
0.291901 0.851348
0.312695 0.886466
0.3239 0.893078
0.366676 0.983895
0.882914 2.30681
0.888571 2.26171
0.886027 2.19815
0.886254 2.14405
0.889499 2.09933
0.888044 2.04555
0.889776 2.0011
0.890794 1.95678
0.895325 1.92166
0.890702 1.86857
0.889597 1.8247
0.883329 1.77204
0.894363 1.75528
0.895934 1.72073
0.892271 1.67745
0.89269 1.64317
0.892576 1.60901
0.896858 1.58368
0.89576 1.54975
0.894134 1.51596
0.902296 1.49945
0.899775 1.46588
0.896733 1.43247
0.898555 1.40766
0.894555 1.37454
0.895571 1.34995
0.896224 1.32544
0.896515 1.30102
0.896447 1.27671
0.896021 1.2525
0.895239 1.22839
0.900063 1.21243
0.898645 1.1885
0.896876 1.16469
0.9071 1.15675
0.892294 1.11746
0.895794 1.1018
0.892711 1.07846
0.895731 1.0629
0.898548 1.04738
0.894583 1.02436
0.896927 1.00897
0.89236 0.986202
0.901012 0.978303
0.902755 0.963034
0.897396 0.940574
0.905646 0.932633
0.899767 0.910395
