-1.06847 1.0811
-1.06587 1.09764
-1.06307 1.11422
-1.06689 1.13813
-1.05682 1.14749
-1.07351 1.18641
-1.06302 1.19582
-1.07218 1.22773
-1.07435 1.25231
-1.06972 1.26937
-1.07125 1.29415
-1.07243 1.31905
-1.07325 1.34408
-1.07371 1.36922
-1.06771 1.38654
-1.06752 1.41185
-1.06696 1.43725
-1.07782 1.47892
-1.09384 1.52902
-1.09757 1.56315
-1.09511 1.58923
-1.09787 1.62366
-1.10564 1.6666
-1.13455 1.74333
-1.73792 2.7226
-1.71918 2.74628
-1.70015 2.76984
-1.66538 2.76757
-1.63077 2.7649
-1.60636 2.77916
-1.57196 2.7758
-1.53775 2.77204
-1.50372 2.76791
-1.47459 2.77222
-1.4455 2.77623
-1.41191 2.77103
-1.38298 2.77441
-1.35411 2.7775
-1.32529 2.78029
-1.29653 2.78279
-1.27197 2.7941
-1.23512 2.77778
-1.20662 2.77938
-1.17819 2.7807
-1.14983 2.78172
-1.12155 2.78247
-1.12259 2.85739
-1.12598 2.94188
-1.11399 2.98917
-1.11148 3.06467
-1.11439 3.15922
-1.11571 3.25404
-1.1186 3.35862
-1.11666 3.45398
-1.11911 3.56864
-1.12253 3.69317
-1.12384 3.81803
-0.258563 2.01347
-0.234887 1.96602
-0.216462 1.95807
-0.196173 1.93006
-0.179165 1.93171
-0.165487 1.97307
-0.14885 1.98443
-0.134005 2.02557
-0.088618 1.82785
-0.0717222 1.80858
-0.0554811 1.79914
-0.0394117 1.78957
-0.0236476 1.78984
-0.00792557 1.79998
0.00797319 1.80998
0.0240475 1.81984
0.0405163 1.83955
0.864178 3.78254
0.865079 3.63858
0.86831 3.51432
0.871906 3.39998
0.870988 3.2762
0.870614 3.16235
0.871043 3.05838
0.864063 2.93547
0.872437 2.87034
0.876739 2.79575
0.879797 2.72132
0.878453 2.63756
0.882191 2.57296
0.88486 2.50851
0.883055 2.43481
0.883514 2.37072
0.886488 2.31615
0.884914 2.2524
0.889766 2.20742
0.886254 2.14405
0.8934 2.10854
0.892027 2.05472
0.889776 2.0011
0.890794 1.95678
0.895325 1.92166
0.890702 1.86857
0.889597 1.8247
0.878867 1.76309
0.889823 1.74637
0.891316 1.71186
0.896967 1.68628
0.897464 1.65196
0.892576 1.60901
0.89193 1.57498
0.89576 1.54975
0.899215 1.52457
0.89714 1.49089
0.894544 1.45736
0.896733 1.43247
0.893174 1.39923
0.894555 1.37454
0.895571 1.34995
0.901825 1.33372
0.896515 1.30102
0.896447 1.27671
0.896021 1.2525
0.901128 1.23647
0.894102 1.2044
0.898645 1.1885
0.896876 1.16469
0.900929 1.14888
0.904774 1.13309
0.889486 1.09404
0.899088 1.08616
0.902176 1.07055
0.905059 1.05497
0.894583 1.02436
0.896927 1.00897
0.899069 0.993617
0.907786 0.985659
0.895916 0.955738
0.904299 0.947809
0.905646 0.932633
0.892737 0.903283
