-1.06144 1.07398
-1.05891 1.09047
-1.05616 1.10699
-1.06005 1.13084
-1.05682 1.14749
-1.06009 1.17158
-1.06302 1.19582
-1.05903 1.21267
-1.06784 1.24472
-1.06328 1.26172
-1.06487 1.28645
-1.07243 1.31905
-1.07325 1.34408
-1.06137 1.35348
-1.07381 1.39447
-1.06752 1.41185
-1.07292 1.44528
-1.07782 1.47892
-1.09966 1.53716
-1.09182 1.55497
-1.10078 1.59746
-1.09787 1.62366
-1.09458 1.64994
-1.14001 1.75171
-1.73792 2.7226
-1.71918 2.74628
-1.69492 2.76131
-1.66538 2.76757
-1.63077 2.7649
-1.59635 2.76184
-1.57196 2.7758
-1.5329 2.7633
-1.50372 2.76791
-1.46989 2.76339
-1.43626 2.75849
-1.41645 2.77994
-1.38298 2.77441
-1.35411 2.7775
-1.32529 2.78029
-1.29653 2.78279
-1.26368 2.7759
-1.23512 2.77778
-1.20662 2.77938
-1.18209 2.7899
-1.14983 2.78172
-1.12529 2.79174
-1.12259 2.85739
-1.1224 2.93254
-1.11399 2.98917
-1.11148 3.06467
-1.11439 3.15922
-1.11895 3.2635
-1.1186 3.35862
-1.11666 3.45398
-1.08021 3.4446
-0.878247 2.88948
-0.807583 2.74361
-0.736821 2.58712
-0.679499 2.46817
-0.652594 2.45473
-0.633431 2.47007
-0.614049 2.48527
-0.596761 2.51004
0.861951 3.77279
0.865079 3.63858
0.865912 3.50461
0.869422 3.3903
0.870988 3.2762
0.873268 3.17199
0.871043 3.05838
0.864063 2.93547
0.875345 2.87991
0.876739 2.79575
0.876721 2.7118
0.878453 2.63756
0.882191 2.57296
0.878207 2.48965
0.886464 2.44421
0.883514 2.37072
0.882914 2.30681
0.884914 2.2524
0.886027 2.19815
0.886254 2.14405
0.889499 2.09933
0.892027 2.05472
0.889776 2.0011
0.890794 1.95678
0.895325 1.92166
0.890702 1.86857
0.889597 1.8247
0.878867 1.76309
0.885283 1.73746
0.891316 1.71186
0.896967 1.68628
0.89269 1.64317
0.892576 1.60901
0.89193 1.57498
0.89576 1.54975
0.894134 1.51596
0.89714 1.49089
0.894544 1.45736
0.891427 1.42399
0.898555 1.40766
0.894555 1.37454
0.895571 1.34995
0.896224 1.32544
0.896515 1.30102
0.896447 1.27671
0.901839 1.26063
0.901128 1.23647
0.906024 1.22046
0.898645 1.1885
0.896876 1.16469
0.900929 1.14888
0.898534 1.12527
0.895794 1.1018
0.899088 1.08616
0.792626 0.940555
0.670655 0.781743
0.657781 0.753209
0.651102 0.732438
0.650819 0.71926
0.64358 0.698788
0.64971 0.693092
0.662693 0.694578
0.668785 0.688714
0.674825 0.682796
