-1.06144 1.07398
-1.05194 1.08329
-1.06307 1.11422
-1.06689 1.13813
-1.0636 1.15484
-1.06009 1.17158
-1.06967 1.20329
-1.0656 1.2202
-1.06133 1.23713
-1.06972 1.26937
-1.06487 1.28645
-1.06612 1.31129
-1.07325 1.34408
-1.06754 1.36135
-1.07381 1.39447
-1.07958 1.4278
-1.07292 1.44528
-1.07782 1.47892
-1.09966 1.53716
-1.09757 1.56315
-1.10078 1.59746
-1.10347 1.63195
-1.10011 1.65827
-1.13455 1.74333
-1.7433 2.73103
-1.71918 2.74628
-1.69492 2.76131
-1.66538 2.76757
-1.63585 2.77351
-1.60135 2.7705
-1.56703 2.76709
-1.53775 2.77204
-1.50372 2.76791
-1.47459 2.77222
-1.44088 2.76736
-1.41191 2.77103
-1.38298 2.77441
-1.34973 2.76851
-1.32959 2.78932
-1.29653 2.78279
-1.26368 2.7759
-1.23105 2.76865
-1.20662 2.77938
-1.17819 2.7807
-1.14983 2.78172
-1.12155 2.78247
-1.11894 2.84808
-1.12598 2.94188
-1.1105 2.9798
-1.11148 3.06467
-1.11106 3.14979
-1.11571 3.25404
-1.12176 3.36811
-1.11666 3.45398
-1.11911 3.56864
-1.1109 3.6549
-0.875352 2.97385
-0.802559 2.81794
-0.777708 2.8249
-0.752796 2.83164
-0.735277 2.86722
-0.693203 2.80563
-0.661525 2.78244
-0.634764 2.77841
-0.610267 2.7839
-0.593943 2.82831
-0.570977 2.84323
0.861951 3.77279
0.865079 3.63858
0.86831 3.51432
0.869422 3.3903
0.873558 3.28586
0.873268 3.17199
0.871043 3.05838
0.864063 2.93547
0.875345 2.87991
0.873747 2.78621
0.879797 2.72132
0.878453 2.63756
0.882191 2.57296
0.881534 2.49908
0.883055 2.43481
0.883514 2.37072
0.882914 2.30681
0.884914 2.2524
0.889766 2.20742
0.890074 2.15329
0.889499 2.09933
0.892027 2.05472
0.889776 2.0011
0.890794 1.95678
0.891102 1.9126
0.890702 1.86857
0.885215 1.81571
0.878867 1.76309
0.894363 1.75528
0.886698 1.70299
0.887575 1.66863
0.887916 1.63438
0.892576 1.60901
0.896858 1.58368
0.89576 1.54975
0.894134 1.51596
0.89714 1.49089
0.899775 1.46588
0.896733 1.43247
0.893174 1.39923
0.900009 1.38293
0.901099 1.35828
0.896224 1.32544
0.896515 1.30102
0.896447 1.27671
0.896021 1.2525
0.901128 1.23647
0.900063 1.21243
0.898645 1.1885
0.890775 1.15677
0.900929 1.14888
0.898534 1.12527
0.895794 1.1018
0.758804 0.916687
0.670188 0.795266
0.657633 0.766563
0.657781 0.753209
0.657746 0.739912
0.657528 0.726675
0.657129 0.713499
0.663388 0.707684
0.662693 0.694578
0.675751 0.695888
0.681855 0.689909
