-1.06847 1.0811
-1.05891 1.09047
-1.06307 1.11422
-1.06689 1.13813
-1.0636 1.15484
-1.06009 1.17158
-1.06967 1.20329
-1.0656 1.2202
-1.06784 1.24472
-1.06972 1.26937
-1.07125 1.29415
-1.07243 1.31905
-1.06077 1.32845
-1.07371 1.36922
-1.06771 1.38654
-1.07958 1.4278
-1.07292 1.44528
-1.08371 1.487
-1.09384 1.52902
-1.09757 1.56315
-1.10078 1.59746
-1.10347 1.63195
-1.09458 1.64994
-1.14001 1.75171
-1.73792 2.7226
-1.71918 2.74628
-1.70015 2.76984
-1.66538 2.76757
-1.63077 2.7649
-1.59635 2.76184
-1.56703 2.76709
-1.53775 2.77204
-1.50372 2.76791
-1.47459 2.77222
-1.44088 2.76736
-1.40737 2.76212
-1.37852 2.76546
-1.34973 2.76851
-1.32529 2.78029
-1.29653 2.78279
-1.26368 2.7759
-1.23512 2.77778
-1.2106 2.78856
-1.17819 2.7807
-1.14601 2.77248
-1.12529 2.79174
-1.11894 2.84808
-1.12598 2.94188
-1.11399 2.98917
-1.11148 3.06467
-1.11106 3.14979
-1.11571 3.25404
-1.11544 3.34913
-1.11973 3.46349
-1.1221 3.57818
-1.11962 3.68361
-1.12102 3.80844
-0.225763 3.41254
-0.193407 3.37446
-0.163193 3.36605
-0.134331 3.38734
-0.105414 3.41838
-0.0453135 3.4297
-0.0149705 3.39997
0.0149773 3.39997
0.0449239 3.3997
0.074867 3.39918
0.106346 3.44836
0.861951 3.77279
0.865079 3.63858
0.86831 3.51432
0.871906 3.39998
0.870988 3.2762
0.873268 3.17199
0.868304 3.04876
0.864063 2.93547
0.875345 2.87991
0.873747 2.78621
0.873644 2.70229
0.878453 2.63756
0.878947 2.5635
0.881534 2.49908
0.883055 2.43481
0.887006 2.38009
0.886488 2.31615
0.888571 2.26171
0.886027 2.19815
0.886254 2.14405
0.885598 2.09012
0.888044 2.04555
0.889776 2.0011
0.890794 1.95678
0.891102 1.9126
0.890702 1.86857
0.885215 1.81571
0.883329 1.77204
0.885283 1.73746
0.891316 1.71186
0.892271 1.67745
0.89269 1.64317
0.892576 1.60901
0.89193 1.57498
0.89576 1.54975
0.899215 1.52457
0.89714 1.49089
0.894544 1.45736
0.896733 1.43247
0.893174 1.39923
0.900009 1.38293
0.895571 1.34995
0.890622 1.31715
0.896515 1.30102
0.8907 1.26852
0.901839 1.26063
0.901128 1.23647
0.900063 1.21243
0.892614 1.18053
0.896876 1.16469
0.894759 1.14101
0.898534 1.12527
0.895794 1.1018
0.905464 1.09386
0.902176 1.07055
0.898548 1.04738
0.90116 1.0319
0.903571 1.01644
0.89236 0.986202
0.887463 0.963592
0.895916 0.955738
0.897396 0.940574
0.89868 0.925459
0.899767 0.910395
