-1.05441 1.06687
-1.06587 1.09764
-1.05616 1.10699
-1.06005 1.13084
-1.05682 1.14749
-1.06009 1.17158
-1.05638 1.18835
-1.05903 1.21267
-1.06784 1.24472
-1.07616 1.27702
-1.07125 1.29415
-1.06612 1.31129
-1.06701 1.33626
-1.06754 1.36135
-1.06771 1.38654
-1.06752 1.41185
-1.07292 1.44528
-1.07193 1.47084
-1.09384 1.52902
-1.09757 1.56315
-1.09511 1.58923
-1.09227 1.61538
-1.10011 1.65827
-1.13455 1.74333
-1.7433 2.73103
-1.71918 2.74628
-1.69492 2.76131
-1.66022 2.759
-1.63077 2.7649
-1.59635 2.76184
-1.56703 2.76709
-1.5329 2.7633
-1.49895 2.75912
-1.46989 2.76339
-1.44088 2.76736
-1.41191 2.77103
-1.38298 2.77441
-1.35411 2.7775
-1.32529 2.78029
-1.2923 2.77373
-1.26368 2.7759
-1.23512 2.77778
-1.20264 2.77021
-1.17819 2.7807
-1.14601 2.77248
-1.12529 2.79174
-1.11528 2.83878
-1.1224 2.93254
-0.534296 1.43368
-0.473915 1.30672
-0.452407 1.28255
-0.43785 1.27702
-0.423425 1.27134
-0.41221 1.27502
-0.400964 1.2786
-0.386778 1.27252
-0.378378 1.28547
-0.367041 1.28875
-0.355675 1.29193
-0.34942 1.31435
-0.342798 1.33675
-0.335808 1.35913
-0.164895 1.38018
-0.149436 1.35177
-0.13449 1.32318
-0.121906 1.31436
-0.109489 1.30542
-0.0979864 1.30633
-0.0858162 1.29716
-0.0743873 1.29787
-0.0629527 1.29847
-0.0511169 1.28899
-0.0400697 1.29938
-0.028623 1.29968
-0.0173063 1.30989
-0.00572402 1.29999
0.00585875 1.32999
0.864178 3.78254
0.862766 3.62885
0.865912 3.50461
0.869422 3.3903
0.870988 3.2762
0.870614 3.16235
0.871043 3.05838
0.864063 2.93547
0.875345 2.87991
0.873747 2.78621
0.876721 2.7118
0.878453 2.63756
0.882191 2.57296
0.878207 2.48965
0.879645 2.42541
0.883514 2.37072
0.882914 2.30681
0.884914 2.2524
0.886027 2.19815
0.886254 2.14405
0.889499 2.09933
0.892027 2.05472
0.893839 2.01024
0.890794 1.95678
0.886879 1.90354
0.890702 1.86857
0.885215 1.81571
0.878867 1.76309
0.889823 1.74637
0.891316 1.71186
0.896967 1.68628
0.89269 1.64317
0.897427 1.61775
0.89193 1.57498
0.890755 1.54109
0.894134 1.51596
0.891984 1.48232
0.894544 1.45736
0.896733 1.43247
0.893174 1.39923
0.894555 1.37454
0.895571 1.34995
0.896224 1.32544
0.896515 1.30102
0.8907 1.26852
0.890203 1.24436
0.895239 1.22839
0.888142 1.19637
0.898645 1.1885
0.896876 1.16469
0.894759 1.14101
0.892294 1.11746
0.895794 1.1018
0.899088 1.08616
0.895731 1.0629
0.898548 1.04738
0.894583 1.02436
0.896927 1.00897
0.89236 0.986202
0.894237 0.970948
0.895916 0.955738
0.890493 0.933339
0.891713 0.918285
0.892737 0.903283
