-0.745118 0.753923
-0.564286 0.581103
-0.531534 0.55711
-0.512928 0.547179
-0.508088 0.551676
-0.503209 0.55613
-0.498291 0.56054
-0.480179 0.549844
-0.481829 0.561641
-0.476863 0.565864
-0.465484 0.562339
-0.460513 0.566417
-0.455506 0.570451
-0.450464 0.574441
-0.451488 0.58631
-0.446306 0.590264
-0.453011 0.610231
-0.435839 0.598034
-0.442191 0.618116
-0.436729 0.621987
-0.442582 0.642278
-0.44811 0.662719
-0.453312 0.683307
-0.583641 0.896807
-1.73792 2.7226
-1.72448 2.75475
-1.69492 2.76131
-1.66538 2.76757
-1.63077 2.7649
-1.60135 2.7705
-1.56703 2.76709
-1.53775 2.77204
-1.50372 2.76791
-1.47459 2.77222
-1.4455 2.77623
-1.41645 2.77994
-0.285519 0.572782
-0.280463 0.575274
-0.271082 0.568695
-0.266063 0.571061
-0.256879 0.564281
-0.247836 0.557384
-0.246899 0.568719
-0.237979 0.561664
-0.233023 0.563738
-0.22431 0.556494
-0.219399 0.558448
-0.218046 0.569698
-0.209528 0.562226
-0.204568 0.56405
-0.202918 0.57526
-0.197843 0.577025
-0.192753 0.578745
-0.187648 0.580421
-0.18552 0.591593
-0.180302 0.593204
-0.17507 0.594769
-0.172564 0.605906
-0.16722 0.607402
-0.164433 0.618516
-0.163947 0.639313
-0.160708 0.650441
0.861951 3.77279
0.867392 3.64831
0.86831 3.51432
0.871906 3.39998
0.873558 3.28586
0.873268 3.17199
0.876522 3.07761
0.864063 2.93547
0.875345 2.87991
0.876739 2.79575
0.876721 2.7118
0.878453 2.63756
0.878947 2.5635
0.881534 2.49908
0.886464 2.44421
0.883514 2.37072
0.886488 2.31615
0.888571 2.26171
0.889766 2.20742
0.890074 2.15329
0.889499 2.09933
0.892027 2.05472
0.889776 2.0011
0.890794 1.95678
0.891102 1.9126
0.886399 1.85954
0.889597 1.8247
0.878867 1.76309
0.889823 1.74637
0.891316 1.71186
0.892271 1.67745
0.89269 1.64317
0.892576 1.60901
0.89193 1.57498
0.89576 1.54975
0.899215 1.52457
0.89714 1.49089
0.894544 1.45736
0.896733 1.43247
0.893174 1.39923
0.894555 1.37454
0.895571 1.34995
0.896224 1.32544
0.896515 1.30102
0.902193 1.28489
0.901839 1.26063
0.901128 1.23647
0.900063 1.21243
0.898645 1.1885
0.896876 1.16469
0.900929 1.14888
0.904774 1.13309
0.895794 1.1018
0.899088 1.08616
0.895731 1.0629
0.898548 1.04738
0.894583 1.02436
0.890283 1.0015
0.899069 0.993617
0.894237 0.970948
0.902755 0.963034
0.897396 0.940574
0.905646 0.932633
0.892737 0.903283
