-1.05441 1.06687
-1.05891 1.09047
-1.06307 1.11422
-1.06005 1.13084
-1.0636 1.15484
-1.06009 1.17158
-1.06302 1.19582
-1.0656 1.2202
-1.06784 1.24472
-1.06328 1.26172
-1.07125 1.29415
-1.07243 1.31905
-1.06701 1.33626
-1.06754 1.36135
-1.07381 1.39447
-1.07958 1.4278
-1.07292 1.44528
-1.07782 1.47892
-1.09966 1.53716
-1.10332 1.57133
-1.09511 1.58923
-1.09787 1.62366
-1.10011 1.65827
-1.14001 1.75171
-1.73792 2.7226
-1.71387 2.7378
-1.70015 2.76984
-1.66538 2.76757
-1.63585 2.77351
-1.60135 2.7705
-1.57196 2.7758
-1.5329 2.7633
-1.50372 2.76791
-1.47459 2.77222
-1.4455 2.77623
-1.41191 2.77103
-1.38298 2.77441
-1.35411 2.7775
-1.32529 2.78029
-1.29653 2.78279
-1.26782 2.785
-1.23512 2.77778
-1.20662 2.77938
-1.17819 2.7807
-1.14983 2.78172
-1.12529 2.79174
-1.11894 2.84808
-1.1224 2.93254
-1.1105 2.9798
-1.10807 3.05527
-1.11106 3.14979
-1.11895 3.2635
-1.1186 3.35862
-1.12281 3.47301
-1.1221 3.57818
-1.11962 3.68361
-1.12102 3.80844
0.864178 3.78254
0.865079 3.63858
0.414839 1.61766
0.426502 1.60427
0.432653 1.57153
0.443739 1.55804
0.454621 1.54448
0.468208 1.54042
0.48475 1.54577
0.49527 1.53193
0.515064 1.54648
0.548126 1.59864
0.874881 2.48022
0.883055 2.43481
0.632079 1.69605
0.582651 1.52231
0.566784 1.44266
0.575731 1.42833
0.588289 1.42321
0.596901 1.40876
0.613268 1.41262
0.62975 1.4163
0.646344 1.4198
0.663048 1.42312
0.70998 1.48944
0.880833 1.80672
0.883329 1.77204
0.889823 1.74637
0.891316 1.71186
0.892271 1.67745
0.89269 1.64317
0.892576 1.60901
0.896858 1.58368
0.900764 1.5584
0.894134 1.51596
0.89714 1.49089
0.894544 1.45736
0.902039 1.44095
0.898555 1.40766
0.894555 1.37454
0.895571 1.34995
0.896224 1.32544
0.896515 1.30102
0.896447 1.27671
0.901839 1.26063
0.895239 1.22839
0.900063 1.21243
0.898645 1.1885
0.902977 1.17262
0.900929 1.14888
0.898534 1.12527
0.902102 1.10955
0.899088 1.08616
0.895731 1.0629
0.892036 1.03979
0.894583 1.02436
0.896927 1.00897
0.899069 0.993617
0.901012 0.978303
0.895916 0.955738
0.904299 0.947809
0.89868 0.925459
0.899767 0.910395
