-1.06144 1.07398
-1.05891 1.09047
-1.05616 1.10699
-1.06005 1.13084
-1.05682 1.14749
-1.06009 1.17158
-1.06302 1.19582
-1.05903 1.21267
-1.06133 1.23713
-1.06328 1.26172
-1.06487 1.28645
-1.06612 1.31129
-1.06701 1.33626
-1.06754 1.36135
-1.06771 1.38654
-1.07355 1.41982
-1.07292 1.44528
-1.07782 1.47892
-1.09384 1.52902
-1.09757 1.56315
-1.10078 1.59746
-1.09787 1.62366
-1.10011 1.65827
-1.13455 1.74333
-1.73792 2.7226
-1.71918 2.74628
-1.69492 2.76131
-1.66538 2.76757
-1.63077 2.7649
-1.60135 2.7705
-1.5621 2.75839
-1.5329 2.7633
-1.49895 2.75912
-1.47459 2.77222
-1.4455 2.77623
-1.40737 2.76212
-1.37852 2.76546
-1.34973 2.76851
-1.32099 2.77126
-1.28808 2.76466
-1.26368 2.7759
-1.23105 2.76865
-1.20662 2.77938
-1.17429 2.77149
-1.14983 2.78172
-1.12155 2.78247
-1.11528 2.83878
-1.11883 2.9232
-1.1105 2.9798
-1.11148 3.06467
-1.11106 3.14979
-1.11246 3.24458
-1.1186 3.35862
-1.11666 3.45398
-1.11911 3.56864
-1.11962 3.68361
-1.12102 3.80844
-0.134727 3.39733
-0.104181 3.37839
-0.0744199 3.37918
-0.0446529 3.37971
-0.0149265 3.38997
0.0150654 3.41997
0.0733256 3.32919
0.101722 3.29843
0.129978 3.27742
0.158841 3.27615
0.188264 3.28461
0.218508 3.30278
0.859723 3.76304
0.862766 3.62885
0.86831 3.51432
0.871906 3.39998
0.870988 3.2762
0.870614 3.16235
0.868304 3.04876
0.864063 2.93547
0.875345 2.87991
0.876739 2.79575
0.876721 2.7118
0.878453 2.63756
0.878947 2.5635
0.881534 2.49908
0.883055 2.43481
0.880021 2.36135
0.886488 2.31615
0.888571 2.26171
0.889766 2.20742
0.882434 2.13481
0.885598 2.09012
0.892027 2.05472
0.889776 2.0011
0.890794 1.95678
0.891102 1.9126
0.890702 1.86857
0.885215 1.81571
0.883329 1.77204
0.889823 1.74637
0.891316 1.71186
0.892271 1.67745
0.887916 1.63438
0.892576 1.60901
0.89193 1.57498
0.890755 1.54109
0.889054 1.50734
0.89714 1.49089
0.894544 1.45736
0.896733 1.43247
0.898555 1.40766
0.8891 1.36616
0.895571 1.34995
0.896224 1.32544
0.890841 1.29279
0.896447 1.27671
0.896021 1.2525
0.901128 1.23647
0.894102 1.2044
0.892614 1.18053
0.896876 1.16469
0.894759 1.14101
0.898534 1.12527
0.895794 1.1018
0.899088 1.08616
0.895731 1.0629
0.898548 1.04738
0.894583 1.02436
0.890283 1.0015
0.899069 0.993617
0.894237 0.970948
0.902755 0.963034
0.897396 0.940574
0.89868 0.925459
0.892737 0.903283
