-1.06144 1.07398
-1.06587 1.09764
-1.05616 1.10699
-1.06005 1.13084
-1.05682 1.14749
-1.0668 1.179
-1.06302 1.19582
-1.07218 1.22773
-1.06784 1.24472
-1.06328 1.26172
-1.07125 1.29415
-1.06612 1.31129
-1.06701 1.33626
-1.06754 1.36135
-1.06771 1.38654
-1.06752 1.41185
-1.07292 1.44528
-1.07782 1.47892
-1.09966 1.53716
-1.09757 1.56315
-1.09511 1.58923
-1.09787 1.62366
-1.08905 1.6416
-1.13455 1.74333
-1.73254 2.71417
-1.71918 2.74628
-1.69492 2.76131
-1.66538 2.76757
-1.62569 2.75629
-1.60135 2.7705
-1.56703 2.76709
-1.53775 2.77204
-1.51327 2.78548
-1.47459 2.77222
-1.4455 2.77623
-1.41191 2.77103
-1.38298 2.77441
-1.35411 2.7775
-1.32099 2.77126
-1.2923 2.77373
-1.26368 2.7759
-1.23512 2.77778
-1.20264 2.77021
-1.18209 2.7899
-1.14601 2.77248
-1.12155 2.78247
-1.11528 2.83878
-1.1224 2.93254
-1.1105 2.9798
-1.11148 3.06467
-1.11106 3.14979
-1.11571 3.25404
-1.11544 3.34913
-1.11666 3.45398
-1.11911 3.56864
-1.11962 3.68361
-1.12384 3.81803
-0.158502 3.99686
-0.122983 3.9881
-0.0878507 3.98903
0.864178 3.78254
0.865079 3.63858
0.865912 3.50461
0.871906 3.39998
0.868419 3.26653
0.870614 3.16235
0.871043 3.05838
0.864063 2.93547
0.872437 2.87034
0.873747 2.78621
0.876721 2.7118
0.878453 2.63756
0.878947 2.5635
0.881534 2.49908
0.883055 2.43481
0.883514 2.37072
0.886488 2.31615
0.884914 2.2524
0.886027 2.19815
0.886254 2.14405
0.885598 2.09012
0.888044 2.04555
0.889776 2.0011
0.890794 1.95678
0.891102 1.9126
0.890702 1.86857
0.889597 1.8247
0.874406 1.75414
0.889823 1.74637
0.886698 1.70299
0.887575 1.66863
0.89269 1.64317
0.892576 1.60901
0.89193 1.57498
0.890755 1.54109
0.889054 1.50734
0.89714 1.49089
0.894544 1.45736
0.896733 1.43247
0.893174 1.39923
0.894555 1.37454
0.895571 1.34995
0.896224 1.32544
0.896515 1.30102
0.896447 1.27671
0.896021 1.2525
0.895239 1.22839
0.900063 1.21243
0.904676 1.19648
0.902977 1.17262
0.894759 1.14101
0.892294 1.11746
0.889486 1.09404
0.892711 1.07846
0.895731 1.0629
0.898548 1.04738
0.894583 1.02436
0.896927 1.00897
0.89236 0.986202
0.901012 0.978303
0.902755 0.963034
0.897396 0.940574
0.89868 0.925459
0.885708 0.89617
