-1.06144 1.07398
-1.05194 1.08329
-1.05616 1.10699
-1.06005 1.13084
-1.07037 1.1622
-1.06009 1.17158
-1.06302 1.19582
-1.0656 1.2202
-1.06784 1.24472
-1.06972 1.26937
-1.07125 1.29415
-1.06612 1.31129
-1.06701 1.33626
-1.06754 1.36135
-1.07381 1.39447
-1.07355 1.41982
-1.07292 1.44528
-1.07782 1.47892
-1.09384 1.52902
-1.09757 1.56315
-1.09511 1.58923
-1.09787 1.62366
-1.10011 1.65827
-1.13455 1.74333
-1.73792 2.7226
-1.71387 2.7378
-1.69492 2.76131
-1.66538 2.76757
-1.63077 2.7649
-1.59635 2.76184
-1.56703 2.76709
-1.53775 2.77204
-1.50372 2.76791
-1.46989 2.76339
-1.4455 2.77623
-1.40737 2.76212
-1.38298 2.77441
-1.35411 2.7775
-1.32099 2.77126
-1.2923 2.77373
-1.26368 2.7759
-1.23512 2.77778
-1.20662 2.77938
-1.17819 2.7807
-1.14983 2.78172
-1.12155 2.78247
-1.11894 2.84808
-1.1224 2.93254
-1.1105 2.9798
-1.11148 3.06467
-1.11106 3.14979
-1.11571 3.25404
-1.11544 3.34913
-1.11666 3.45398
-1.11911 3.56864
-1.11962 3.68361
-1.12102 3.80844
0.861951 3.77279
0.865079 3.63858
0.865912 3.50461
0.871906 3.39998
0.870988 3.2762
0.870614 3.16235
0.871043 3.05838
0.864063 2.93547
0.872437 2.87034
0.290252 0.925556
0.295316 0.913449
0.300191 0.901324
0.304875 0.889186
0.309368 0.877035
0.317081 0.874276
0.321278 0.862079
0.332433 0.868555
0.336414 0.856286
0.343943 0.85329
0.347625 0.840985
0.362822 0.856306
0.37035 0.853077
0.37785 0.849782
0.389464 0.855522
0.4181 0.897381
0.477623 1.00199
0.48643 0.99774
0.495199 0.993417
0.50393 0.989017
0.512622 0.98454
0.521274 0.979986
0.534659 0.984144
0.548158 0.988141
0.576552 1.01808
0.650552 1.12551
0.894134 1.51596
0.89714 1.49089
0.894544 1.45736
0.891427 1.42399
0.893174 1.39923
0.894555 1.37454
0.890042 1.34161
0.901825 1.33372
0.902189 1.30926
0.896447 1.27671
0.896021 1.2525
0.895239 1.22839
0.894102 1.2044
0.892614 1.18053
0.890775 1.15677
0.900929 1.14888
0.898534 1.12527
0.895794 1.1018
0.899088 1.08616
0.895731 1.0629
0.898548 1.04738
0.90116 1.0319
0.890283 1.0015
0.89236 0.986202
0.894237 0.970948
0.889077 0.948442
0.897396 0.940574
0.891713 0.918285
0.892737 0.903283
