-1.06144 1.07398
-1.05891 1.09047
-1.05616 1.10699
-1.06005 1.13084
-1.07037 1.1622
-1.0668 1.179
-1.06967 1.20329
-1.0656 1.2202
-1.06784 1.24472
-1.06972 1.26937
-1.06487 1.28645
-1.06612 1.31129
-1.06701 1.33626
-1.06754 1.36135
-1.07381 1.39447
-1.07355 1.41982
-1.07292 1.44528
-1.08371 1.487
-1.09966 1.53716
-1.09182 1.55497
-1.09511 1.58923
-1.09787 1.62366
-1.10011 1.65827
-1.1291 1.73495
-1.73792 2.7226
-1.71918 2.74628
-1.70015 2.76984
-1.67053 2.77613
-1.63077 2.7649
-1.59635 2.76184
-1.56703 2.76709
-1.53775 2.77204
-1.50372 2.76791
-1.47459 2.77222
-1.4455 2.77623
-1.41191 2.77103
-1.38298 2.77441
-1.35411 2.7775
-1.32529 2.78029
-1.29653 2.78279
-1.26368 2.7759
-1.23512 2.77778
-1.20662 2.77938
-1.17819 2.7807
-1.14983 2.78172
-1.12529 2.79174
-1.11894 2.84808
-1.1224 2.93254
-1.1105 2.9798
-1.11148 3.06467
-1.11106 3.14979
-1.11571 3.25404
-1.1186 3.35862
-1.11973 3.46349
-1.11911 3.56864
-1.11962 3.68361
-1.12384 3.81803
-0.117289 1.26457
-0.10531 1.25559
-0.0927505 1.23653
-0.0811953 1.22732
-0.0698097 1.218
-0.0590787 1.21857
-0.0487394 1.22903
-0.0376038 1.21942
-0.0268616 1.2197
-0.0162494 1.22989
-0.00545984 1.23999
0.00546229 1.23999
0.0165161 1.24989
0.027965 1.26969
0.0394558 1.27939
0.199974 1.15278
0.208324 1.14114
0.216484 1.12944
0.224455 1.11769
0.236347 1.12545
0.24625 1.12333
0.253908 1.11136
0.266 1.11881
0.273446 1.10672
0.285667 1.11395
0.295468 1.11139
0.302592 1.09911
0.312261 1.0964
0.32473 1.1032
0.337342 1.10986
0.350097 1.11639
0.359917 1.11327
0.376028 1.12903
0.418392 1.22027
0.881534 2.49908
0.886464 2.44421
0.883514 2.37072
0.882914 2.30681
0.888571 2.26171
0.886027 2.19815
0.886254 2.14405
0.885598 2.09012
0.892027 2.05472
0.889776 2.0011
0.890794 1.95678
0.891102 1.9126
0.890702 1.86857
0.889597 1.8247
0.883329 1.77204
0.894363 1.75528
0.891316 1.71186
0.896967 1.68628
0.89269 1.64317
0.892576 1.60901
0.89193 1.57498
0.89576 1.54975
0.899215 1.52457
0.89714 1.49089
0.894544 1.45736
0.902039 1.44095
0.893174 1.39923
0.900009 1.38293
0.895571 1.34995
0.901825 1.33372
0.896515 1.30102
0.896447 1.27671
0.896021 1.2525
0.901128 1.23647
0.894102 1.2044
0.898645 1.1885
0.896876 1.16469
0.894759 1.14101
0.898534 1.12527
0.895794 1.1018
0.899088 1.08616
0.895731 1.0629
0.898548 1.04738
0.894583 1.02436
0.896927 1.00897
0.89236 0.986202
0.901012 0.978303
0.895916 0.955738
0.904299 0.947809
0.89868 0.925459
0.899767 0.910395
