-1.06847 1.0811
-1.06587 1.09764
-1.06307 1.11422
-1.06005 1.13084
-1.0636 1.15484
-1.06009 1.17158
-1.06967 1.20329
-1.07218 1.22773
-1.08086 1.2599
-1.06972 1.26937
-1.07125 1.29415
-1.06612 1.31129
-1.07325 1.34408
-1.06754 1.36135
-1.06771 1.38654
-1.07355 1.41982
-1.06696 1.43725
-1.07782 1.47892
-1.09384 1.52902
-1.09757 1.56315
-1.10078 1.59746
-1.09787 1.62366
-1.10011 1.65827
-1.13455 1.74333
-1.73792 2.7226
-1.71918 2.74628
-1.69492 2.76131
-1.66538 2.76757
-1.63077 2.7649
-1.59635 2.76184
-1.56703 2.76709
-1.53775 2.77204
-1.50372 2.76791
-1.47459 2.77222
-1.4455 2.77623
-1.41191 2.77103
-1.37852 2.76546
-1.34973 2.76851
-1.32099 2.77126
-1.29653 2.78279
-1.26368 2.7759
-1.23512 2.77778
-1.20662 2.77938
-1.18209 2.7899
-1.14601 2.77248
-1.12529 2.79174
-1.11894 2.84808
-1.12598 2.94188
-1.1105 2.9798
-1.11148 3.06467
-1.11439 3.15922
-1.11571 3.25404
-1.1186 3.35862
-1.11666 3.45398
-1.11911 3.56864
-1.12253 3.69317
-1.12384 3.81803
0.861951 3.77279
0.862766 3.62885
0.865912 3.50461
0.869422 3.3903
0.870988 3.2762
0.870614 3.16235
0.871043 3.05838
0.864063 2.93547
0.875345 2.87991
0.876739 2.79575
0.879797 2.72132
0.881613 2.64705
0.878947 2.5635
0.88486 2.50851
0.883055 2.43481
0.883514 2.37072
0.882914 2.30681
0.888571 2.26171
0.886027 2.19815
0.882434 2.13481
0.885598 2.09012
0.888044 2.04555
0.893839 2.01024
0.890794 1.95678
0.891102 1.9126
0.890702 1.86857
0.889597 1.8247
0.878867 1.76309
0.894363 1.75528
0.895934 1.72073
0.892271 1.67745
0.89269 1.64317
0.892576 1.60901
0.89193 1.57498
0.890755 1.54109
0.899215 1.52457
0.89714 1.49089
0.894544 1.45736
0.896733 1.43247
0.898555 1.40766
0.894555 1.37454
0.895571 1.34995
0.896224 1.32544
0.896515 1.30102
0.896447 1.27671
0.896021 1.2525
0.901128 1.23647
0.900063 1.21243
0.892614 1.18053
0.896876 1.16469
0.900929 1.14888
0.898534 1.12527
0.895794 1.1018
0.899088 1.08616
0.902176 1.07055
0.898548 1.04738
0.90116 1.0319
0.890283 1.0015
0.899069 0.993617
0.901012 0.978303
0.895916 0.955738
0.890493 0.933339
0.89868 0.925459
0.899767 0.910395
