-1.05441 1.06687
-1.05891 1.09047
-1.06997 1.12146
-1.06005 1.13084
-1.0636 1.15484
-1.0668 1.179
-1.06967 1.20329
-1.0656 1.2202
-1.06133 1.23713
-1.06972 1.26937
-1.06487 1.28645
-1.07243 1.31905
-1.06701 1.33626
-1.07371 1.36922
-1.06771 1.38654
-1.06752 1.41185
-1.06696 1.43725
-1.07193 1.47084
-1.09384 1.52902
-1.09757 1.56315
-1.09511 1.58923
-1.10347 1.63195
-1.09458 1.64994
-1.13455 1.74333
-1.73792 2.7226
-1.71387 2.7378
-1.69492 2.76131
-1.66538 2.76757
-1.63077 2.7649
-1.60135 2.7705
-1.56703 2.76709
-1.5329 2.7633
-1.50372 2.76791
-1.46989 2.76339
-1.44088 2.76736
-1.41191 2.77103
-1.38298 2.77441
-1.35411 2.7775
-1.32529 2.78029
-1.2923 2.77373
-1.26368 2.7759
-1.23512 2.77778
-1.20662 2.77938
-1.17819 2.7807
-1.14601 2.77248
-1.12155 2.78247
-1.11894 2.84808
-1.1224 2.93254
-1.11399 2.98917
-1.10807 3.05527
-1.11106 3.14979
-1.11246 3.24458
-1.11228 3.33965
-1.11666 3.45398
-1.11611 3.5591
-1.11962 3.68361
-1.12102 3.80844
0.861951 3.77279
0.862766 3.62885
0.865912 3.50461
0.869422 3.3903
0.870988 3.2762
0.873268 3.17199
0.871043 3.05838
0.864063 2.93547
0.872437 2.87034
0.876739 2.79575
0.876721 2.7118
0.878453 2.63756
0.343795 1.0027
0.312695 0.886466
0.320491 0.883677
0.317786 0.852709
0.321709 0.840537
0.332757 0.846979
0.332727 0.825465
0.343805 0.831744
0.347217 0.819476
0.358404 0.825559
0.365661 0.82237
0.364604 0.800914
0.380091 0.815801
0.382959 0.803394
0.403167 0.826956
0.419358 0.841272
0.476691 0.935556
0.882079 1.69412
0.892271 1.67745
0.89269 1.64317
0.892576 1.60901
0.89193 1.57498
0.890755 1.54109
0.894134 1.51596
0.891984 1.48232
0.894544 1.45736
0.896733 1.43247
0.893174 1.39923
0.894555 1.37454
0.895571 1.34995
0.896224 1.32544
0.896515 1.30102
0.683828 0.973899
0.605105 0.845842
0.588973 0.808153
0.596068 0.802934
0.578993 0.765746
0.591816 0.76854
0.592392 0.755428
0.605263 0.757995
0.599299 0.737117
0.605768 0.731809
0.612191 0.726445
0.618565 0.721025
0.624892 0.715549
0.631171 0.710017
0.644109 0.711845
0.650354 0.706144
0.690744 0.736867
0.780044 0.817576
0.89868 0.925459
0.885708 0.89617
