-1.05441 1.06687
-1.05891 1.09047
-1.06307 1.11422
-1.06005 1.13084
-1.0636 1.15484
-1.0668 1.179
-1.06967 1.20329
-1.0656 1.2202
-1.06133 1.23713
-1.06972 1.26937
-1.07125 1.29415
-1.07243 1.31905
-1.07325 1.34408
-1.06754 1.36135
-1.06771 1.38654
-1.06752 1.41185
-1.07292 1.44528
-1.08371 1.487
-1.09384 1.52902
-1.10332 1.57133
-1.09511 1.58923
-1.09227 1.61538
-1.09458 1.64994
-1.13455 1.74333
-1.73792 2.7226
-1.71918 2.74628
-1.70015 2.76984
-1.66538 2.76757
-1.63585 2.77351
-1.60135 2.7705
-1.56703 2.76709
-1.53775 2.77204
-1.5085 2.77669
-1.46989 2.76339
-1.4455 2.77623
-1.41191 2.77103
-1.37852 2.76546
-1.34973 2.76851
-1.32529 2.78029
-1.2923 2.77373
-1.26782 2.785
-1.23918 2.78692
-1.2106 2.78856
-1.18209 2.7899
-1.14983 2.78172
-1.12529 2.79174
-1.11528 2.83878
-1.1224 2.93254
-1.11399 2.98917
-1.11489 3.07407
-1.11439 3.15922
-1.11246 3.24458
-1.11544 3.34913
-1.11973 3.46349
-1.11911 3.56864
-1.11962 3.68361
-1.12384 3.81803
0.864178 3.78254
0.865079 3.63858
0.86831 3.51432
0.869422 3.3903
0.870988 3.2762
0.870614 3.16235
0.871043 3.05838
0.864063 2.93547
0.872437 2.87034
0.876739 2.79575
0.876721 2.7118
0.878453 2.63756
0.882191 2.57296
0.88486 2.50851
0.883055 2.43481
0.887006 2.38009
0.886488 2.31615
0.884914 2.2524
0.886027 2.19815
0.886254 2.14405
0.889499 2.09933
0.892027 2.05472
0.889776 2.0011
0.426753 0.937434
0.401207 0.861123
0.400171 0.839502
0.407549 0.835945
0.410435 0.823373
0.413132 0.810816
0.420258 0.807145
0.422655 0.794584
0.429637 0.79083
0.441437 0.79576
0.448429 0.791841
0.46039 0.796518
0.462308 0.783818
0.469194 0.779716
0.491737 0.801121
0.519999 0.830663
0.575721 0.901912
0.894555 1.37454
0.895571 1.34995
0.896224 1.32544
0.896515 1.30102
0.902193 1.28489
0.901839 1.26063
0.901128 1.23647
0.900063 1.21243
0.898645 1.1885
0.890775 1.15677
0.894759 1.14101
0.898534 1.12527
0.902102 1.10955
0.899088 1.08616
0.895731 1.0629
0.800879 0.933537
0.545958 0.625163
0.531512 0.597909
0.530048 0.585789
0.528413 0.573742
0.526607 0.56177
0.531535 0.557109
0.529455 0.545232
0.534237 0.540547
