-1.06847 1.0811
-1.05891 1.09047
-1.06307 1.11422
-1.06005 1.13084
-1.0636 1.15484
-1.0668 1.179
-1.06302 1.19582
-1.05903 1.21267
-1.06784 1.24472
-1.06972 1.26937
-1.07125 1.29415
-1.07243 1.31905
-1.07325 1.34408
-1.07988 1.37708
-1.07381 1.39447
-1.07355 1.41982
-1.07292 1.44528
-1.07782 1.47892
-1.09966 1.53716
-1.10332 1.57133
-1.09511 1.58923
-1.09787 1.62366
-1.10011 1.65827
-1.13455 1.74333
-0.532674 0.834481
-0.519998 0.830664
-0.502198 0.818167
-0.489816 0.81399
-0.472467 0.801046
-0.465393 0.805177
-0.458283 0.809245
-0.451137 0.81325
-0.44873 0.825979
-0.441438 0.829899
-0.434111 0.833755
-0.42675 0.837547
-0.423818 0.850223
-0.425077 0.8719
-0.421683 0.884637
-0.418098 0.897382
-1.26368 2.7759
-1.23918 2.78692
-1.20662 2.77938
-1.17819 2.7807
-1.15365 2.79097
-0.373849 0.927489
-0.365665 0.930746
-0.353878 0.924592
-0.338737 0.908932
-0.334127 0.921281
-0.319346 0.905328
-0.31136 0.908105
-0.309669 0.929788
-0.298391 0.922964
-0.29025 0.925557
-0.279178 0.918509
-0.273901 0.930526
-0.268433 0.94252
-0.265429 0.96413
-0.262065 0.985759
-0.253373 0.98803
0.861951 3.77279
0.865079 3.63858
0.86831 3.51432
0.869422 3.3903
0.870988 3.2762
0.870614 3.16235
0.871043 3.05838
0.864063 2.93547
0.875345 2.87991
0.876739 2.79575
0.876721 2.7118
0.878453 2.63756
0.882191 2.57296
0.881534 2.49908
0.883055 2.43481
0.883514 2.37072
0.882914 2.30681
0.884914 2.2524
0.886027 2.19815
0.886254 2.14405
0.889499 2.09933
0.888044 2.04555
0.889776 2.0011
0.890794 1.95678
0.891102 1.9126
0.895005 1.8776
0.885215 1.81571
0.878867 1.76309
0.894363 1.75528
0.891316 1.71186
0.892271 1.67745
0.897464 1.65196
0.892576 1.60901
0.89193 1.57498
0.89576 1.54975
0.899215 1.52457
0.891984 1.48232
0.894544 1.45736
0.896733 1.43247
0.898555 1.40766
0.900009 1.38293
0.895571 1.34995
0.901825 1.33372
0.902189 1.30926
0.896447 1.27671
0.896021 1.2525
0.901128 1.23647
0.900063 1.21243
0.898645 1.1885
0.902977 1.17262
0.894759 1.14101
0.898534 1.12527
0.902102 1.10955
0.899088 1.08616
0.902176 1.07055
0.898548 1.04738
0.90116 1.0319
0.903571 1.01644
0.89236 0.986202
0.901012 0.978303
0.902755 0.963034
0.904299 0.947809
0.905646 0.932633
0.899767 0.910395
