-1.05441 1.06687
-1.06587 1.09764
-1.05616 1.10699
-1.06005 1.13084
-1.0636 1.15484
-1.06009 1.17158
-1.06302 1.19582
-1.0656 1.2202
-1.06784 1.24472
-1.06972 1.26937
-1.07125 1.29415
-1.06612 1.31129
-1.06701 1.33626
-1.07371 1.36922
-1.07381 1.39447
-1.07355 1.41982
-1.06696 1.43725
-1.07782 1.47892
-1.09966 1.53716
-1.09757 1.56315
-1.08943 1.58099
-1.09787 1.62366
-1.08905 1.6416
-1.13455 1.74333
-1.73792 2.7226
-1.71918 2.74628
-1.69492 2.76131
-1.66022 2.759
-1.63077 2.7649
-1.59134 2.75318
-1.56703 2.76709
-1.5329 2.7633
-1.49895 2.75912
-1.46989 2.76339
-1.4455 2.77623
-1.41191 2.77103
-1.38298 2.77441
-1.35411 2.7775
-1.32529 2.78029
-1.2923 2.77373
-1.26368 2.7759
-1.23512 2.77778
-1.20662 2.77938
-1.17429 2.77149
-1.14601 2.77248
-1.12155 2.78247
-1.11894 2.84808
-1.11883 2.9232
-1.1105 2.9798
-1.10807 3.05527
-1.11106 3.14979
-1.11571 3.25404
-1.1186 3.35862
-1.11666 3.45398
-1.11611 3.5591
-1.11962 3.68361
-1.12102 3.80844
-0.267269 1.16986
-0.254813 1.1624
-0.240455 1.14502
-0.228391 1.13729
-0.216482 1.12944
-0.202934 1.11163
-0.196553 1.13308
-0.184943 1.1249
-0.175027 1.12648
-0.165098 1.12798
-0.156518 1.1393
-0.14775 1.15055
-0.13761 1.15181
-0.129657 1.17286
-0.119322 1.17395
-0.0871365 1.31712
-0.0743873 1.29787
-0.0629527 1.29847
-0.0503244 1.269
-0.0388368 1.2594
-0.0277423 1.25969
-0.0165137 1.24989
-0.00550387 1.24999
0.00550634 1.24999
0.0165161 1.24989
0.0277448 1.25969
0.038531 1.24941
0.0495344 1.24902
0.0605339 1.24853
0.0726732 1.26792
0.0844985 1.27721
0.859723 3.76304
0.862766 3.62885
0.865912 3.50461
0.866938 3.38061
0.870988 3.2762
0.870614 3.16235
0.868304 3.04876
0.864063 2.93547
0.875345 2.87991
0.876739 2.79575
0.876721 2.7118
0.878453 2.63756
0.878947 2.5635
0.88486 2.50851
0.883055 2.43481
0.880021 2.36135
0.882914 2.30681
0.881258 2.2431
0.886027 2.19815
0.886254 2.14405
0.889499 2.09933
0.888044 2.04555
0.885713 1.99196
0.890794 1.95678
0.891102 1.9126
0.890702 1.86857
0.885215 1.81571
0.874406 1.75414
0.894363 1.75528
0.891316 1.71186
0.892271 1.67745
0.883143 1.62559
0.892576 1.60901
0.887002 1.56628
0.890755 1.54109
0.889054 1.50734
0.891984 1.48232
0.894544 1.45736
0.896733 1.43247
0.893174 1.39923
0.894555 1.37454
0.901099 1.35828
0.896224 1.32544
0.896515 1.30102
0.896447 1.27671
0.901839 1.26063
0.895239 1.22839
0.888142 1.19637
0.886583 1.17255
0.896876 1.16469
0.900929 1.14888
0.898534 1.12527
0.895794 1.1018
0.899088 1.08616
0.895731 1.0629
0.898548 1.04738
0.894583 1.02436
0.890283 1.0015
0.89236 0.986202
0.894237 0.970948
0.889077 0.948442
0.904299 0.947809
0.89868 0.925459
0.899767 0.910395
