-1.06144 1.07398
-1.05891 1.09047
-1.06307 1.11422
-1.06689 1.13813
-1.0636 1.15484
-1.06009 1.17158
-1.06302 1.19582
-1.0656 1.2202
-1.06784 1.24472
-1.06972 1.26937
-1.06487 1.28645
-1.07243 1.31905
-1.06701 1.33626
-1.07371 1.36922
-1.07381 1.39447
-1.07355 1.41982
-1.07292 1.44528
-1.07782 1.47892
-1.09384 1.52902
-1.09757 1.56315
-1.10078 1.59746
-1.09787 1.62366
-1.10011 1.65827
-1.13455 1.74333
-1.73792 2.7226
-1.71387 2.7378
-1.69492 2.76131
-1.66538 2.76757
-1.63077 2.7649
-1.59635 2.76184
-1.56703 2.76709
-1.53775 2.77204
-1.50372 2.76791
-1.47459 2.77222
-1.4455 2.77623
-1.41191 2.77103
-1.37852 2.76546
-1.35411 2.7775
-1.32099 2.77126
-1.2923 2.77373
-1.26368 2.7759
-1.23918 2.78692
-1.20264 2.77021
-1.17819 2.7807
-1.14601 2.77248
-1.12155 2.78247
-1.11528 2.83878
-1.1224 2.93254
-1.11399 2.98917
-1.11148 3.06467
-1.11106 3.14979
-1.11246 3.24458
-1.11544 3.34913
-1.11666 3.45398
-1.11611 3.5591
-1.12253 3.69317
-1.12102 3.80844
-0.249354 2.68846
-0.223993 2.67062
-0.200461 2.67249
-0.176253 2.66418
-0.15278 2.66563
-0.130748 2.69683
-0.0603286 2.73934
-0.0358016 2.70976
-0.0118003 2.67997
0.0117616 2.66997
0.0352785 2.66977
0.059233 2.68935
0.0835352 2.70871
0.859723 3.76304
0.862766 3.62885
0.865912 3.50461
0.869422 3.3903
0.868419 3.26653
0.873268 3.17199
0.868304 3.04876
0.866887 2.94506
0.875345 2.87991
0.876739 2.79575
0.876721 2.7118
0.878453 2.63756
0.882191 2.57296
0.881534 2.49908
0.883055 2.43481
0.883514 2.37072
0.886488 2.31615
0.884914 2.2524
0.886027 2.19815
0.886254 2.14405
0.889499 2.09933
0.884062 2.03638
0.889776 2.0011
0.890794 1.95678
0.891102 1.9126
0.890702 1.86857
0.885215 1.81571
0.878867 1.76309
0.889823 1.74637
0.886698 1.70299
0.887575 1.66863
0.89269 1.64317
0.892576 1.60901
0.887002 1.56628
0.89576 1.54975
0.894134 1.51596
0.891984 1.48232
0.889312 1.44884
0.891427 1.42399
0.893174 1.39923
0.894555 1.37454
0.895571 1.34995
0.896224 1.32544
0.890841 1.29279
0.896447 1.27671
0.896021 1.2525
0.895239 1.22839
0.894102 1.2044
0.892614 1.18053
0.896876 1.16469
0.894759 1.14101
0.898534 1.12527
0.895794 1.1018
0.892711 1.07846
0.895731 1.0629
0.892036 1.03979
0.90116 1.0319
0.890283 1.0015
0.899069 0.993617
0.901012 0.978303
0.902755 0.963034
0.890493 0.933339
0.89868 0.925459
0.899767 0.910395
