-0.780265 0.789485
-0.863845 0.889591
-1.06307 1.11422
-1.06689 1.13813
-1.0636 1.15484
-1.0668 1.179
-1.06302 1.19582
-1.07218 1.22773
-1.06784 1.24472
-1.06972 1.26937
-1.06487 1.28645
-1.07243 1.31905
-1.07325 1.34408
-1.07371 1.36922
-1.06771 1.38654
-1.07355 1.41982
-1.06696 1.43725
-1.08371 1.487
-1.09384 1.52902
-1.10332 1.57133
-1.09511 1.58923
-1.10347 1.63195
-1.10011 1.65827
-1.13455 1.74333
-1.7433 2.73103
-1.72448 2.75475
-1.70015 2.76984
-1.66538 2.76757
-1.63585 2.77351
-1.60135 2.7705
-0.512488 0.904962
-0.494796 0.891951
-0.477373 0.878701
-0.460222 0.865214
-0.452583 0.869234
-0.44491 0.873187
-0.43274 0.868122
-0.429459 0.880889
-0.421683 0.884637
-0.413875 0.888317
-0.406035 0.891928
-0.402226 0.904607
-0.398224 0.917288
-0.394031 0.929968
-0.385824 0.933402
-0.381326 0.946039
-0.376635 0.958669
-1.12955 2.95122
-1.11399 2.98917
-1.11148 3.06467
-1.11439 3.15922
-1.11571 3.25404
-1.1186 3.35862
-1.11973 3.46349
-1.11911 3.56864
-1.12253 3.69317
-1.12102 3.80844
0.864178 3.78254
0.862766 3.62885
0.86831 3.51432
0.871906 3.39998
0.870988 3.2762
0.873268 3.17199
0.868304 3.04876
0.864063 2.93547
0.875345 2.87991
0.876739 2.79575
0.876721 2.7118
0.881613 2.64705
0.882191 2.57296
0.881534 2.49908
0.883055 2.43481
0.883514 2.37072
0.886488 2.31615
0.884914 2.2524
0.886027 2.19815
0.886254 2.14405
0.889499 2.09933
0.888044 2.04555
0.893839 2.01024
0.886651 1.94768
0.891102 1.9126
0.895005 1.8776
0.889597 1.8247
0.883329 1.77204
0.889823 1.74637
0.891316 1.71186
0.896967 1.68628
0.887916 1.63438
0.892576 1.60901
0.89193 1.57498
0.89576 1.54975
0.894134 1.51596
0.89714 1.49089
0.899775 1.46588
0.896733 1.43247
0.898555 1.40766
0.900009 1.38293
0.895571 1.34995
0.901825 1.33372
0.896515 1.30102
0.896447 1.27671
0.896021 1.2525
0.901128 1.23647
0.894102 1.2044
0.898645 1.1885
0.896876 1.16469
0.900929 1.14888
0.898534 1.12527
0.895794 1.1018
0.899088 1.08616
0.895731 1.0629
0.905059 1.05497
0.907738 1.03943
0.896927 1.00897
0.899069 0.993617
0.901012 0.978303
0.902755 0.963034
0.897396 0.940574
0.89868 0.925459
0.899767 0.910395
