-1.06144 1.07398
-1.06587 1.09764
-1.06307 1.11422
-1.06005 1.13084
-1.05682 1.14749
-1.06009 1.17158
-1.06967 1.20329
-1.05903 1.21267
-1.06784 1.24472
-1.06972 1.26937
-1.07125 1.29415
-1.07243 1.31905
-1.06701 1.33626
-1.06137 1.35348
-1.07381 1.39447
-1.06752 1.41185
-1.06696 1.43725
-1.07782 1.47892
-1.10548 1.54529
-1.09757 1.56315
-1.09511 1.58923
-1.09787 1.62366
-1.09458 1.64994
-1.1291 1.73495
-1.73792 2.7226
-1.71918 2.74628
-1.68969 2.75279
-1.66538 2.76757
-1.63077 2.7649
-1.59635 2.76184
-1.5621 2.75839
-1.53775 2.77204
-1.50372 2.76791
-1.47459 2.77222
-1.44088 2.76736
-1.41645 2.77994
-1.38298 2.77441
-1.35411 2.7775
-1.32099 2.77126
-1.2923 2.77373
-1.26368 2.7759
-1.23105 2.76865
-1.20662 2.77938
-1.17429 2.77149
-1.14983 2.78172
-1.12155 2.78247
-1.11894 2.84808
-1.11883 2.9232
-1.1105 2.9798
-1.10807 3.05527
-1.10773 3.14035
-1.11571 3.25404
-1.11228 3.33965
-1.11666 3.45398
-1.11611 3.5591
-1.12253 3.69317
-1.12102 3.80844
-0.285815 2.08046
-0.264932 2.06306
-0.244377 2.04545
-0.225252 2.03759
-0.206285 2.02954
-0.187477 2.02132
-0.169666 2.0229
-0.151842 2.02431
-0.135326 2.04553
-0.0285356 2.15981
-0.00946666 2.14998
0.00947091 2.14998
0.0280114 2.11981
0.046902 2.12948
0.0656568 2.12899
0.0848029 2.13832
0.10315 2.1275
0.123029 2.14648
0.861951 3.77279
0.867392 3.64831
0.86831 3.51432
0.871906 3.39998
0.870988 3.2762
0.870614 3.16235
0.871043 3.05838
0.864063 2.93547
0.875345 2.87991
0.876739 2.79575
0.879797 2.72132
0.878453 2.63756
0.882191 2.57296
0.881534 2.49908
0.883055 2.43481
0.883514 2.37072
0.882914 2.30681
0.888571 2.26171
0.889766 2.20742
0.886254 2.14405
0.885598 2.09012
0.888044 2.04555
0.889776 2.0011
0.894937 1.96588
0.891102 1.9126
0.890702 1.86857
0.889597 1.8247
0.878867 1.76309
0.889823 1.74637
0.891316 1.71186
0.892271 1.67745
0.89269 1.64317
0.892576 1.60901
0.89193 1.57498
0.89576 1.54975
0.894134 1.51596
0.89714 1.49089
0.899775 1.46588
0.902039 1.44095
0.893174 1.39923
0.900009 1.38293
0.895571 1.34995
0.901825 1.33372
0.896515 1.30102
0.896447 1.27671
0.901839 1.26063
0.901128 1.23647
0.894102 1.2044
0.898645 1.1885
0.896876 1.16469
0.888588 1.13314
0.892294 1.11746
0.889486 1.09404
0.892711 1.07846
0.895731 1.0629
0.898548 1.04738
0.90116 1.0319
0.896927 1.00897
0.89236 0.986202
0.894237 0.970948
0.895916 0.955738
0.897396 0.940574
0.89868 0.925459
0.892737 0.903283
