-1.06144 1.07398
-1.06587 1.09764
-1.06307 1.11422
-1.06689 1.13813
-1.05682 1.14749
-1.0668 1.179
-1.06302 1.19582
-1.05903 1.21267
-1.06784 1.24472
-1.06972 1.26937
-1.06487 1.28645
-1.07243 1.31905
-1.06701 1.33626
-1.06754 1.36135
-1.07381 1.39447
-1.07355 1.41982
-1.07292 1.44528
-1.07782 1.47892
-1.09384 1.52902
-1.09182 1.55497
-1.09511 1.58923
-1.09787 1.62366
-1.10564 1.6666
-1.13455 1.74333
-1.73792 2.7226
-1.71918 2.74628
-1.69492 2.76131
-1.66538 2.76757
-1.63585 2.77351
-1.59635 2.76184
-1.56703 2.76709
-1.53775 2.77204
-1.49895 2.75912
-1.47459 2.77222
-1.4455 2.77623
-1.41191 2.77103
-1.38298 2.77441
-1.35849 2.78648
-1.32529 2.78029
-1.2923 2.77373
-1.26782 2.785
-1.23512 2.77778
-1.20662 2.77938
-1.18209 2.7899
-1.14983 2.78172
-1.12155 2.78247
-1.11894 2.84808
-1.12598 2.94188
-1.11399 2.98917
-1.11148 3.06467
-1.11439 3.15922
-1.11246 3.24458
-1.1186 3.35862
-1.11973 3.46349
-1.11911 3.56864
-1.12253 3.69317
-1.12384 3.81803
0.12455 0.850933
0.128969 0.83004
0.136275 0.828872
0.140152 0.807934
0.147263 0.806668
0.150598 0.785697
0.159481 0.794145
0.16647 0.792709
0.171305 0.781444
0.178181 0.779905
0.182731 0.768576
0.189493 0.766937
0.196241 0.765238
0.202974 0.76348
0.209691 0.761663
0.213652 0.750168
0.223075 0.757851
0.23265 0.765424
0.242375 0.772887
0.252249 0.780237
0.878947 2.5635
0.881534 2.49908
0.883055 2.43481
0.883514 2.37072
0.886488 2.31615
0.884914 2.2524
0.886027 2.19815
0.886254 2.14405
0.885598 2.09012
0.892027 2.05472
0.889776 2.0011
0.894937 1.96588
0.891102 1.9126
0.890702 1.86857
0.885215 1.81571
0.878867 1.76309
0.889823 1.74637
0.891316 1.71186
0.892271 1.67745
0.89269 1.64317
0.892576 1.60901
0.89193 1.57498
0.890755 1.54109
0.894134 1.51596
0.891984 1.48232
0.894544 1.45736
0.870203 1.39009
0.554198 0.868196
0.512733 0.787849
0.503067 0.758303
0.498524 0.737274
0.504999 0.732855
0.499942 0.71201
0.506194 0.707579
0.518296 0.711174
0.52454 0.706582
0.536775 0.709911
0.536905 0.697232
0.549197 0.700345
0.555344 0.69548
0.567757 0.698321
0.586639 0.7087
0.586414 0.695858
0.586009 0.683076
0.605159 0.692952
0.657746 0.739912
0.899069 0.993617
0.894237 0.970948
0.895916 0.955738
0.904299 0.947809
0.89868 0.925459
0.899767 0.910395
