-1.06144 1.07398
-1.05891 1.09047
-1.05616 1.10699
-1.05321 1.12354
-1.0636 1.15484
-1.06009 1.17158
-1.06302 1.19582
-1.05903 1.21267
-1.06784 1.24472
-1.07616 1.27702
-1.06487 1.28645
-1.06612 1.31129
-1.06701 1.33626
-1.06754 1.36135
-1.07381 1.39447
-1.06752 1.41185
-1.07292 1.44528
-1.07782 1.47892
-1.09384 1.52902
-1.09757 1.56315
-1.09511 1.58923
-1.09787 1.62366
-1.10011 1.65827
-1.13455 1.74333
-1.73792 2.7226
-1.71387 2.7378
-1.69492 2.76131
-1.66022 2.759
-1.63077 2.7649
-1.59635 2.76184
-1.5621 2.75839
-1.53775 2.77204
-1.50372 2.76791
-1.46989 2.76339
-1.44088 2.76736
-1.41191 2.77103
-1.38298 2.77441
-1.35849 2.78648
-1.32099 2.77126
-1.2923 2.77373
-1.26368 2.7759
-1.23512 2.77778
-1.20662 2.77938
-1.17819 2.7807
-1.14983 2.78172
-1.12155 2.78247
-1.12259 2.85739
-1.1224 2.93254
-1.1105 2.9798
-1.11148 3.06467
-1.11106 3.14979
-1.11571 3.25404
-1.11544 3.34913
-1.11666 3.45398
-1.11611 3.5591
-1.11671 3.67404
-1.12384 3.81803
-0.619039 2.17357
-0.597216 2.16929
-0.570378 2.14548
-0.551458 2.15042
-0.534894 2.1649
-0.50424 2.12088
-0.467721 2.04725
-0.445388 2.03176
-0.427475 2.0356
-0.40756 2.02948
-0.389668 2.03299
-0.375338 2.05602
-0.360632 2.07895
-0.348796 2.12152
0.861951 3.77279
0.865079 3.63858
0.865912 3.50461
0.869422 3.3903
0.870988 3.2762
0.870614 3.16235
0.871043 3.05838
0.864063 2.93547
0.872437 2.87034
0.876739 2.79575
0.873644 2.70229
0.878453 2.63756
0.878947 2.5635
0.881534 2.49908
0.883055 2.43481
0.887006 2.38009
0.882914 2.30681
0.884914 2.2524
0.886027 2.19815
0.886254 2.14405
0.885598 2.09012
0.888044 2.04555
0.893839 2.01024
0.890794 1.95678
0.891102 1.9126
0.886399 1.85954
0.885215 1.81571
0.878867 1.76309
0.889823 1.74637
0.886698 1.70299
0.887575 1.66863
0.887916 1.63438
0.887725 1.60026
0.89193 1.57498
0.89576 1.54975
0.899215 1.52457
0.89714 1.49089
0.894544 1.45736
0.896733 1.43247
0.893174 1.39923
0.900009 1.38293
0.890042 1.34161
0.896224 1.32544
0.902189 1.30926
0.8907 1.26852
0.896021 1.2525
0.895239 1.22839
0.894102 1.2044
0.898645 1.1885
0.890775 1.15677
0.894759 1.14101
0.898534 1.12527
0.895794 1.1018
0.899088 1.08616
0.895731 1.0629
0.898548 1.04738
0.894583 1.02436
0.896927 1.00897
0.899069 0.993617
0.901012 0.978303
0.895916 0.955738
0.897396 0.940574
0.89868 0.925459
0.899767 0.910395
