-1.06144 1.07398
-1.05891 1.09047
-1.06307 1.11422
-1.05321 1.12354
-1.0636 1.15484
-1.06009 1.17158
-1.06967 1.20329
-1.07218 1.22773
-1.07435 1.25231
-1.06972 1.26937
-1.06487 1.28645
-1.07243 1.31905
-1.06701 1.33626
-1.07371 1.36922
-1.06771 1.38654
-1.07355 1.41982
-1.07292 1.44528
-1.07782 1.47892
-1.09966 1.53716
-1.09757 1.56315
-1.10078 1.59746
-1.09787 1.62366
-1.10564 1.6666
-1.13455 1.74333
-1.73792 2.7226
-1.71918 2.74628
-1.68969 2.75279
-1.66538 2.76757
-1.63077 2.7649
-1.60135 2.7705
-1.56703 2.76709
-1.53775 2.77204
-1.50372 2.76791
-1.47459 2.77222
-1.4455 2.77623
-1.41645 2.77994
-1.38298 2.77441
-1.34973 2.76851
-1.32529 2.78029
-1.2923 2.77373
-1.26368 2.7759
-1.23918 2.78692
-1.20662 2.77938
-1.18209 2.7899
-1.14983 2.78172
-1.12155 2.78247
-1.11894 2.84808
-1.12598 2.94188
-1.1105 2.9798
-1.11148 3.06467
-1.11106 3.14979
-1.11246 3.24458
-1.11544 3.34913
-1.11358 3.44446
-1.11911 3.56864
-1.12253 3.69317
-1.12102 3.80844
-0.250888 0.978343
-0.237464 0.961099
-0.22205 0.933967
-0.207134 0.90664
-0.203422 0.927965
-0.191131 0.910148
-0.183107 0.911796
-0.173186 0.903552
-0.167016 0.91488
-0.158952 0.916316
-0.150874 0.91768
-0.142786 0.918973
-0.136134 0.93009
-0.127936 0.931253
-0.121002 0.942262
-0.115071 0.96315
-0.128423 1.26349
-0.115442 1.24466
-0.102803 1.2257
-0.0912545 1.21658
-0.0798751 1.20736
-0.0692375 1.20802
-0.0581102 1.19859
-0.0475506 1.19906
-0.0372956 1.20943
-0.0264213 1.19971
-0.0161173 1.21989
-0.00541581 1.22999
0.00546229 1.23999
0.0167804 1.26989
0.864178 3.78254
0.865079 3.63858
0.86831 3.51432
0.869422 3.3903
0.870988 3.2762
0.873268 3.17199
0.871043 3.05838
0.866887 2.94506
0.875345 2.87991
0.876739 2.79575
0.876721 2.7118
0.878453 2.63756
0.878947 2.5635
0.881534 2.49908
0.886464 2.44421
0.883514 2.37072
0.886488 2.31615
0.884914 2.2524
0.889766 2.20742
0.890074 2.15329
0.889499 2.09933
0.888044 2.04555
0.889776 2.0011
0.890794 1.95678
0.891102 1.9126
0.890702 1.86857
0.885215 1.81571
0.883329 1.77204
0.889823 1.74637
0.891316 1.71186
0.892271 1.67745
0.89269 1.64317
0.892576 1.60901
0.89193 1.57498
0.890755 1.54109
0.899215 1.52457
0.902296 1.49945
0.899775 1.46588
0.896733 1.43247
0.893174 1.39923
0.894555 1.37454
0.895571 1.34995
0.896224 1.32544
0.896515 1.30102
0.902193 1.28489
0.901839 1.26063
0.901128 1.23647
0.900063 1.21243
0.904676 1.19648
0.896876 1.16469
0.894759 1.14101
0.898534 1.12527
0.895794 1.1018
0.905464 1.09386
0.895731 1.0629
0.905059 1.05497
0.90116 1.0319
0.903571 1.01644
0.899069 0.993617
0.887463 0.963592
0.895916 0.955738
0.904299 0.947809
0.891713 0.918285
0.899767 0.910395
