-1.06144 1.07398
-1.05891 1.09047
-1.06307 1.11422
-1.06689 1.13813
-1.0636 1.15484
-1.06009 1.17158
-1.06967 1.20329
-1.0656 1.2202
-1.07435 1.25231
-1.06328 1.26172
-1.06487 1.28645
-1.06612 1.31129
-1.07325 1.34408
-1.06137 1.35348
-1.07381 1.39447
-1.06752 1.41185
-1.07292 1.44528
-1.07782 1.47892
-1.09384 1.52902
-1.09757 1.56315
-1.10078 1.59746
-1.09227 1.61538
-1.10011 1.65827
-1.14001 1.75171
-1.73792 2.7226
-1.71918 2.74628
-1.70015 2.76984
-1.66538 2.76757
-1.63077 2.7649
-1.60135 2.7705
-1.56703 2.76709
-1.5426 2.78079
-1.5085 2.77669
-1.47459 2.77222
-1.44088 2.76736
-1.41191 2.77103
-1.38298 2.77441
-1.34973 2.76851
-1.32099 2.77126
-1.28808 2.76466
-1.26368 2.7759
-1.23512 2.77778
-1.20662 2.77938
-1.17819 2.7807
-1.14983 2.78172
-1.12529 2.79174
-1.11894 2.84808
-1.1224 2.93254
-1.1105 2.9798
-1.11148 3.06467
-1.11106 3.14979
-1.11571 3.25404
-1.1186 3.35862
-1.11973 3.46349
-1.11911 3.56864
-1.11962 3.68361
-1.12384 3.81803
-0.00876216 1.98998
0.00872205 1.97998
0.0258973 1.95983
0.0429384 1.94953
0.0594919 1.92908
0.0764811 1.92848
0.0934644 1.92774
0.11044 1.92684
0.128068 1.93577
0.145861 1.94454
0.167998 2.00297
0.195793 2.11094
0.213368 2.09918
0.232948 2.10716
0.250313 2.0951
0.270031 2.10273
0.28718 2.09037
0.307029 2.09765
0.323958 2.08498
0.864178 3.78254
0.865079 3.63858
0.870709 3.52403
0.869422 3.3903
0.873558 3.28586
0.870614 3.16235
0.871043 3.05838
0.864063 2.93547
0.875345 2.87991
0.873747 2.78621
0.876721 2.7118
0.878453 2.63756
0.882191 2.57296
0.881534 2.49908
0.883055 2.43481
0.883514 2.37072
0.886488 2.31615
0.884914 2.2524
0.886027 2.19815
0.886254 2.14405
0.889499 2.09933
0.888044 2.04555
0.893839 2.01024
0.886651 1.94768
0.891102 1.9126
0.890702 1.86857
0.889597 1.8247
0.878867 1.76309
0.889823 1.74637
0.895934 1.72073
0.892271 1.67745
0.89269 1.64317
0.887725 1.60026
0.896858 1.58368
0.89576 1.54975
0.894134 1.51596
0.891984 1.48232
0.899775 1.46588
0.896733 1.43247
0.893174 1.39923
0.900009 1.38293
0.895571 1.34995
0.896224 1.32544
0.896515 1.30102
0.896447 1.27671
0.896021 1.2525
0.901128 1.23647
0.900063 1.21243
0.898645 1.1885
0.902977 1.17262
0.900929 1.14888
0.898534 1.12527
0.895794 1.1018
0.892711 1.07846
0.895731 1.0629
0.892036 1.03979
0.894583 1.02436
0.896927 1.00897
0.905779 1.00103
0.901012 0.978303
0.895916 0.955738
0.904299 0.947809
0.89868 0.925459
0.899767 0.910395
