-1.06847 1.0811
-1.06587 1.09764
-1.06307 1.11422
-1.06689 1.13813
-1.05682 1.14749
-1.0668 1.179
-1.06967 1.20329
-1.0656 1.2202
-1.07435 1.25231
-1.06972 1.26937
-1.07125 1.29415
-1.07243 1.31905
-1.06701 1.33626
-1.06754 1.36135
-1.07381 1.39447
-1.06752 1.41185
-1.07292 1.44528
-1.07782 1.47892
-1.09384 1.52902
-1.09757 1.56315
-1.09511 1.58923
-1.09787 1.62366
-0.663384 0.999961
-0.600004 0.921952
-0.564958 0.885055
-0.55714 0.889997
-0.549279 0.89487
-0.541376 0.899673
-0.533431 0.904407
-0.530448 0.917728
-0.522344 0.922365
-0.509349 0.918185
-0.506015 0.931423
-0.497791 0.935844
-0.489529 0.940192
-0.485769 0.953378
-0.477352 0.957619
-0.482046 0.988753
-0.52065 1.09226
-1.29653 2.78279
-1.26368 2.7759
-1.23918 2.78692
-1.20662 2.77938
-1.17819 2.7807
-1.15365 2.79097
-1.12155 2.78247
-1.11894 2.84808
-1.12598 2.94188
-1.11399 2.98917
-1.11148 3.06467
-1.11106 3.14979
-1.11571 3.25404
-1.11544 3.34913
-1.11973 3.46349
-1.11911 3.56864
-1.11962 3.68361
-1.12384 3.81803
0.861951 3.77279
0.862766 3.62885
0.86831 3.51432
0.871906 3.39998
0.873558 3.28586
0.873268 3.17199
0.871043 3.05838
0.866887 2.94506
0.878253 2.88948
0.873747 2.78621
0.879797 2.72132
0.878453 2.63756
0.882191 2.57296
0.881534 2.49908
0.883055 2.43481
0.883514 2.37072
0.882914 2.30681
0.888571 2.26171
0.886027 2.19815
0.890074 2.15329
0.889499 2.09933
0.892027 2.05472
0.893839 2.01024
0.890794 1.95678
0.891102 1.9126
0.890702 1.86857
0.889597 1.8247
0.883329 1.77204
0.894363 1.75528
0.891316 1.71186
0.896967 1.68628
0.897464 1.65196
0.887725 1.60026
0.89193 1.57498
0.89576 1.54975
0.899215 1.52457
0.891984 1.48232
0.894544 1.45736
0.896733 1.43247
0.898555 1.40766
0.894555 1.37454
0.895571 1.34995
0.901825 1.33372
0.902189 1.30926
0.896447 1.27671
0.896021 1.2525
0.901128 1.23647
0.900063 1.21243
0.898645 1.1885
0.896876 1.16469
0.900929 1.14888
0.892294 1.11746
0.895794 1.1018
0.899088 1.08616
0.895731 1.0629
0.905059 1.05497
0.90116 1.0319
0.896927 1.00897
0.899069 0.993617
0.901012 0.978303
0.902755 0.963034
0.897396 0.940574
0.905646 0.932633
0.899767 0.910395
