-1.06144 1.07398
-1.05891 1.09047
-1.05616 1.10699
-1.06005 1.13084
-1.0636 1.15484
-1.0668 1.179
-1.06967 1.20329
-1.0656 1.2202
-1.06784 1.24472
-1.06972 1.26937
-1.07125 1.29415
-1.06612 1.31129
-1.06701 1.33626
-1.06754 1.36135
-1.07381 1.39447
-1.06752 1.41185
-1.07292 1.44528
-1.07782 1.47892
-1.09384 1.52902
-1.09757 1.56315
-1.09511 1.58923
-1.09787 1.62366
-1.10011 1.65827
-1.13455 1.74333
-1.7433 2.73103
-1.71918 2.74628
-1.69492 2.76131
-1.66538 2.76757
-1.63077 2.7649
-1.60135 2.7705
-1.56703 2.76709
-1.53775 2.77204
-1.5085 2.77669
-1.46989 2.76339
-1.44088 2.76736
-1.41191 2.77103
-1.38298 2.77441
-1.35411 2.7775
-1.32099 2.77126
-1.2923 2.77373
-1.26782 2.785
-1.23512 2.77778
-1.20662 2.77938
-1.17819 2.7807
-1.14983 2.78172
-1.12155 2.78247
-1.11894 2.84808
-1.11883 2.9232
-1.1105 2.9798
-1.11148 3.06467
-1.11106 3.14979
-1.11571 3.25404
-1.1186 3.35862
-1.11973 3.46349
-1.1221 3.57818
-1.11962 3.68361
-1.12384 3.81803
0.0665727 0.887507
0.0743873 0.886886
0.0794256 0.856324
0.0869651 0.855592
0.093399 0.844853
0.0996506 0.834068
0.106993 0.833158
0.114328 0.832183
0.121653 0.831144
0.128969 0.83004
0.134653 0.819005
0.140152 0.807934
0.150855 0.826343
0.158128 0.824982
0.163419 0.813753
0.174691 0.831855
0.182011 0.830284
0.191545 0.838398
0.203548 0.856136
0.23027 0.931974
0.23847 0.92991
0.238944 0.89878
0.244197 0.886999
0.249261 0.875197
0.254136 0.863374
0.258823 0.851534
0.266313 0.849222
0.270707 0.837328
0.278071 0.834911
0.291901 0.851348
0.299389 0.848744
0.303444 0.836673
0.310801 0.833968
0.321709 0.840537
0.343727 0.874901
0.362636 0.899664
0.573009 1.38624
0.8934 2.10854
0.888044 2.04555
0.889776 2.0011
0.886651 1.94768
0.895325 1.92166
0.890702 1.86857
0.889597 1.8247
0.883329 1.77204
0.889823 1.74637
0.895934 1.72073
0.896967 1.68628
0.89269 1.64317
0.892576 1.60901
0.89193 1.57498
0.89576 1.54975
0.894134 1.51596
0.891984 1.48232
0.894544 1.45736
0.891427 1.42399
0.893174 1.39923
0.894555 1.37454
0.901099 1.35828
0.896224 1.32544
0.896515 1.30102
0.896447 1.27671
0.896021 1.2525
0.901128 1.23647
0.900063 1.21243
0.898645 1.1885
0.896876 1.16469
0.894759 1.14101
0.898534 1.12527
0.895794 1.1018
0.899088 1.08616
0.90862 1.0782
0.892036 1.03979
0.90116 1.0319
0.896927 1.00897
0.899069 0.993617
0.894237 0.970948
0.895916 0.955738
0.904299 0.947809
0.89868 0.925459
0.899767 0.910395
