-1.06144 1.07398
-1.05891 1.09047
-1.06307 1.11422
-1.06005 1.13084
-1.0636 1.15484
-1.05339 1.16416
-1.06302 1.19582
-1.05903 1.21267
-1.06133 1.23713
-1.06328 1.26172
-1.06487 1.28645
-1.06612 1.31129
-1.07325 1.34408
-1.06754 1.36135
-1.06771 1.38654
-1.06752 1.41185
-1.07292 1.44528
-1.07193 1.47084
-1.09966 1.53716
-1.09757 1.56315
-1.10078 1.59746
-1.09787 1.62366
-1.10011 1.65827
-1.13455 1.74333
-1.73792 2.7226
-1.71387 2.7378
-1.69492 2.76131
-1.66538 2.76757
-1.63077 2.7649
-1.59635 2.76184
-1.56703 2.76709
-1.5329 2.7633
-1.50372 2.76791
-1.46989 2.76339
-1.44088 2.76736
-1.40737 2.76212
-1.37852 2.76546
-1.35411 2.7775
-1.32099 2.77126
-1.2923 2.77373
-1.26782 2.785
-1.23512 2.77778
-1.20662 2.77938
-1.17819 2.7807
-1.14983 2.78172
-1.12155 2.78247
-1.11894 2.84808
-1.1224 2.93254
-1.1105 2.9798
-1.11148 3.06467
-1.11106 3.14979
-1.11246 3.24458
-1.11544 3.34913
-1.11666 3.45398
-1.11911 3.56864
-1.11962 3.68361
-1.12102 3.80844
-0.199971 1.15278
-0.184943 1.1249
-0.171957 1.10672
-0.162202 1.10819
-0.149713 1.08976
-0.138834 1.08112
-0.12812 1.07237
-0.11867 1.07346
-0.10921 1.07446
-0.0997416 1.07538
-0.0894298 1.06626
-0.0807827 1.07697
-0.0712935 1.07764
-0.0617987 1.07823
-0.0527834 1.08872
-0.0431918 1.08914
-0.0345216 1.11947
-0.0264213 1.19971
-0.0165137 1.24989
-0.00545984 1.23999
0.00541824 1.22999
0.0162519 1.22989
0.0270842 1.2297
0.0382228 1.23941
0.0491381 1.23903
0.0605339 1.24853
0.0709565 1.23797
0.0818579 1.2373
0.093501 1.2465
0.106984 1.27552
0.119138 1.28449
0.861951 3.77279
0.862766 3.62885
0.86831 3.51432
0.869422 3.3903
0.873558 3.28586
0.873268 3.17199
0.871043 3.05838
0.866887 2.94506
0.872437 2.87034
0.876739 2.79575
0.876721 2.7118
0.875293 2.62807
0.882191 2.57296
0.881534 2.49908
0.883055 2.43481
0.883514 2.37072
0.886488 2.31615
0.888571 2.26171
0.886027 2.19815
0.886254 2.14405
0.889499 2.09933
0.888044 2.04555
0.893839 2.01024
0.890794 1.95678
0.895325 1.92166
0.890702 1.86857
0.885215 1.81571
0.878867 1.76309
0.889823 1.74637
0.891316 1.71186
0.892271 1.67745
0.89269 1.64317
0.887725 1.60026
0.896858 1.58368
0.89576 1.54975
0.894134 1.51596
0.89714 1.49089
0.889312 1.44884
0.891427 1.42399
0.898555 1.40766
0.894555 1.37454
0.895571 1.34995
0.896224 1.32544
0.896515 1.30102
0.896447 1.27671
0.901839 1.26063
0.895239 1.22839
0.900063 1.21243
0.898645 1.1885
0.896876 1.16469
0.894759 1.14101
0.898534 1.12527
0.902102 1.10955
0.899088 1.08616
0.895731 1.0629
0.898548 1.04738
0.894583 1.02436
0.890283 1.0015
0.89236 0.986202
0.894237 0.970948
0.902755 0.963034
0.897396 0.940574
0.891713 0.918285
0.892737 0.903283
