-1.05441 1.06687
-1.05891 1.09047
-1.05616 1.10699
-1.06005 1.13084
-1.0636 1.15484
-1.06009 1.17158
-1.06302 1.19582
-1.07218 1.22773
-1.06133 1.23713
-1.05683 1.25408
-1.06487 1.28645
-1.06612 1.31129
-1.06701 1.33626
-1.06754 1.36135
-1.06161 1.37862
-1.07355 1.41982
-1.07292 1.44528
-1.07782 1.47892
-1.09384 1.52902
-1.09757 1.56315
-1.08943 1.58099
-1.09787 1.62366
-1.10011 1.65827
-1.13455 1.74333
-1.73792 2.7226
-1.71918 2.74628
-1.70015 2.76984
-1.66538 2.76757
-1.63077 2.7649
-1.59635 2.76184
-1.5621 2.75839
-1.53775 2.77204
-1.49895 2.75912
-1.47459 2.77222
-1.43626 2.75849
-1.41645 2.77994
-1.38298 2.77441
-1.34973 2.76851
-1.32529 2.78029
-1.2923 2.77373
-1.26368 2.7759
-1.23512 2.77778
-1.20264 2.77021
-1.17819 2.7807
-1.14983 2.78172
-1.12155 2.78247
-1.11894 2.84808
-1.1224 2.93254
-1.1105 2.9798
-1.11148 3.06467
-1.11439 3.15922
-1.11246 3.24458
-1.11544 3.34913
-1.11666 3.45398
-1.11911 3.56864
-1.11962 3.68361
-1.12102 3.80844
0.856523 3.90722
0.861951 3.77279
0.865079 3.63858
0.86831 3.51432
0.869422 3.3903
0.870988 3.2762
0.870614 3.16235
0.871043 3.05838
0.864063 2.93547
0.875345 2.87991
0.873747 2.78621
0.876721 2.7118
0.878453 2.63756
0.878947 2.5635
0.878207 2.48965
0.883055 2.43481
0.887006 2.38009
0.886488 2.31615
0.881258 2.2431
0.886027 2.19815
0.886254 2.14405
0.456454 1.07729
0.390262 0.898942
0.385976 0.868057
0.38532 0.846421
0.388537 0.83393
0.400171 0.839502
0.398785 0.817967
0.401513 0.805473
0.417672 0.819726
0.420258 0.807145
0.427351 0.803412
0.439184 0.808404
0.441437 0.79576
0.453357 0.800542
0.470399 0.813833
0.482629 0.818272
0.515598 0.856831
0.580669 0.946004
0.891427 1.42399
0.893174 1.39923
0.900009 1.38293
0.895571 1.34995
0.896224 1.32544
0.896515 1.30102
0.896447 1.27671
0.890203 1.24436
0.895239 1.22839
0.894102 1.2044
0.898645 1.1885
0.896876 1.16469
0.894759 1.14101
0.898534 1.12527
0.895794 1.1018
0.67591 0.816545
0.554194 0.657624
0.53392 0.622358
0.539381 0.617631
0.538156 0.605383
0.536758 0.593204
0.535188 0.581097
0.547124 0.583657
0.552244 0.578815
0.557321 0.573928
0.562354 0.568997
