-1.06144 1.07398
-1.05891 1.09047
-1.06307 1.11422
-1.06005 1.13084
-1.05682 1.14749
-1.0668 1.179
-1.06302 1.19582
-1.0656 1.2202
-1.06784 1.24472
-1.06328 1.26172
-1.06487 1.28645
-1.07243 1.31905
-1.06701 1.33626
-1.06754 1.36135
-1.07381 1.39447
-1.07355 1.41982
-1.07888 1.45331
-1.07782 1.47892
-1.09966 1.53716
-1.09757 1.56315
-1.09511 1.58923
-1.10347 1.63195
-1.10011 1.65827
-1.14001 1.75171
-1.73792 2.7226
-1.71918 2.74628
-1.70015 2.76984
-1.66538 2.76757
-1.63077 2.7649
-1.59635 2.76184
-1.57196 2.7758
-1.53775 2.77204
-1.5085 2.77669
-1.46989 2.76339
-1.44088 2.76736
-1.41645 2.77994
-1.38298 2.77441
-1.34973 2.76851
-1.32959 2.78932
-1.2923 2.77373
-1.26782 2.785
-1.23512 2.77778
-1.2106 2.78856
-1.18209 2.7899
-1.14983 2.78172
-1.12902 2.80102
-1.11528 2.83878
-1.1224 2.93254
-1.11399 2.98917
-1.11148 3.06467
-1.11439 3.15922
-1.11246 3.24458
-1.11544 3.34913
-1.11973 3.46349
-1.11911 3.56864
-1.11671 3.67404
-1.12102 3.80844
0.861951 3.77279
0.865079 3.63858
0.865912 3.50461
0.871906 3.39998
0.873558 3.28586
0.873268 3.17199
0.871043 3.05838
0.861239 2.92588
0.875345 2.87991
0.876739 2.79575
0.876721 2.7118
0.878453 2.63756
0.878947 2.5635
0.881534 2.49908
0.886464 2.44421
0.887006 2.38009
0.882914 2.30681
0.884914 2.2524
0.886027 2.19815
0.886254 2.14405
0.889499 2.09933
0.896009 2.0639
0.889776 2.0011
0.890794 1.95678
0.891102 1.9126
0.632528 1.32695
0.442608 0.907854
0.419358 0.841272
0.413132 0.810816
0.424876 0.816015
0.427351 0.803412
0.434411 0.799617
0.441437 0.79576
0.453357 0.800542
0.46039 0.796518
0.467388 0.792432
0.469194 0.779716
0.481275 0.784076
0.493469 0.788282
0.505773 0.792334
0.518187 0.79623
0.530709 0.799968
0.571343 0.844966
0.76601 1.11163
0.896447 1.27671
0.896021 1.2525
0.895239 1.22839
0.894102 1.2044
0.892614 1.18053
0.896876 1.16469
0.900929 1.14888
0.898534 1.12527
0.895794 1.1018
0.899088 1.08616
0.895731 1.0629
0.898548 1.04738
0.894583 1.02436
0.903571 1.01644
0.899069 0.993617
0.901012 0.978303
0.902755 0.963034
0.717917 0.752459
0.633952 0.652843
0.61859 0.625897
