-1.06144 1.07398
-1.05891 1.09047
-1.06307 1.11422
-1.06005 1.13084
-1.0636 1.15484
-1.06009 1.17158
-1.06302 1.19582
-1.07218 1.22773
-1.07435 1.25231
-1.06972 1.26937
-1.07125 1.29415
-1.06612 1.31129
-1.07325 1.34408
-1.07371 1.36922
-1.07381 1.39447
-1.07355 1.41982
-1.07888 1.45331
-1.07782 1.47892
-1.09966 1.53716
-1.09757 1.56315
-1.10078 1.59746
-1.09227 1.61538
-1.10011 1.65827
-1.13455 1.74333
-1.73792 2.7226
-1.72448 2.75475
-1.69492 2.76131
-1.66022 2.759
-1.63077 2.7649
-1.60636 2.77916
-1.56703 2.76709
-1.5329 2.7633
-1.50372 2.76791
-1.47929 2.78105
-1.44088 2.76736
-1.41645 2.77994
-1.38744 2.78336
-1.34973 2.76851
-1.32099 2.77126
-1.29653 2.78279
-1.26782 2.785
-1.23512 2.77778
-1.2106 2.78856
-1.17819 2.7807
-1.14983 2.78172
-1.12529 2.79174
-1.11528 2.83878
-1.1224 2.93254
-1.1105 2.9798
-1.11148 3.06467
-1.11106 3.14979
-1.11571 3.25404
-1.1186 3.35862
-1.11358 3.44446
-1.11911 3.56864
-1.11962 3.68361
-1.12384 3.81803
-0.305939 1.76366
-0.287148 1.74655
-0.271753 1.74901
-0.254889 1.74145
-0.238179 1.73372
-0.222899 1.73575
-0.206416 1.72771
-0.186795 1.68971
-0.160781 1.58185
-0.144995 1.56329
-0.129548 1.54458
-0.115938 1.54566
-0.102319 1.54662
-0.089837 1.56743
-0.0760275 1.56816
-0.0622121 1.56877
-0.0490083 1.58924
-0.0358889 1.6296
0.861951 3.77279
0.867392 3.64831
0.86831 3.51432
0.871906 3.39998
0.873558 3.28586
0.873268 3.17199
0.871043 3.05838
0.861239 2.92588
0.875345 2.87991
0.873747 2.78621
0.876721 2.7118
0.878453 2.63756
0.878947 2.5635
0.881534 2.49908
0.886464 2.44421
0.887006 2.38009
0.886488 2.31615
0.884914 2.2524
0.886027 2.19815
0.890074 2.15329
0.889499 2.09933
0.888044 2.04555
0.893839 2.01024
0.890794 1.95678
0.891102 1.9126
0.890702 1.86857
0.885215 1.81571
0.878867 1.76309
0.885283 1.73746
0.895934 1.72073
0.892271 1.67745
0.89269 1.64317
0.887725 1.60026
0.89193 1.57498
0.89576 1.54975
0.894134 1.51596
0.891984 1.48232
0.894544 1.45736
0.896733 1.43247
0.893174 1.39923
0.900009 1.38293
0.895571 1.34995
0.901825 1.33372
0.896515 1.30102
0.896447 1.27671
0.901839 1.26063
0.895239 1.22839
0.900063 1.21243
0.904676 1.19648
0.896876 1.16469
0.894759 1.14101
0.892294 1.11746
0.895794 1.1018
0.892711 1.07846
0.902176 1.07055
0.898548 1.04738
0.894583 1.02436
0.903571 1.01644
0.899069 0.993617
0.894237 0.970948
0.902755 0.963034
0.897396 0.940574
0.89868 0.925459
0.899767 0.910395
