-1.06144 1.07398
-1.06587 1.09764
-1.06307 1.11422
-1.06689 1.13813
-1.0636 1.15484
-0.644108 0.711846
-0.524867 0.590436
-0.499913 0.57244
-0.494851 0.576821
-0.483307 0.57351
-0.47186 0.570042
-0.466821 0.574176
-0.455506 0.570451
-0.456634 0.58231
-0.451488 0.58631
-0.440275 0.582287
-0.435129 0.586142
-0.429949 0.589952
-0.424736 0.593717
-0.425236 0.605619
-0.419886 0.609341
-0.414502 0.613015
-0.414615 0.624976
-0.409094 0.628603
-0.408922 0.640611
-0.408569 0.652665
-0.413267 0.673283
-0.402165 0.668329
-0.401343 0.680459
-0.400338 0.692625
-0.394222 0.696124
-0.383224 0.690825
-1.50372 2.76791
-1.46989 2.76339
-1.44088 2.76736
-1.41191 2.77103
-1.38298 2.77441
-1.35411 2.7775
-1.32099 2.77126
-1.29653 2.78279
-1.26782 2.785
-1.23512 2.77778
-1.20662 2.77938
-1.17429 2.77149
-1.14983 2.78172
-1.12902 2.80102
-1.11894 2.84808
-1.12598 2.94188
-1.1105 2.9798
-1.11489 3.07407
-1.11439 3.15922
-1.11571 3.25404
-1.11544 3.34913
-0.233791 0.723147
-0.221428 0.706095
-0.212292 0.69845
-0.203308 0.6907
-0.194477 0.682846
-0.188455 0.684533
-0.179849 0.676502
-0.176367 0.687746
-0.167904 0.679565
-0.161912 0.681017
-0.158134 0.692166
-0.14989 0.683764
-0.145917 0.694844
-0.137822 0.686298
-0.131772 0.687485
-0.125711 0.688619
-0.123059 0.709406
-0.116806 0.710462
-0.112079 0.721345
-0.107169 0.732199
-0.102077 0.743021
-0.0968019 0.75381
-0.0901586 0.754633
-0.084607 0.765338
0.864178 3.78254
0.867392 3.64831
0.86831 3.51432
0.871906 3.39998
0.870988 3.2762
0.873268 3.17199
0.873782 3.068
0.866887 2.94506
0.872437 2.87034
0.876739 2.79575
0.876721 2.7118
0.881613 2.64705
0.882191 2.57296
0.881534 2.49908
0.883055 2.43481
0.883514 2.37072
0.886488 2.31615
0.884914 2.2524
0.886027 2.19815
0.886254 2.14405
0.885598 2.09012
0.892027 2.05472
0.885713 1.99196
0.890794 1.95678
0.891102 1.9126
0.890702 1.86857
0.889597 1.8247
0.883329 1.77204
0.885283 1.73746
0.891316 1.71186
0.892271 1.67745
0.89269 1.64317
0.892576 1.60901
0.89193 1.57498
0.89576 1.54975
0.894134 1.51596
0.902296 1.49945
0.894544 1.45736
0.891427 1.42399
0.898555 1.40766
0.894555 1.37454
0.901099 1.35828
0.896224 1.32544
0.896515 1.30102
0.896447 1.27671
0.901839 1.26063
0.901128 1.23647
0.900063 1.21243
0.898645 1.1885
0.902977 1.17262
0.894759 1.14101
0.892294 1.11746
0.902102 1.10955
0.899088 1.08616
0.902176 1.07055
0.892036 1.03979
0.894583 1.02436
0.896927 1.00897
0.905779 1.00103
0.901012 0.978303
0.895916 0.955738
0.897396 0.940574
0.89868 0.925459
0.906796 0.917508
