-1.06144 1.07398
-1.06587 1.09764
-1.06307 1.11422
-1.05321 1.12354
-1.0636 1.15484
-1.06009 1.17158
-1.05638 1.18835
-1.0656 1.2202
-1.06784 1.24472
-1.06328 1.26172
-1.06487 1.28645
-1.07243 1.31905
-1.07325 1.34408
-1.06754 1.36135
-1.06771 1.38654
-1.06752 1.41185
-1.07292 1.44528
-1.07782 1.47892
-1.09384 1.52902
-1.09757 1.56315
-1.10078 1.59746
-1.09787 1.62366
-1.10011 1.65827
-1.13455 1.74333
-1.73792 2.7226
-1.71918 2.74628
-1.69492 2.76131
-1.66538 2.76757
-1.63077 2.7649
-1.59635 2.76184
-1.56703 2.76709
-1.5329 2.7633
-1.5085 2.77669
-1.47459 2.77222
-1.44088 2.76736
-1.41191 2.77103
-1.38298 2.77441
-1.35411 2.7775
-1.32529 2.78029
-1.29653 2.78279
-1.26368 2.7759
-1.23918 2.78692
-1.2106 2.78856
-1.17819 2.7807
-1.14983 2.78172
-1.12902 2.80102
-1.11528 2.83878
-1.1224 2.93254
-1.11399 2.98917
-1.11489 3.07407
-1.11439 3.15922
-1.11571 3.25404
-1.11544 3.34913
-1.11973 3.46349
-1.11911 3.56864
-1.11962 3.68361
-1.12384 3.81803
-0.237464 0.961099
-0.226676 0.953424
-0.216043 0.945635
-0.205564 0.937733
-0.197296 0.939507
-0.187044 0.931405
-0.176951 0.923195
-0.172404 0.944392
-0.16237 0.936021
-0.154119 0.937415
-0.144321 0.928855
-0.13903 0.949879
-0.130658 0.951067
-0.12355 0.962099
-0.106767 0.893645
-0.0922985 0.834914
-0.0829185 0.815797
-0.0757297 0.816496
-0.0676992 0.807166
-0.060587 0.807731
-0.05281 0.798255
-0.0457768 0.798689
-0.0387401 0.799061
-0.0317004 0.799372
-0.0249665 0.809615
-0.0176142 0.799806
-0.0105687 0.79993
-0.00352248 0.799992
0.00356811 0.809992
0.0108346 0.819928
0.0182764 0.829799
0.0255846 0.829606
0.0332871 0.83934
0.0401945 0.829026
0.0480673 0.838624
0.861951 3.77279
0.865079 3.63858
0.86831 3.51432
0.869422 3.3903
0.873558 3.28586
0.870614 3.16235
0.871043 3.05838
0.866887 2.94506
0.875345 2.87991
0.873747 2.78621
0.876721 2.7118
0.881613 2.64705
0.878947 2.5635
0.881534 2.49908
0.886464 2.44421
0.883514 2.37072
0.882914 2.30681
0.884914 2.2524
0.889766 2.20742
0.890074 2.15329
0.889499 2.09933
0.888044 2.04555
0.889776 2.0011
0.890794 1.95678
0.891102 1.9126
0.890702 1.86857
0.889597 1.8247
0.878867 1.76309
0.894363 1.75528
0.891316 1.71186
0.892271 1.67745
0.89269 1.64317
0.892576 1.60901
0.89193 1.57498
0.890755 1.54109
0.899215 1.52457
0.891984 1.48232
0.899775 1.46588
0.896733 1.43247
0.893174 1.39923
0.894555 1.37454
0.895571 1.34995
0.896224 1.32544
0.896515 1.30102
0.896447 1.27671
0.890203 1.24436
0.895239 1.22839
0.894102 1.2044
0.898645 1.1885
0.896876 1.16469
0.894759 1.14101
0.898534 1.12527
0.895794 1.1018
0.899088 1.08616
0.902176 1.07055
0.898548 1.04738
0.90116 1.0319
0.890283 1.0015
0.899069 0.993617
0.894237 0.970948
0.895916 0.955738
0.904299 0.947809
0.89868 0.925459
0.906796 0.917508
