-1.05441 1.06687
-1.06587 1.09764
-1.06307 1.11422
-1.06005 1.13084
-1.0636 1.15484
-1.0668 1.179
-1.06302 1.19582
-1.0656 1.2202
-1.06133 1.23713
-1.06972 1.26937
-1.07125 1.29415
-1.06612 1.31129
-1.06701 1.33626
-1.07371 1.36922
-1.07381 1.39447
-1.07355 1.41982
-1.07292 1.44528
-1.07782 1.47892
-1.09966 1.53716
-1.09757 1.56315
-1.10078 1.59746
-1.10347 1.63195
-1.09458 1.64994
-1.14001 1.75171
-1.73792 2.7226
-1.71918 2.74628
-1.70015 2.76984
-1.67053 2.77613
-1.63585 2.77351
-1.60135 2.7705
-1.57196 2.7758
-1.53775 2.77204
-1.50372 2.76791
-1.47459 2.77222
-1.44088 2.76736
-1.41191 2.77103
-1.38744 2.78336
-1.35411 2.7775
-1.32099 2.77126
-1.29653 2.78279
-1.26368 2.7759
-1.23512 2.77778
-1.20662 2.77938
-1.17819 2.7807
-1.14983 2.78172
-1.12529 2.79174
-1.11894 2.84808
-1.1224 2.93254
-1.11399 2.98917
-1.10807 3.05527
-1.11106 3.14979
-1.11571 3.25404
-1.11544 3.34913
-1.11666 3.45398
-1.11911 3.56864
-1.11962 3.68361
-1.12384 3.81803
-0.271402 2.45504
-0.246733 2.42749
-0.223495 2.40966
-0.201426 2.40157
-0.181013 2.41322
-0.16107 2.43468
-0.141336 2.46595
-0.127358 2.62691
-0.106196 2.6779
-0.0816805 2.64874
-0.0576865 2.61936
-0.0344805 2.60977
-0.0115801 2.62997
0.0117175 2.65997
0.0355427 2.68977
0.864178 3.78254
0.867392 3.64831
0.86831 3.51432
0.871906 3.39998
0.873558 3.28586
0.873268 3.17199
0.871043 3.05838
0.864063 2.93547
0.875345 2.87991
0.873747 2.78621
0.876721 2.7118
0.878453 2.63756
0.878947 2.5635
0.881534 2.49908
0.883055 2.43481
0.883514 2.37072
0.882914 2.30681
0.888571 2.26171
0.886027 2.19815
0.886254 2.14405
0.889499 2.09933
0.888044 2.04555
0.889776 2.0011
0.890794 1.95678
0.891102 1.9126
0.890702 1.86857
0.885215 1.81571
0.878867 1.76309
0.889823 1.74637
0.886698 1.70299
0.892271 1.67745
0.89269 1.64317
0.897427 1.61775
0.89193 1.57498
0.89576 1.54975
0.899215 1.52457
0.89714 1.49089
0.894544 1.45736
0.896733 1.43247
0.893174 1.39923
0.900009 1.38293
0.901099 1.35828
0.896224 1.32544
0.896515 1.30102
0.896447 1.27671
0.896021 1.2525
0.901128 1.23647
0.900063 1.21243
0.898645 1.1885
0.884674 1.14885
0.900929 1.14888
0.898534 1.12527
0.895794 1.1018
0.899088 1.08616
0.902176 1.07055
0.898548 1.04738
0.90116 1.0319
0.903571 1.01644
0.89236 0.986202
0.901012 0.978303
0.902755 0.963034
0.897396 0.940574
0.905646 0.932633
0.899767 0.910395
