-1.05441 1.06687
-1.05891 1.09047
-1.05616 1.10699
-1.06689 1.13813
-1.0636 1.15484
-1.0668 1.179
-1.06302 1.19582
-1.05903 1.21267
-1.06133 1.23713
-1.06972 1.26937
-1.06487 1.28645
-1.06612 1.31129
-1.06701 1.33626
-1.06754 1.36135
-1.07381 1.39447
-1.07355 1.41982
-1.06696 1.43725
-1.07193 1.47084
-1.09384 1.52902
-1.09757 1.56315
-1.09511 1.58923
-1.09227 1.61538
-1.10011 1.65827
-1.13455 1.74333
-1.73792 2.7226
-1.72448 2.75475
-1.70015 2.76984
-1.66022 2.759
-1.63077 2.7649
-1.59635 2.76184
-1.56703 2.76709
-1.53775 2.77204
-1.5085 2.77669
-1.47459 2.77222
-1.4455 2.77623
-1.41191 2.77103
-1.38298 2.77441
-1.35411 2.7775
-1.32529 2.78029
-1.29653 2.78279
-1.26782 2.785
-1.23512 2.77778
-1.20662 2.77938
-1.17819 2.7807
-1.14983 2.78172
-1.12529 2.79174
-1.11894 2.84808
-1.1224 2.93254
-1.11399 2.98917
-1.10807 3.05527
-1.11439 3.15922
-1.11246 3.24458
-1.11544 3.34913
-1.11666 3.45398
-1.11911 3.56864
-1.11962 3.68361
-1.12384 3.81803
0.864178 3.78254
0.867392 3.64831
0.86831 3.51432
0.869422 3.3903
0.870988 3.2762
0.873268 3.17199
0.873782 3.068
0.864063 2.93547
0.878253 2.88948
0.876739 2.79575
0.879797 2.72132
0.878453 2.63756
0.878947 2.5635
0.88486 2.50851
0.883055 2.43481
0.887006 2.38009
0.886488 2.31615
0.884914 2.2524
0.889766 2.20742
0.890074 2.15329
0.889499 2.09933
0.888044 2.04555
0.889776 2.0011
0.890794 1.95678
0.891102 1.9126
0.890702 1.86857
0.889597 1.8247
0.883329 1.77204
0.889823 1.74637
0.891316 1.71186
0.892271 1.67745
0.897464 1.65196
0.887725 1.60026
0.896858 1.58368
0.890755 1.54109
0.894134 1.51596
0.886828 1.47375
0.894544 1.45736
0.721631 1.15276
0.581101 0.910341
0.567279 0.871662
0.563878 0.849966
0.571343 0.844966
0.584437 0.848135
0.580392 0.826586
0.58765 0.821442
0.594863 0.816234
0.602029 0.810963
0.609149 0.805629
0.61012 0.792309
0.623246 0.794773
0.623982 0.781439
0.630841 0.775912
0.644027 0.778029
0.650855 0.772326
0.664144 0.774153
0.657781 0.753209
0.5448 0.612856
0.536758 0.593204
0.535188 0.581097
0.533446 0.569065
0.538438 0.564345
0.536421 0.552406
0.534237 0.540547
