-1.06847 1.0811
-1.06587 1.09764
-1.05616 1.10699
-1.06005 1.13084
-1.0636 1.15484
-1.06009 1.17158
-1.06967 1.20329
-1.0656 1.2202
-1.06784 1.24472
-1.07616 1.27702
-1.07125 1.29415
-1.06612 1.31129
-1.06701 1.33626
-1.07371 1.36922
-1.07381 1.39447
-1.07355 1.41982
-1.07292 1.44528
-1.07782 1.47892
-1.09384 1.52902
-1.10332 1.57133
-1.10078 1.59746
-1.09787 1.62366
-1.10011 1.65827
-1.1291 1.73495
-1.73792 2.7226
-1.71918 2.74628
-1.69492 2.76131
-1.66538 2.76757
-1.63585 2.77351
-1.60135 2.7705
-1.57196 2.7758
-1.5329 2.7633
-1.5085 2.77669
-1.47459 2.77222
-1.44088 2.76736
-1.41645 2.77994
-1.38298 2.77441
-1.35411 2.7775
-1.32099 2.77126
-1.29653 2.78279
-1.26368 2.7759
-1.23512 2.77778
-1.2106 2.78856
-1.17819 2.7807
-1.14983 2.78172
-1.12529 2.79174
-1.11894 2.84808
-1.1224 2.93254
-1.1105 2.9798
-1.11148 3.06467
-1.11439 3.15922
-1.11246 3.24458
-1.12176 3.36811
-1.11973 3.46349
-1.11911 3.56864
-1.11962 3.68361
-1.12102 3.80844
0.861951 3.77279
0.862766 3.62885
0.86831 3.51432
0.869422 3.3903
0.870988 3.2762
0.873268 3.17199
0.871043 3.05838
0.864063 2.93547
0.875345 2.87991
0.876739 2.79575
0.876721 2.7118
0.878453 2.63756
0.878947 2.5635
0.881534 2.49908
0.886464 2.44421
0.883514 2.37072
0.882914 2.30681
0.884914 2.2524
0.886027 2.19815
0.890074 2.15329
0.889499 2.09933
0.892027 2.05472
0.889776 2.0011
0.890794 1.95678
0.895325 1.92166
0.886399 1.85954
0.889597 1.8247
0.878867 1.76309
0.894363 1.75528
0.895934 1.72073
0.892271 1.67745
0.89269 1.64317
0.897427 1.61775
0.89193 1.57498
0.89576 1.54975
0.894134 1.51596
0.891984 1.48232
0.899775 1.46588
0.891427 1.42399
0.898555 1.40766
0.894555 1.37454
0.901099 1.35828
0.896224 1.32544
0.890841 1.29279
0.90794 1.29308
0.901839 1.26063
0.901128 1.23647
0.906024 1.22046
0.898645 1.1885
0.896876 1.16469
0.900929 1.14888
0.898534 1.12527
0.902102 1.10955
0.899088 1.08616
0.895731 1.0629
0.892036 1.03979
0.90116 1.0319
0.896927 1.00897
0.899069 0.993617
0.894237 0.970948
0.902755 0.963034
0.904299 0.947809
0.905646 0.932633
0.899767 0.910395
