-1.06144 1.07398
-1.05891 1.09047
-1.05616 1.10699
-1.06689 1.13813
-1.0636 1.15484
-1.0668 1.179
-1.06302 1.19582
-1.0656 1.2202
-1.06784 1.24472
-1.06972 1.26937
-1.06487 1.28645
-1.06612 1.31129
-1.06701 1.33626
-1.06137 1.35348
-1.06771 1.38654
-1.07355 1.41982
-1.06696 1.43725
-1.07782 1.47892
-1.09384 1.52902
-1.09757 1.56315
-1.10078 1.59746
-1.10347 1.63195
-1.10011 1.65827
-1.13455 1.74333
-1.73792 2.7226
-1.71918 2.74628
-1.69492 2.76131
-1.66022 2.759
-1.63077 2.7649
-1.59635 2.76184
-1.56703 2.76709
-1.53775 2.77204
-1.50372 2.76791
-1.47459 2.77222
-1.4455 2.77623
-1.40737 2.76212
-1.37852 2.76546
-1.35411 2.7775
-1.32529 2.78029
-1.2923 2.77373
-1.26368 2.7759
-1.23512 2.77778
-1.20662 2.77938
-1.17429 2.77149
-1.14983 2.78172
-1.12155 2.78247
-1.11528 2.83878
-1.1224 2.93254
-1.11399 2.98917
-1.10807 3.05527
-1.11106 3.14979
-1.11571 3.25404
-1.11544 3.34913
-1.11973 3.46349
-1.11611 3.5591
-1.11962 3.68361
-1.12102 3.80844
0.864178 3.78254
0.865079 3.63858
0.86831 3.51432
0.869422 3.3903
0.870988 3.2762
0.870614 3.16235
0.871043 3.05838
0.864063 2.93547
0.875345 2.87991
0.876739 2.79575
0.879797 2.72132
0.878453 2.63756
0.878947 2.5635
0.881534 2.49908
0.883055 2.43481
0.883514 2.37072
0.886488 2.31615
0.884914 2.2524
0.886027 2.19815
0.890074 2.15329
0.889499 2.09933
0.888044 2.04555
0.893839 2.01024
0.890794 1.95678
0.891102 1.9126
0.895005 1.8776
0.885215 1.81571
0.878867 1.76309
0.889823 1.74637
0.886698 1.70299
0.892271 1.67745
0.89269 1.64317
0.897427 1.61775
0.896858 1.58368
0.89576 1.54975
0.894134 1.51596
0.891984 1.48232
0.894544 1.45736
0.896733 1.43247
0.893174 1.39923
0.894555 1.37454
0.895571 1.34995
0.896224 1.32544
0.896515 1.30102
0.902193 1.28489
0.901839 1.26063
0.901128 1.23647
0.900063 1.21243
0.892614 1.18053
0.896876 1.16469
0.900929 1.14888
0.898534 1.12527
0.895794 1.1018
0.899088 1.08616
0.889287 1.05526
0.898548 1.04738
0.894583 1.02436
0.903571 1.01644
0.899069 0.993617
0.901012 0.978303
0.895916 0.955738
0.897396 0.940574
0.89868 0.925459
0.892737 0.903283
