-1.06144 1.07398
-1.05194 1.08329
-1.06307 1.11422
-1.06005 1.13084
-1.0636 1.15484
-1.06009 1.17158
-1.06302 1.19582
-1.0656 1.2202
-1.06784 1.24472
-1.06972 1.26937
-1.0585 1.27874
-1.07243 1.31905
-1.06701 1.33626
-1.07371 1.36922
-1.07381 1.39447
-1.06752 1.41185
-1.06696 1.43725
-1.07782 1.47892
-1.09384 1.52902
-1.09757 1.56315
-1.10078 1.59746
-1.09787 1.62366
-1.10011 1.65827
-1.1291 1.73495
-1.73254 2.71417
-1.71387 2.7378
-1.69492 2.76131
-1.66538 2.76757
-1.63077 2.7649
-1.60135 2.7705
-1.56703 2.76709
-1.5329 2.7633
-1.50372 2.76791
-1.46989 2.76339
-1.44088 2.76736
-1.41191 2.77103
-1.38744 2.78336
-1.35411 2.7775
-1.32099 2.77126
-1.2923 2.77373
-1.25954 2.7668
-1.23512 2.77778
-1.20662 2.77938
-1.17429 2.77149
-1.14983 2.78172
-1.12529 2.79174
-1.11528 2.83878
-1.12598 2.94188
-1.1105 2.9798
-1.11148 3.06467
-1.11106 3.14979
-1.11246 3.24458
-1.11544 3.34913
-1.11666 3.45398
-1.11911 3.56864
-1.11962 3.68361
-1.12102 3.80844
0.0273044 1.2397
0.0379145 1.22942
0.0483456 1.21904
0.0590811 1.21857
0.0692398 1.20802
0.0792173 1.19738
0.0822808 1.09692
0.0877603 1.04633
0.0960495 1.03556
0.104156 1.02472
0.112079 1.01382
0.119818 1.00287
0.127373 0.991855
0.136104 0.990695
0.143377 0.979563
0.151999 0.978262
0.158988 0.967018
0.167499 0.96558
0.175998 0.964067
0.1826 0.952658
0.192953 0.960817
0.199353 0.949294
0.207707 0.947501
0.218272 0.955383
0.226678 0.953424
0.239865 0.970806
0.25089 0.978342
0.262067 0.985759
0.27074 0.983412
0.871043 3.05838
0.864063 2.93547
0.875345 2.87991
0.876739 2.79575
0.876721 2.7118
0.878453 2.63756
0.878947 2.5635
0.878207 2.48965
0.879645 2.42541
0.883514 2.37072
0.886488 2.31615
0.884914 2.2524
0.886027 2.19815
0.890074 2.15329
0.885598 2.09012
0.888044 2.04555
0.889776 2.0011
0.890794 1.95678
0.891102 1.9126
0.890702 1.86857
0.885215 1.81571
0.878867 1.76309
0.894363 1.75528
0.891316 1.71186
0.887575 1.66863
0.89269 1.64317
0.892576 1.60901
0.89193 1.57498
0.89576 1.54975
0.899215 1.52457
0.891984 1.48232
0.894544 1.45736
0.896733 1.43247
0.893174 1.39923
0.894555 1.37454
0.895571 1.34995
0.896224 1.32544
0.896515 1.30102
0.896447 1.27671
0.890203 1.24436
0.895239 1.22839
0.894102 1.2044
0.898645 1.1885
0.890775 1.15677
0.894759 1.14101
0.898534 1.12527
0.895794 1.1018
0.899088 1.08616
0.895731 1.0629
0.905059 1.05497
0.90116 1.0319
0.890283 1.0015
0.89236 0.986202
0.901012 0.978303
0.902755 0.963034
0.890493 0.933339
0.891713 0.918285
0.899767 0.910395
