-1.05441 1.06687
-1.05891 1.09047
-1.05616 1.10699
-1.06689 1.13813
-1.0636 1.15484
-1.0668 1.179
-1.06302 1.19582
-1.0656 1.2202
-1.06784 1.24472
-1.06328 1.26172
-1.07125 1.29415
-1.07243 1.31905
-1.07325 1.34408
-1.06754 1.36135
-1.07381 1.39447
-1.07355 1.41982
-1.07292 1.44528
-1.08371 1.487
-1.09966 1.53716
-1.09757 1.56315
-1.09511 1.58923
-1.09787 1.62366
-1.09458 1.64994
-0.676369 1.03929
-0.602622 0.944059
-0.588977 0.940854
-0.575436 0.937483
-0.562 0.933947
-0.553752 0.93886
-0.48541 0.839808
-0.463211 0.817946
-0.451137 0.81325
-0.443957 0.817192
-0.436742 0.821071
-0.424874 0.816016
-0.41767 0.819726
-0.405973 0.814424
-0.403166 0.826957
-0.395866 0.830476
-0.388536 0.83393
-0.377032 0.828219
-0.373785 0.840645
-0.370349 0.853078
-0.366722 0.865514
-0.366724 0.887194
-0.403757 1.00169
-0.420515 1.07036
-0.41822 1.0927
-1.11399 2.98917
-1.11148 3.06467
-1.11106 3.14979
-1.11571 3.25404
-1.1186 3.35862
-1.11666 3.45398
-1.11911 3.56864
-1.12253 3.69317
-1.12384 3.81803
0.864178 3.78254
0.865079 3.63858
0.86831 3.51432
0.871906 3.39998
0.873558 3.28586
0.873268 3.17199
0.871043 3.05838
0.866887 2.94506
0.875345 2.87991
0.876739 2.79575
0.879797 2.72132
0.881613 2.64705
0.882191 2.57296
0.881534 2.49908
0.883055 2.43481
0.887006 2.38009
0.890063 2.32549
0.884914 2.2524
0.889766 2.20742
0.886254 2.14405
0.889499 2.09933
0.888044 2.04555
0.893839 2.01024
0.890794 1.95678
0.891102 1.9126
0.890702 1.86857
0.889597 1.8247
0.883329 1.77204
0.894363 1.75528
0.895934 1.72073
0.892271 1.67745
0.887916 1.63438
0.892576 1.60901
0.89193 1.57498
0.900764 1.5584
0.899215 1.52457
0.89714 1.49089
0.899775 1.46588
0.896733 1.43247
0.893174 1.39923
0.900009 1.38293
0.895571 1.34995
0.896224 1.32544
0.896515 1.30102
0.902193 1.28489
0.901839 1.26063
0.901128 1.23647
0.894102 1.2044
0.898645 1.1885
0.896876 1.16469
0.894759 1.14101
0.898534 1.12527
0.895794 1.1018
0.899088 1.08616
0.895731 1.0629
0.905059 1.05497
0.90116 1.0319
0.896927 1.00897
0.899069 0.993617
0.901012 0.978303
0.882238 0.941146
0.904299 0.947809
0.905646 0.932633
0.892737 0.903283
