-1.05441 1.06687
-1.05891 1.09047
-1.06307 1.11422
-1.06689 1.13813
-1.0636 1.15484
-1.06009 1.17158
-1.05638 1.18835
-1.0656 1.2202
-1.06133 1.23713
-1.06972 1.26937
-1.06487 1.28645
-1.07243 1.31905
-1.06701 1.33626
-1.06754 1.36135
-1.07381 1.39447
-1.06752 1.41185
-1.07292 1.44528
-1.07782 1.47892
-1.09966 1.53716
-1.09757 1.56315
-1.08943 1.58099
-1.09787 1.62366
-1.10564 1.6666
-1.13455 1.74333
-1.7433 2.73103
-1.71918 2.74628
-1.70015 2.76984
-1.66538 2.76757
-1.63077 2.7649
-1.60135 2.7705
-1.56703 2.76709
-1.53775 2.77204
-1.5085 2.77669
-1.47929 2.78105
-1.44088 2.76736
-1.41645 2.77994
-1.37852 2.76546
-1.35411 2.7775
-1.32529 2.78029
-1.30075 2.79185
-1.26782 2.785
-1.23512 2.77778
-1.2106 2.78856
-1.17819 2.7807
-1.14983 2.78172
-1.12529 2.79174
-1.11894 2.84808
-1.12598 2.94188
-1.11399 2.98917
-1.11148 3.06467
-1.11439 3.15922
-1.11571 3.25404
-1.11544 3.34913
-1.11973 3.46349
-1.11911 3.56864
-1.11962 3.68361
-1.12102 3.80844
0.861951 3.77279
0.865079 3.63858
0.86831 3.51432
0.871906 3.39998
0.870988 3.2762
0.870614 3.16235
0.873782 3.068
0.864063 2.93547
0.878253 2.88948
0.876739 2.79575
0.876721 2.7118
0.881613 2.64705
0.882191 2.57296
0.878207 2.48965
0.883055 2.43481
0.883514 2.37072
0.886488 2.31615
0.888571 2.26171
0.889766 2.20742
0.886254 2.14405
0.885598 2.09012
0.888044 2.04555
0.889776 2.0011
0.890794 1.95678
0.891102 1.9126
0.890702 1.86857
0.889597 1.8247
0.878867 1.76309
0.889823 1.74637
0.895934 1.72073
0.892271 1.67745
0.89269 1.64317
0.892576 1.60901
0.89193 1.57498
0.89576 1.54975
0.894134 1.51596
0.891984 1.48232
0.894544 1.45736
0.896733 1.43247
0.893174 1.39923
0.894555 1.37454
0.895571 1.34995
0.901825 1.33372
0.896515 1.30102
0.896447 1.27671
0.896021 1.2525
0.895239 1.22839
0.906024 1.22046
0.898645 1.1885
0.902977 1.17262
0.900929 1.14888
0.904774 1.13309
0.895794 1.1018
0.899088 1.08616
0.902176 1.07055
0.898548 1.04738
0.90116 1.0319
0.896927 1.00897
0.899069 0.993617
0.894237 0.970948
0.895916 0.955738
0.897396 0.940574
0.89868 0.925459
0.899767 0.910395
