-1.06144 1.07398
-1.07284 1.10481
-1.06307 1.11422
-1.06689 1.13813
-1.0636 1.15484
-1.06009 1.17158
-1.06302 1.19582
-1.0656 1.2202
-1.06133 1.23713
-1.06972 1.26937
-1.07125 1.29415
-1.06612 1.31129
-1.06701 1.33626
-1.06754 1.36135
-1.07381 1.39447
-1.07355 1.41982
-1.07292 1.44528
-1.07193 1.47084
-1.09384 1.52902
-1.09182 1.55497
-1.09511 1.58923
-1.09787 1.62366
-1.09458 1.64994
-1.13455 1.74333
-1.73792 2.7226
-1.71387 2.7378
-1.70015 2.76984
-1.67053 2.77613
-1.63077 2.7649
-1.60135 2.7705
-1.56703 2.76709
-1.53775 2.77204
-1.50372 2.76791
-1.47929 2.78105
-1.4455 2.77623
-1.41191 2.77103
-1.38298 2.77441
-1.34973 2.76851
-1.32099 2.77126
-1.2923 2.77373
-1.26368 2.7759
-1.23512 2.77778
-1.20662 2.77938
-1.17429 2.77149
-1.14983 2.78172
-1.12529 2.79174
-1.11894 2.84808
-1.1224 2.93254
-1.1105 2.9798
-1.11148 3.06467
-1.11439 3.15922
-1.11571 3.25404
-1.11544 3.34913
-1.11973 3.46349
-1.11911 3.56864
-1.12253 3.69317
-1.12102 3.80844
0.864178 3.78254
0.862766 3.62885
0.865912 3.50461
0.871906 3.39998
0.870988 3.2762
0.873268 3.17199
0.873782 3.068
0.864063 2.93547
0.875345 2.87991
0.879731 2.80529
0.879797 2.72132
0.881613 2.64705
0.882191 2.57296
0.881534 2.49908
0.883055 2.43481
0.887006 2.38009
0.882914 2.30681
0.884914 2.2524
0.889766 2.20742
0.886254 2.14405
0.889499 2.09933
0.888044 2.04555
0.889776 2.0011
0.886651 1.94768
0.891102 1.9126
0.895005 1.8776
0.885215 1.81571
0.883329 1.77204
0.889823 1.74637
0.891316 1.71186
0.892271 1.67745
0.89269 1.64317
0.562711 1.01437
0.51249 0.904961
0.505429 0.874438
0.513111 0.869952
0.515598 0.856831
0.523125 0.852256
0.530611 0.847615
0.538057 0.842909
0.540006 0.829755
0.547293 0.824967
0.56014 0.828398
0.567415 0.823432
0.568899 0.810218
0.576013 0.805176
0.588973 0.808153
0.596068 0.802934
0.603117 0.797652
0.616221 0.800232
0.629416 0.802642
0.667661 0.836139
0.719159 0.88454
0.879958 1.06305
0.895731 1.0629
0.892036 1.03979
0.894583 1.02436
0.896927 1.00897
0.590434 0.652524
0.541962 0.588453
0.526607 0.56177
0.531535 0.557109
0.536421 0.552406
0.527207 0.533435
