-1.06144 1.07398
-1.06587 1.09764
-1.05616 1.10699
-1.06689 1.13813
-1.0636 1.15484
-1.0668 1.179
-1.06302 1.19582
-1.05903 1.21267
-1.07435 1.25231
-1.06328 1.26172
-1.07125 1.29415
-1.07243 1.31905
-1.06701 1.33626
-1.07371 1.36922
-1.06771 1.38654
-1.07355 1.41982
-1.07292 1.44528
-1.07782 1.47892
-1.09966 1.53716
-1.10332 1.57133
-1.09511 1.58923
-1.09787 1.62366
-1.10564 1.6666
-1.14001 1.75171
-1.7433 2.73103
-1.72448 2.75475
-1.70015 2.76984
-1.65506 2.75043
-1.63585 2.77351
-1.59635 2.76184
-1.56703 2.76709
-1.53775 2.77204
-1.5085 2.77669
-1.46989 2.76339
-1.4455 2.77623
-1.41191 2.77103
-1.38298 2.77441
-1.34973 2.76851
-1.32099 2.77126
-1.2923 2.77373
-1.26782 2.785
-1.23918 2.78692
-1.20662 2.77938
-1.17819 2.7807
-1.14983 2.78172
-1.12529 2.79174
-1.11894 2.84808
-1.12598 2.94188
-1.1105 2.9798
-1.11148 3.06467
-1.11106 3.14979
-1.11571 3.25404
-1.11544 3.34913
-1.11973 3.46349
-1.1221 3.57818
-1.11962 3.68361
-1.12102 3.80844
0.017836 0.809804
0.0249681 0.809615
0.031702 0.799372
0.0387417 0.799061
0.0452062 0.788706
0.0514913 0.778299
0.0583446 0.777815
0.0651934 0.777271
0.0711136 0.766709
0.0768528 0.756104
0.0846085 0.765337
0.0913464 0.764563
0.0993509 0.773647
0.106161 0.772742
0.112964 0.771777
0.121292 0.780633
0.128164 0.779535
0.136734 0.788228
0.143672 0.786993
0.154363 0.80534
0.163419 0.813753
0.861951 3.77279
0.865079 3.63858
0.865912 3.50461
0.871906 3.39998
0.25179 0.947102
0.257468 0.935206
0.262956 0.923284
0.271079 0.920932
0.27918 0.918509
0.284267 0.906472
0.29224 0.903933
0.300191 0.901324
0.304875 0.889186
0.316022 0.895896
0.320491 0.883677
0.328262 0.88082
0.339582 0.887234
0.347384 0.884208
0.355158 0.881114
0.362906 0.877952
0.378427 0.893136
0.386279 0.889769
0.398164 0.895469
0.414323 0.91013
0.447663 0.960832
0.636831 1.33598
0.889597 1.8247
0.883329 1.77204
0.894363 1.75528
0.891316 1.71186
0.892271 1.67745
0.89269 1.64317
0.892576 1.60901
0.89193 1.57498
0.89576 1.54975
0.894134 1.51596
0.89714 1.49089
0.899775 1.46588
0.896733 1.43247
0.887793 1.3908
0.894555 1.37454
0.895571 1.34995
0.901825 1.33372
0.896515 1.30102
0.896447 1.27671
0.901839 1.26063
0.901128 1.23647
0.900063 1.21243
0.898645 1.1885
0.896876 1.16469
0.894759 1.14101
0.898534 1.12527
0.895794 1.1018
0.899088 1.08616
0.902176 1.07055
0.898548 1.04738
0.90116 1.0319
0.903571 1.01644
0.89236 0.986202
0.887463 0.963592
0.902755 0.963034
0.897396 0.940574
0.89868 0.925459
0.899767 0.910395
