-1.06144 1.07398
-1.05891 1.09047
-1.06307 1.11422
-1.06689 1.13813
-1.0636 1.15484
-1.06009 1.17158
-1.06302 1.19582
-1.0656 1.2202
-1.06784 1.24472
-1.06972 1.26937
-1.07125 1.29415
-1.06612 1.31129
-1.06701 1.33626
-1.06754 1.36135
-1.06771 1.38654
-1.06752 1.41185
-1.07292 1.44528
-1.07782 1.47892
-1.10548 1.54529
-1.09757 1.56315
-1.10078 1.59746
-1.09787 1.62366
-1.10011 1.65827
-1.13455 1.74333
-1.73792 2.7226
-1.71387 2.7378
-1.69492 2.76131
-1.66538 2.76757
-1.63077 2.7649
-1.59635 2.76184
-1.56703 2.76709
-1.53775 2.77204
-1.5085 2.77669
-1.47459 2.77222
-1.44088 2.76736
-1.41645 2.77994
-1.38298 2.77441
-1.34973 2.76851
-1.32529 2.78029
-1.2923 2.77373
-1.26368 2.7759
-1.23918 2.78692
-1.20662 2.77938
-1.17819 2.7807
-1.14983 2.78172
-1.12529 2.79174
-1.11894 2.84808
-1.11883 2.9232
-1.11399 2.98917
-1.11148 3.06467
-1.11106 3.14979
-1.11571 3.25404
-1.11544 3.34913
-1.11973 3.46349
-1.11911 3.56864
-1.11962 3.68361
-1.12102 3.80844
0.861951 3.77279
0.865079 3.63858
0.86831 3.51432
0.871906 3.39998
0.870988 3.2762
0.870614 3.16235
0.871043 3.05838
0.864063 2.93547
0.875345 2.87991
0.873747 2.78621
0.876721 2.7118
0.878453 2.63756
0.878947 2.5635
0.881534 2.49908
0.883055 2.43481
0.880021 2.36135
0.882914 2.30681
0.884914 2.2524
0.886027 2.19815
0.890074 2.15329
0.889499 2.09933
0.892027 2.05472
0.889776 2.0011
0.890794 1.95678
0.891102 1.9126
0.895005 1.8776
0.885215 1.81571
0.883329 1.77204
0.889823 1.74637
0.886698 1.70299
0.896967 1.68628
0.89269 1.64317
0.897427 1.61775
0.896858 1.58368
0.89576 1.54975
0.894134 1.51596
0.886828 1.47375
0.894544 1.45736
0.891427 1.42399
0.898555 1.40766
0.900009 1.38293
0.895571 1.34995
0.890622 1.31715
0.896515 1.30102
0.896447 1.27671
0.896021 1.2525
0.901128 1.23647
0.900063 1.21243
0.904676 1.19648
0.890775 1.15677
0.900929 1.14888
0.898534 1.12527
0.895794 1.1018
0.899088 1.08616
0.895731 1.0629
0.898548 1.04738
0.894583 1.02436
0.896927 1.00897
0.899069 0.993617
0.901012 0.978303
0.902755 0.963034
0.890493 0.933339
0.89868 0.925459
0.899767 0.910395
