-1.06144 1.07398
-1.06587 1.09764
-1.06997 1.12146
-1.05321 1.12354
-1.0636 1.15484
-1.0668 1.179
-1.06302 1.19582
-1.0656 1.2202
-1.06784 1.24472
-1.06972 1.26937
-1.07125 1.29415
-1.06612 1.31129
-1.06701 1.33626
-1.06754 1.36135
-1.06771 1.38654
-1.06752 1.41185
-1.07292 1.44528
-1.08371 1.487
-1.09966 1.53716
-1.09757 1.56315
-1.09511 1.58923
-1.09787 1.62366
-1.09458 1.64994
-1.1291 1.73495
-1.7433 2.73103
-1.71918 2.74628
-1.70015 2.76984
-1.66538 2.76757
-1.63585 2.77351
-1.60135 2.7705
-1.56703 2.76709
-1.53775 2.77204
-1.50372 2.76791
-1.47459 2.77222
-1.4455 2.77623
-1.41191 2.77103
-1.39191 2.79231
-0.433841 0.889877
-0.425986 0.893664
-0.409652 0.879253
-0.401891 0.882827
-0.390037 0.877195
-0.382295 0.880597
-0.378426 0.893137
-0.370544 0.896436
-0.358895 0.89039
-0.354695 0.902824
-0.343155 0.896574
-0.342229 0.918302
-0.334127 0.921281
-0.329326 0.933619
-0.32109 0.936484
-0.319148 0.958251
-1.12281 3.47301
-0.35608 1.13548
-0.340248 1.11943
-0.333199 1.13198
-0.320476 1.12525
-0.307898 1.11839
-0.298035 1.12106
-0.285665 1.11395
-0.278241 1.12614
-0.270624 1.13827
-0.260587 1.14061
-0.250531 1.14286
-0.240455 1.14502
-0.232329 1.1569
-0.225894 1.17855
-0.213709 1.17065
-0.208517 1.20205
-0.201166 1.22357
0.861951 3.77279
0.867392 3.64831
0.86831 3.51432
0.869422 3.3903
0.873558 3.28586
0.875923 3.18163
0.871043 3.05838
0.866887 2.94506
0.878253 2.88948
0.876739 2.79575
0.879797 2.72132
0.878453 2.63756
0.882191 2.57296
0.88486 2.50851
0.883055 2.43481
0.883514 2.37072
0.886488 2.31615
0.884914 2.2524
0.886027 2.19815
0.886254 2.14405
0.889499 2.09933
0.892027 2.05472
0.893839 2.01024
0.894937 1.96588
0.891102 1.9126
0.890702 1.86857
0.889597 1.8247
0.878867 1.76309
0.889823 1.74637
0.891316 1.71186
0.892271 1.67745
0.89269 1.64317
0.892576 1.60901
0.89193 1.57498
0.89576 1.54975
0.894134 1.51596
0.89714 1.49089
0.899775 1.46588
0.896733 1.43247
0.903935 1.41609
0.894555 1.37454
0.895571 1.34995
0.896224 1.32544
0.896515 1.30102
0.896447 1.27671
0.901839 1.26063
0.901128 1.23647
0.900063 1.21243
0.892614 1.18053
0.896876 1.16469
0.900929 1.14888
0.898534 1.12527
0.895794 1.1018
0.899088 1.08616
0.902176 1.07055
0.898548 1.04738
0.90116 1.0319
0.896927 1.00897
0.899069 0.993617
0.901012 0.978303
0.895916 0.955738
0.897396 0.940574
0.89868 0.925459
0.899767 0.910395
