-1.05441 1.06687
-1.06587 1.09764
-1.06307 1.11422
-1.06689 1.13813
-1.0636 1.15484
-1.06009 1.17158
-1.06302 1.19582
-1.0656 1.2202
-1.06133 1.23713
-1.06328 1.26172
-1.06487 1.28645
-1.07243 1.31905
-1.06701 1.33626
-1.06137 1.35348
-1.06771 1.38654
-1.07355 1.41982
-1.06696 1.43725
-1.07782 1.47892
-1.09384 1.52902
-1.10332 1.57133
-1.09511 1.58923
-1.09787 1.62366
-1.10011 1.65827
-1.13455 1.74333
-1.73254 2.71417
-1.72448 2.75475
-1.69492 2.76131
-1.67053 2.77613
-1.63077 2.7649
-1.60135 2.7705
-1.5621 2.75839
-1.5329 2.7633
-1.50372 2.76791
-1.47459 2.77222
-1.43626 2.75849
-1.41191 2.77103
-1.37852 2.76546
-1.35411 2.7775
-1.32099 2.77126
-1.2923 2.77373
-1.26368 2.7759
-1.23512 2.77778
-1.20662 2.77938
-1.17819 2.7807
-1.14983 2.78172
-1.12155 2.78247
-1.11528 2.83878
-1.11883 2.9232
-1.10701 2.97043
-1.11148 3.06467
-1.11106 3.14979
-1.11246 3.24458
-1.11544 3.34913
-1.11973 3.46349
-1.11911 3.56864
-1.11962 3.68361
-1.12102 3.80844
-0.0339051 1.09948
-0.0242195 1.09973
-0.0142678 1.07991
-0.00466728 1.05999
0.00466938 1.05999
0.0137414 1.03991
0.0229005 1.03975
0.0317496 1.02951
0.0404201 1.0192
0.0489114 1.00881
0.0577952 1.00835
0.0660144 0.997819
0.0748008 0.997198
0.0819096 0.976571
0.0914317 0.985769
0.100111 0.984925
0.107684 0.974066
0.117445 0.983009
0.126099 0.981936
0.133382 0.970881
0.143377 0.979563
0.153535 0.988143
0.163855 0.99662
0.172627 0.995138
0.183181 1.00342
0.193895 1.01159
0.861951 3.77279
0.865079 3.63858
0.86831 3.51432
0.866938 3.38061
0.870988 3.2762
0.873268 3.17199
0.871043 3.05838
0.864063 2.93547
0.875345 2.87991
0.873747 2.78621
0.876721 2.7118
0.878453 2.63756
0.882191 2.57296
0.881534 2.49908
0.883055 2.43481
0.883514 2.37072
0.886488 2.31615
0.884914 2.2524
0.886027 2.19815
0.886254 2.14405
0.885598 2.09012
0.888044 2.04555
0.885713 1.99196
0.890794 1.95678
0.886879 1.90354
0.886399 1.85954
0.885215 1.81571
0.878867 1.76309
0.889823 1.74637
0.891316 1.71186
0.887575 1.66863
0.89269 1.64317
0.887725 1.60026
0.89193 1.57498
0.890755 1.54109
0.894134 1.51596
0.891984 1.48232
0.899775 1.46588
0.896733 1.43247
0.893174 1.39923
0.8891 1.36616
0.895571 1.34995
0.896224 1.32544
0.902189 1.30926
0.896447 1.27671
0.901839 1.26063
0.895239 1.22839
0.894102 1.2044
0.892614 1.18053
0.890775 1.15677
0.894759 1.14101
0.898534 1.12527
0.902102 1.10955
0.899088 1.08616
0.895731 1.0629
0.892036 1.03979
0.90116 1.0319
0.890283 1.0015
0.89236 0.986202
0.894237 0.970948
0.895916 0.955738
0.904299 0.947809
0.89868 0.925459
0.899767 0.910395
