-1.06144 1.07398
-1.05891 1.09047
-1.05616 1.10699
-1.06689 1.13813
-1.0636 1.15484
-1.0668 1.179
-1.06967 1.20329
-1.07218 1.22773
-1.06133 1.23713
-1.06972 1.26937
-1.06487 1.28645
-1.07243 1.31905
-1.06701 1.33626
-1.07371 1.36922
-1.06771 1.38654
-1.06752 1.41185
-1.07292 1.44528
-1.07193 1.47084
-1.09384 1.52902
-1.09757 1.56315
-1.10078 1.59746
-1.09787 1.62366
-1.10011 1.65827
-1.13455 1.74333
-1.7433 2.73103
-1.71387 2.7378
-1.70015 2.76984
-1.66022 2.759
-1.63585 2.77351
-1.60636 2.77916
-1.56703 2.76709
-1.53775 2.77204
-1.50372 2.76791
-1.47459 2.77222
-1.44088 2.76736
-1.41191 2.77103
-1.37852 2.76546
-1.35411 2.7775
-1.32099 2.77126
-1.2923 2.77373
-1.26368 2.7759
-1.23512 2.77778
-1.20662 2.77938
-1.17819 2.7807
-1.14983 2.78172
-1.12155 2.78247
-1.11528 2.83878
-1.1224 2.93254
-1.1105 2.9798
-1.11148 3.06467
-1.11439 3.15922
-1.11246 3.24458
-1.1186 3.35862
-1.11666 3.45398
-1.11611 3.5591
-1.12253 3.69317
-1.12102 3.80844
0.0812727 0.876239
0.0889875 0.875489
0.0944978 0.854792
0.102023 0.853927
0.106993 0.833158
0.114328 0.832183
0.121653 0.831144
0.128969 0.83004
0.134653 0.819005
0.143571 0.82764
0.150855 0.826343
0.158128 0.824982
0.163419 0.813753
0.172636 0.822069
0.177729 0.810748
0.184863 0.809151
0.194296 0.81722
0.201486 0.815477
0.208661 0.813671
0.218389 0.821466
0.228271 0.829152
0.241043 0.846344
0.248489 0.844188
0.261731 0.861102
0.272298 0.868305
0.286088 0.884903
0.344429 1.03415
0.347038 1.01216
0.359267 1.01849
0.364814 1.00589
0.370168 0.993265
0.378902 0.989966
0.383951 0.977283
0.396282 0.983138
0.401106 0.970368
0.409638 0.966797
0.418138 0.963152
0.426605 0.959431
0.439182 0.964738
0.447663 0.960832
0.47332 0.992959
0.503959 1.03369
0.861022 1.72729
0.889823 1.74637
0.891316 1.71186
0.892271 1.67745
0.887916 1.63438
0.887725 1.60026
0.89193 1.57498
0.890755 1.54109
0.894134 1.51596
0.89714 1.49089
0.894544 1.45736
0.896733 1.43247
0.893174 1.39923
0.894555 1.37454
0.890042 1.34161
0.901825 1.33372
0.896515 1.30102
0.896447 1.27671
0.896021 1.2525
0.901128 1.23647
0.900063 1.21243
0.898645 1.1885
0.896876 1.16469
0.894759 1.14101
0.898534 1.12527
0.889486 1.09404
0.892711 1.07846
0.902176 1.07055
0.898548 1.04738
0.90116 1.0319
0.890283 1.0015
0.905779 1.00103
0.894237 0.970948
0.895916 0.955738
0.897396 0.940574
0.89868 0.925459
0.899767 0.910395
