-1.06144 1.07398
-1.06587 1.09764
-1.06997 1.12146
-1.06005 1.13084
-1.0636 1.15484
-1.0668 1.179
-1.06967 1.20329
-1.07218 1.22773
-1.06784 1.24472
-1.06972 1.26937
-1.07125 1.29415
-1.07243 1.31905
-1.06701 1.33626
-1.07371 1.36922
-1.07381 1.39447
-1.07355 1.41982
-1.07292 1.44528
-1.07782 1.47892
-1.09966 1.53716
-1.09757 1.56315
-1.09511 1.58923
-1.09787 1.62366
-1.10011 1.65827
-1.13455 1.74333
-1.73792 2.7226
-1.72448 2.75475
-1.69492 2.76131
-1.67053 2.77613
-1.63585 2.77351
-1.60135 2.7705
-1.56703 2.76709
-1.5329 2.7633
-1.50372 2.76791
-1.47459 2.77222
-1.45011 2.7851
-1.41191 2.77103
-1.38744 2.78336
-1.35411 2.7775
-1.32529 2.78029
-1.29653 2.78279
-1.26368 2.7759
-1.23918 2.78692
-1.20662 2.77938
-1.17819 2.7807
-1.14983 2.78172
-1.12529 2.79174
-1.11894 2.84808
-1.1224 2.93254
-1.1105 2.9798
-1.11148 3.06467
-1.11106 3.14979
-1.11246 3.24458
-1.11544 3.34913
-1.11666 3.45398
-1.11911 3.56864
-1.11962 3.68361
-1.12384 3.81803
-0.375258 1.3176
-0.355675 1.29193
-0.336574 1.26602
-0.327894 1.27863
-0.31422 1.27176
-0.303006 1.27448
-0.291769 1.27709
-0.280509 1.27962
-0.273337 1.30161
-0.261862 1.30397
-0.257896 1.34551
-0.249627 1.3674
-0.116175 1.38514
-0.103222 1.37613
-0.0891168 1.34706
-0.0766762 1.3378
-0.0648897 1.33843
-0.0530982 1.33895
-0.0416108 1.34936
-0.0299441 1.35967
-0.0179669 1.35988
-0.00607627 1.37999
0.00612306 1.38999
0.0187623 1.41988
0.861951 3.77279
0.867392 3.64831
0.86831 3.51432
0.869422 3.3903
0.873558 3.28586
0.870614 3.16235
0.873782 3.068
0.864063 2.93547
0.875345 2.87991
0.879731 2.80529
0.876721 2.7118
0.878453 2.63756
0.882191 2.57296
0.881534 2.49908
0.883055 2.43481
0.883514 2.37072
0.882914 2.30681
0.888571 2.26171
0.886027 2.19815
0.886254 2.14405
0.889499 2.09933
0.888044 2.04555
0.889776 2.0011
0.890794 1.95678
0.891102 1.9126
0.895005 1.8776
0.889597 1.8247
0.883329 1.77204
0.889823 1.74637
0.886698 1.70299
0.892271 1.67745
0.897464 1.65196
0.892576 1.60901
0.896858 1.58368
0.89576 1.54975
0.894134 1.51596
0.89714 1.49089
0.905006 1.4744
0.891427 1.42399
0.893174 1.39923
0.900009 1.38293
0.895571 1.34995
0.896224 1.32544
0.890841 1.29279
0.896447 1.27671
0.901839 1.26063
0.901128 1.23647
0.894102 1.2044
0.904676 1.19648
0.896876 1.16469
0.900929 1.14888
0.898534 1.12527
0.895794 1.1018
0.899088 1.08616
0.895731 1.0629
0.898548 1.04738
0.90116 1.0319
0.903571 1.01644
0.905779 1.00103
0.901012 0.978303
0.902755 0.963034
0.904299 0.947809
0.89868 0.925459
0.899767 0.910395
