-1.05441 1.06687
-1.05891 1.09047
-1.06307 1.11422
-1.06689 1.13813
-1.07037 1.1622
-1.06009 1.17158
-1.06967 1.20329
-1.07218 1.22773
-1.06784 1.24472
-1.06328 1.26172
-1.07125 1.29415
-1.06612 1.31129
-1.06701 1.33626
-1.07371 1.36922
-1.06771 1.38654
-1.07958 1.4278
-1.07292 1.44528
-1.07782 1.47892
-1.09966 1.53716
-1.09757 1.56315
-1.09511 1.58923
-1.09787 1.62366
-1.10011 1.65827
-1.13455 1.74333
-1.73792 2.7226
-1.72448 2.75475
-1.68969 2.75279
-1.66538 2.76757
-1.62569 2.75629
-1.60135 2.7705
-1.56703 2.76709
-1.53775 2.77204
-1.49418 2.75033
-1.47459 2.77222
-1.44088 2.76736
-1.41191 2.77103
-1.38298 2.77441
-1.34973 2.76851
-1.32529 2.78029
-1.2923 2.77373
-1.26368 2.7759
-1.23512 2.77778
-1.20662 2.77938
-1.17819 2.7807
-1.14983 2.78172
-1.12529 2.79174
-1.11894 2.84808
-1.11883 2.9232
-1.1105 2.9798
-1.11489 3.07407
-1.11439 3.15922
-1.11246 3.24458
-1.11544 3.34913
-1.11973 3.46349
-1.11911 3.56864
-1.12253 3.69317
-1.12102 3.80844
-0.20714 3.61407
-0.173362 3.5758
-0.140671 3.54721
-0.110037 3.5683
-0.0790437 3.58913
-0.0502015 3.79967
-0.0168198 3.81996
0.0166952 3.78996
0.050209 3.79967
0.0845557 3.83907
0.861951 3.77279
0.865079 3.63858
0.86831 3.51432
0.871906 3.39998
0.873558 3.28586
0.873268 3.17199
0.876522 3.07761
0.864063 2.93547
0.875345 2.87991
0.876739 2.79575
0.876721 2.7118
0.878453 2.63756
0.882191 2.57296
0.88486 2.50851
0.883055 2.43481
0.883514 2.37072
0.882914 2.30681
0.884914 2.2524
0.889766 2.20742
0.890074 2.15329
0.885598 2.09012
0.892027 2.05472
0.889776 2.0011
0.890794 1.95678
0.891102 1.9126
0.890702 1.86857
0.885215 1.81571
0.883329 1.77204
0.894363 1.75528
0.895934 1.72073
0.896967 1.68628
0.89269 1.64317
0.897427 1.61775
0.89193 1.57498
0.89576 1.54975
0.899215 1.52457
0.89714 1.49089
0.894544 1.45736
0.896733 1.43247
0.893174 1.39923
0.894555 1.37454
0.895571 1.34995
0.890622 1.31715
0.902189 1.30926
0.896447 1.27671
0.901839 1.26063
0.901128 1.23647
0.900063 1.21243
0.898645 1.1885
0.896876 1.16469
0.900929 1.14888
0.898534 1.12527
0.902102 1.10955
0.899088 1.08616
0.895731 1.0629
0.898548 1.04738
0.894583 1.02436
0.896927 1.00897
0.899069 0.993617
0.901012 0.978303
0.902755 0.963034
0.897396 0.940574
0.89868 0.925459
0.899767 0.910395
