-1.06144 1.07398
-1.06587 1.09764
-1.06307 1.11422
-1.06005 1.13084
-1.0636 1.15484
-1.0668 1.179
-1.06302 1.19582
-1.0656 1.2202
-1.06784 1.24472
-1.06328 1.26172
-1.07125 1.29415
-1.06612 1.31129
-1.06701 1.33626
-1.07371 1.36922
-1.06771 1.38654
-1.07355 1.41982
-1.07292 1.44528
-1.07782 1.47892
-1.09384 1.52902
-1.09182 1.55497
-1.09511 1.58923
-1.09787 1.62366
-1.09458 1.64994
-1.13455 1.74333
-1.73792 2.7226
-1.71387 2.7378
-1.69492 2.76131
-1.66538 2.76757
-1.63585 2.77351
-1.60135 2.7705
-1.56703 2.76709
-1.5329 2.7633
-1.5085 2.77669
-1.47929 2.78105
-1.44088 2.76736
-1.41191 2.77103
-1.38298 2.77441
-1.35411 2.7775
-1.32529 2.78029
-1.29653 2.78279
-1.26368 2.7759
-1.23918 2.78692
-1.20662 2.77938
-1.17819 2.7807
-1.14983 2.78172
-1.12155 2.78247
-1.11894 2.84808
-1.1224 2.93254
-1.11399 2.98917
-1.11148 3.06467
-1.11439 3.15922
-1.11571 3.25404
-1.11228 3.33965
-1.11666 3.45398
-1.11911 3.56864
-1.11962 3.68361
-1.12102 3.80844
0.861951 3.77279
0.867392 3.64831
0.86831 3.51432
0.871906 3.39998
0.870988 3.2762
0.873268 3.17199
0.873782 3.068
0.864063 2.93547
0.872437 2.87034
0.876739 2.79575
0.879797 2.72132
0.881613 2.64705
0.878947 2.5635
0.881534 2.49908
0.879645 2.42541
0.887006 2.38009
0.882914 2.30681
0.888571 2.26171
0.889766 2.20742
0.890074 2.15329
0.889499 2.09933
0.892027 2.05472
0.889776 2.0011
0.890794 1.95678
0.527904 1.13306
0.477623 1.00199
0.477666 0.979763
0.481816 0.966568
0.490311 0.962287
0.494149 0.949061
0.502489 0.944672
0.506017 0.931422
0.504499 0.90944
0.522346 0.922364
0.525446 0.909069
0.538513 0.913019
0.505286 0.839694
0.46035 0.749985
0.461632 0.737425
0.457348 0.716472
0.463641 0.712416
0.469898 0.708305
0.470517 0.695854
0.476628 0.691683
0.476956 0.679274
0.488739 0.68318
0.488847 0.670767
0.494737 0.666435
0.506619 0.670028
0.512501 0.66554
0.518343 0.661
0.530385 0.664223
0.542523 0.667285
0.542003 0.654777
0.554194 0.657624
0.566476 0.660307
0.598581 0.68542
0.690966 0.777281
0.899069 0.993617
0.901012 0.978303
0.902755 0.963034
0.897396 0.940574
0.89868 0.925459
0.899767 0.910395
