-1.05441 1.06687
-1.05891 1.09047
-1.06307 1.11422
-1.06005 1.13084
-1.0636 1.15484
-1.06009 1.17158
-1.06302 1.19582
-1.05903 1.21267
-1.06784 1.24472
-1.06328 1.26172
-1.07125 1.29415
-1.06612 1.31129
-1.06701 1.33626
-1.07371 1.36922
-1.07381 1.39447
-1.07355 1.41982
-1.06696 1.43725
-1.07782 1.47892
-1.09384 1.52902
-1.09757 1.56315
-1.10078 1.59746
-1.10347 1.63195
-1.09458 1.64994
-1.14001 1.75171
-1.73792 2.7226
-1.71918 2.74628
-1.69492 2.76131
-1.66538 2.76757
-1.63585 2.77351
-1.60135 2.7705
-1.57196 2.7758
-1.53775 2.77204
-1.49895 2.75912
-1.47929 2.78105
-1.4455 2.77623
-1.41645 2.77994
-1.37852 2.76546
-1.35411 2.7775
-1.32529 2.78029
-1.2923 2.77373
-1.26782 2.785
-1.23512 2.77778
-1.20662 2.77938
-1.17429 2.77149
-1.14983 2.78172
-1.12529 2.79174
-1.11894 2.84808
-1.1224 2.93254
-1.1105 2.9798
-1.11148 3.06467
-1.11439 3.15922
-1.11571 3.25404
-1.11544 3.34913
-1.11666 3.45398
-1.11611 3.5591
-1.11962 3.68361
-1.12102 3.80844
-0.500783 2.88689
-0.350418 2.13139
-0.32856 2.11463
-0.307025 2.09765
-0.285815 2.08046
-0.267479 2.0829
-0.247936 2.07524
-0.228549 2.06741
-0.213364 2.09918
-0.166053 2.21378
-0.145227 2.1952
-0.124742 2.17643
-0.105567 2.17744
-0.0859874 2.1683
-0.0668855 2.16897
-0.0477785 2.16947
-0.0287998 2.17981
0.864178 3.78254
0.865079 3.63858
0.86831 3.51432
0.869422 3.3903
0.873558 3.28586
0.870614 3.16235
0.871043 3.05838
0.864063 2.93547
0.875345 2.87991
0.876739 2.79575
0.876721 2.7118
0.878453 2.63756
0.878947 2.5635
0.88486 2.50851
0.883055 2.43481
0.883514 2.37072
0.886488 2.31615
0.884914 2.2524
0.889766 2.20742
0.890074 2.15329
0.889499 2.09933
0.892027 2.05472
0.889776 2.0011
0.890794 1.95678
0.891102 1.9126
0.890702 1.86857
0.885215 1.81571
0.883329 1.77204
0.894363 1.75528
0.886698 1.70299
0.892271 1.67745
0.89269 1.64317
0.892576 1.60901
0.89193 1.57498
0.890755 1.54109
0.894134 1.51596
0.89714 1.49089
0.894544 1.45736
0.896733 1.43247
0.898555 1.40766
0.894555 1.37454
0.901099 1.35828
0.896224 1.32544
0.896515 1.30102
0.896447 1.27671
0.896021 1.2525
0.895239 1.22839
0.894102 1.2044
0.892614 1.18053
0.890775 1.15677
0.894759 1.14101
0.898534 1.12527
0.895794 1.1018
0.899088 1.08616
0.895731 1.0629
0.898548 1.04738
0.888005 1.01683
0.883639 0.994023
0.89236 0.986202
0.901012 0.978303
0.889077 0.948442
0.890493 0.933339
0.891713 0.918285
0.899767 0.910395
