-1.06144 1.07398
-1.06587 1.09764
-1.06307 1.11422
-1.05321 1.12354
-1.07037 1.1622
-1.0668 1.179
-1.07631 1.21077
-1.05903 1.21267
-1.07435 1.25231
-1.06972 1.26937
-1.07125 1.29415
-1.06612 1.31129
-1.07325 1.34408
-1.06754 1.36135
-1.07381 1.39447
-1.07355 1.41982
-1.06696 1.43725
-1.07193 1.47084
-1.09966 1.53716
-1.09757 1.56315
-1.10078 1.59746
-1.10347 1.63195
-1.10011 1.65827
-1.14001 1.75171
-1.7433 2.73103
-1.71918 2.74628
-1.69492 2.76131
-1.66538 2.76757
-1.63077 2.7649
-1.60135 2.7705
-1.57196 2.7758
-1.53775 2.77204
-1.50372 2.76791
-1.47929 2.78105
-1.44088 2.76736
-1.41645 2.77994
-1.38298 2.77441
-1.35411 2.7775
-1.32529 2.78029
-1.2923 2.77373
-1.26368 2.7759
-1.23512 2.77778
-1.20662 2.77938
-1.17819 2.7807
-1.14219 2.76324
-1.12902 2.80102
-1.11894 2.84808
-1.1224 2.93254
-1.11399 2.98917
-1.11148 3.06467
-1.11106 3.14979
-1.11246 3.24458
-1.11544 3.34913
-1.11666 3.45398
-1.11611 3.5591
-1.12253 3.69317
-1.12384 3.81803
-0.253373 0.98803
-0.242261 0.980515
-0.224363 0.943695
-0.213815 0.935886
-0.205564 0.937733
-0.195241 0.929721
-0.187044 0.931405
-0.178833 0.933016
-0.170608 0.934555
-0.16237 0.936021
-0.154119 0.937415
-0.145856 0.938736
-0.13903 0.949879
-0.132019 0.960974
-0.124824 0.972018
-0.117443 0.983009
-0.142843 1.29213
-0.129434 1.27344
-0.117289 1.26457
-0.104474 1.24563
-0.0934985 1.2465
-0.0818555 1.2373
-0.0709541 1.23797
-0.0600472 1.23855
-0.0495319 1.24902
-0.0388368 1.2594
-0.0277423 1.25969
-0.01691 1.27989
-0.00581209 1.31999
0.864178 3.78254
0.867392 3.64831
0.86831 3.51432
0.869422 3.3903
0.870988 3.2762
0.870614 3.16235
0.871043 3.05838
0.864063 2.93547
0.875345 2.87991
0.873747 2.78621
0.876721 2.7118
0.878453 2.63756
0.878947 2.5635
0.881534 2.49908
0.883055 2.43481
0.883514 2.37072
0.882914 2.30681
0.888571 2.26171
0.886027 2.19815
0.890074 2.15329
0.885598 2.09012
0.888044 2.04555
0.889776 2.0011
0.890794 1.95678
0.895325 1.92166
0.890702 1.86857
0.885215 1.81571
0.878867 1.76309
0.898903 1.76419
0.891316 1.71186
0.896967 1.68628
0.89269 1.64317
0.892576 1.60901
0.896858 1.58368
0.89576 1.54975
0.894134 1.51596
0.89714 1.49089
0.905006 1.4744
0.891427 1.42399
0.893174 1.39923
0.900009 1.38293
0.890042 1.34161
0.896224 1.32544
0.896515 1.30102
0.896447 1.27671
0.901839 1.26063
0.901128 1.23647
0.906024 1.22046
0.898645 1.1885
0.896876 1.16469
0.894759 1.14101
0.892294 1.11746
0.902102 1.10955
0.899088 1.08616
0.902176 1.07055
0.905059 1.05497
0.90116 1.0319
0.896927 1.00897
0.899069 0.993617
0.901012 0.978303
0.902755 0.963034
0.897396 0.940574
0.905646 0.932633
0.899767 0.910395
