-1.06144 1.07398
-1.05891 1.09047
-1.05616 1.10699
-1.06005 1.13084
-1.0636 1.15484
-1.0668 1.179
-1.06302 1.19582
-1.0656 1.2202
-1.06133 1.23713
-1.06972 1.26937
-1.06487 1.28645
-1.06612 1.31129
-1.07325 1.34408
-1.06754 1.36135
-1.07381 1.39447
-1.06752 1.41185
-1.07292 1.44528
-1.07782 1.47892
-1.09384 1.52902
-1.10332 1.57133
-1.10078 1.59746
-1.09787 1.62366
-1.10011 1.65827
-1.1291 1.73495
-1.7433 2.73103
-1.71918 2.74628
-1.69492 2.76131
-1.66538 2.76757
-1.63077 2.7649
-1.60135 2.7705
-1.57689 2.7845
-1.53775 2.77204
-1.51327 2.78548
-1.47459 2.77222
-1.4455 2.77623
-1.40737 2.76212
-1.37852 2.76546
-1.35411 2.7775
-1.32959 2.78932
-1.29653 2.78279
-1.26782 2.785
-1.23918 2.78692
-1.20662 2.77938
-1.18209 2.7899
-1.14983 2.78172
-1.12902 2.80102
-1.12259 2.85739
-1.1224 2.93254
-1.11399 2.98917
-1.11148 3.06467
-1.11439 3.15922
-1.11571 3.25404
-1.11544 3.34913
-1.11666 3.45398
-1.1221 3.57818
-1.11962 3.68361
-1.12384 3.81803
0.0858188 1.29716
0.097241 1.29636
0.106984 1.27552
0.116368 1.25461
0.127414 1.25354
0.13845 1.25237
0.149476 1.2511
0.16049 1.24974
0.172853 1.25818
0.18248 1.24672
0.196525 1.26482
0.207658 1.26304
0.220484 1.27102
0.233466 1.27886
0.250369 1.30622
0.864178 3.78254
0.869705 3.65803
0.86831 3.51432
0.871906 3.39998
0.870988 3.2762
0.870614 3.16235
0.873782 3.068
0.866887 2.94506
0.875345 2.87991
0.424904 1.35494
0.378374 1.17036
0.385508 1.15749
0.392445 1.14459
0.405838 1.15052
0.412547 1.1375
0.426042 1.14319
0.436095 1.1394
0.449771 1.14482
0.459837 1.14081
0.469867 1.13672
0.479861 1.13253
0.497783 1.14661
0.528177 1.18787
0.633914 1.3925
0.891102 1.9126
0.895005 1.8776
0.889597 1.8247
0.883329 1.77204
0.894363 1.75528
0.891316 1.71186
0.892271 1.67745
0.887916 1.63438
0.892576 1.60901
0.89193 1.57498
0.89576 1.54975
0.894134 1.51596
0.89714 1.49089
0.899775 1.46588
0.891427 1.42399
0.898555 1.40766
0.894555 1.37454
0.895571 1.34995
0.896224 1.32544
0.890841 1.29279
0.902193 1.28489
0.896021 1.2525
0.895239 1.22839
0.894102 1.2044
0.898645 1.1885
0.896876 1.16469
0.900929 1.14888
0.898534 1.12527
0.902102 1.10955
0.892711 1.07846
0.902176 1.07055
0.898548 1.04738
0.894583 1.02436
0.896927 1.00897
0.899069 0.993617
0.894237 0.970948
0.902755 0.963034
0.897396 0.940574
0.905646 0.932633
0.892737 0.903283
