-1.06144 1.07398
-1.06587 1.09764
-1.05616 1.10699
-1.06689 1.13813
-1.0636 1.15484
-1.06009 1.17158
-1.06967 1.20329
-1.07218 1.22773
-1.06133 1.23713
-1.06972 1.26937
-1.07125 1.29415
-1.07243 1.31905
-1.07325 1.34408
-1.06754 1.36135
-1.07381 1.39447
-1.06752 1.41185
-1.07292 1.44528
-1.07782 1.47892
-1.09966 1.53716
-1.09757 1.56315
-1.10078 1.59746
-1.10347 1.63195
-1.10011 1.65827
-1.14001 1.75171
-1.7433 2.73103
-1.71918 2.74628
-1.69492 2.76131
-1.66538 2.76757
-1.63077 2.7649
-1.60636 2.77916
-1.56703 2.76709
-1.5329 2.7633
-1.50372 2.76791
-1.46989 2.76339
-1.4455 2.77623
-1.41191 2.77103
-1.38298 2.77441
-1.35411 2.7775
-1.32099 2.77126
-1.29653 2.78279
-1.26782 2.785
-1.23512 2.77778
-1.20662 2.77938
-1.17819 2.7807
-1.15365 2.79097
-1.12529 2.79174
-1.11894 2.84808
-1.1224 2.93254
-1.11399 2.98917
-1.11148 3.06467
-1.11106 3.14979
-1.11246 3.24458
-1.11544 3.34913
-1.11973 3.46349
-1.1221 3.57818
-1.11962 3.68361
-1.12384 3.81803
-0.242889 2.61876
-0.21647 2.58094
-0.191485 2.55283
-0.169652 2.56439
-0.148775 2.59574
-0.120579 2.48708
-0.0966863 2.43808
-0.0752077 2.43884
-0.0537233 2.43941
-0.0323668 2.44979
-0.0107436 2.43998
0.0109246 2.47998
0.861951 3.77279
0.865079 3.63858
0.870709 3.52403
0.869422 3.3903
0.870988 3.2762
0.873268 3.17199
0.871043 3.05838
0.864063 2.93547
0.875345 2.87991
0.876739 2.79575
0.873644 2.70229
0.878453 2.63756
0.882191 2.57296
0.878207 2.48965
0.883055 2.43481
0.887006 2.38009
0.886488 2.31615
0.884914 2.2524
0.889766 2.20742
0.890074 2.15329
0.889499 2.09933
0.884062 2.03638
0.889776 2.0011
0.890794 1.95678
0.891102 1.9126
0.890702 1.86857
0.885215 1.81571
0.883329 1.77204
0.894363 1.75528
0.886698 1.70299
0.892271 1.67745
0.897464 1.65196
0.897427 1.61775
0.896858 1.58368
0.89576 1.54975
0.894134 1.51596
0.89714 1.49089
0.899775 1.46588
0.896733 1.43247
0.893174 1.39923
0.894555 1.37454
0.901099 1.35828
0.896224 1.32544
0.896515 1.30102
0.8907 1.26852
0.896021 1.2525
0.901128 1.23647
0.900063 1.21243
0.898645 1.1885
0.896876 1.16469
0.900929 1.14888
0.892294 1.11746
0.902102 1.10955
0.899088 1.08616
0.895731 1.0629
0.898548 1.04738
0.894583 1.02436
0.903571 1.01644
0.89236 0.986202
0.901012 0.978303
0.895916 0.955738
0.904299 0.947809
0.905646 0.932633
0.899767 0.910395
