-1.06144 1.07398
-1.05194 1.08329
-1.06307 1.11422
-1.06689 1.13813
-1.0636 1.15484
-1.0668 1.179
-1.06302 1.19582
-1.07218 1.22773
-1.06784 1.24472
-1.07616 1.27702
-1.07125 1.29415
-1.07243 1.31905
-1.06701 1.33626
-1.07988 1.37708
-1.07381 1.39447
-1.07355 1.41982
-1.07292 1.44528
-1.07782 1.47892
-1.09384 1.52902
-1.09757 1.56315
-1.09511 1.58923
-1.10347 1.63195
-1.10011 1.65827
-1.14001 1.75171
-1.73792 2.7226
-1.71918 2.74628
-1.69492 2.76131
-1.66538 2.76757
-1.63585 2.77351
-1.60135 2.7705
-1.56703 2.76709
-1.53775 2.77204
-1.5085 2.77669
-1.46989 2.76339
-1.44088 2.76736
-1.41191 2.77103
-1.38298 2.77441
-1.34973 2.76851
-1.32099 2.77126
-1.2923 2.77373
-1.26368 2.7759
-0.36566 0.82237
-0.362384 0.834732
-0.343314 0.810269
-0.332344 0.80402
-0.32151 0.797641
-0.314472 0.800442
-0.300261 0.784502
-0.296831 0.796487
-0.282985 0.780269
-0.279428 0.792162
-0.265953 0.775673
-0.259111 0.777986
-0.255324 0.789753
-0.245366 0.782429
-0.238465 0.78456
-0.234369 0.796223
-0.227346 0.798257
-0.225615 0.819511
-0.220957 0.831131
-0.216112 0.842731
0.0532174 0.928476
0.0607333 0.917993
0.0688167 0.917423
0.076059 0.906816
0.0821962 0.886196
0.0889875 0.875489
0.0955966 0.864732
0.10321 0.863856
0.110814 0.862914
0.11705 0.851997
0.12455 0.850933
0.13204 0.849803
0.13952 0.848607
0.148698 0.857198
0.158039 0.865693
0.163775 0.854446
0.171295 0.85297
0.180856 0.861215
0.192718 0.879124
0.207135 0.906639
0.215113 0.90478
0.865912 3.50461
0.871906 3.39998
0.870988 3.2762
0.870614 3.16235
0.873782 3.068
0.864063 2.93547
0.872437 2.87034
0.873747 2.78621
0.876721 2.7118
0.878453 2.63756
0.878947 2.5635
0.881534 2.49908
0.883055 2.43481
0.887006 2.38009
0.886488 2.31615
0.884914 2.2524
0.886027 2.19815
0.890074 2.15329
0.889499 2.09933
0.888044 2.04555
0.889776 2.0011
0.890794 1.95678
0.895325 1.92166
0.890702 1.86857
0.889597 1.8247
0.883329 1.77204
0.889823 1.74637
0.891316 1.71186
0.892271 1.67745
0.89269 1.64317
0.892576 1.60901
0.89193 1.57498
0.89576 1.54975
0.899215 1.52457
0.89714 1.49089
0.894544 1.45736
0.891427 1.42399
0.898555 1.40766
0.894555 1.37454
0.901099 1.35828
0.896224 1.32544
0.902189 1.30926
0.902193 1.28489
0.896021 1.2525
0.895239 1.22839
0.894102 1.2044
0.898645 1.1885
0.896876 1.16469
0.894759 1.14101
0.898534 1.12527
0.902102 1.10955
0.892711 1.07846
0.902176 1.07055
0.892036 1.03979
0.90116 1.0319
0.903571 1.01644
0.899069 0.993617
0.907786 0.985659
0.902755 0.963034
0.897396 0.940574
0.89868 0.925459
0.906796 0.917508
