-1.06144 1.07398
-1.05891 1.09047
-1.06307 1.11422
-1.06005 1.13084
-1.07037 1.1622
-1.06009 1.17158
-1.06967 1.20329
-1.0656 1.2202
-1.06784 1.24472
-1.06972 1.26937
-1.06487 1.28645
-1.06612 1.31129
-1.06701 1.33626
-1.07371 1.36922
-1.06161 1.37862
-1.06752 1.41185
-1.07292 1.44528
-1.07782 1.47892
-1.09384 1.52902
-1.09182 1.55497
-1.10078 1.59746
-1.09787 1.62366
-1.10011 1.65827
-1.13455 1.74333
-1.73792 2.7226
-1.71918 2.74628
-1.70015 2.76984
-1.66022 2.759
-1.63585 2.77351
-1.59635 2.76184
-1.5621 2.75839
-1.5329 2.7633
-1.50372 2.76791
-1.46989 2.76339
-1.44088 2.76736
-1.41191 2.77103
-1.38298 2.77441
-1.35411 2.7775
-1.32099 2.77126
-1.2923 2.77373
-1.26368 2.7759
-1.23918 2.78692
-1.2106 2.78856
-1.17429 2.77149
-1.14601 2.77248
-1.12529 2.79174
-1.11894 2.84808
-1.11883 2.9232
-1.11399 2.98917
-1.11148 3.06467
-1.11106 3.14979
-1.11246 3.24458
-1.11544 3.34913
-1.11666 3.45398
-1.11611 3.5591
-1.11962 3.68361
-1.12102 3.80844
-0.156521 3.9469
-0.120825 3.91814
-0.0860893 3.90905
-0.0517868 3.91966
-0.0173922 3.94996
0.0520588 3.93966
0.0856567 3.88906
0.119908 3.88815
0.154547 3.89694
0.189834 3.9154
0.861951 3.77279
0.865079 3.63858
0.865912 3.50461
0.871906 3.39998
0.870988 3.2762
0.873268 3.17199
0.873782 3.068
0.864063 2.93547
0.875345 2.87991
0.876739 2.79575
0.876721 2.7118
0.878453 2.63756
0.885434 2.58242
0.881534 2.49908
0.879645 2.42541
0.883514 2.37072
0.886488 2.31615
0.884914 2.2524
0.886027 2.19815
0.886254 2.14405
0.885598 2.09012
0.884062 2.03638
0.889776 2.0011
0.886651 1.94768
0.891102 1.9126
0.890702 1.86857
0.889597 1.8247
0.878867 1.76309
0.885283 1.73746
0.891316 1.71186
0.887575 1.66863
0.89269 1.64317
0.892576 1.60901
0.89193 1.57498
0.890755 1.54109
0.894134 1.51596
0.89714 1.49089
0.889312 1.44884
0.891427 1.42399
0.893174 1.39923
0.894555 1.37454
0.895571 1.34995
0.896224 1.32544
0.896515 1.30102
0.8907 1.26852
0.901839 1.26063
0.901128 1.23647
0.900063 1.21243
0.892614 1.18053
0.896876 1.16469
0.900929 1.14888
0.898534 1.12527
0.895794 1.1018
0.892711 1.07846
0.895731 1.0629
0.898548 1.04738
0.894583 1.02436
0.896927 1.00897
0.899069 0.993617
0.901012 0.978303
0.895916 0.955738
0.890493 0.933339
0.89868 0.925459
0.899767 0.910395
