-1.05441 1.06687
-1.05891 1.09047
-1.06307 1.11422
-1.06005 1.13084
-1.0636 1.15484
-1.0668 1.179
-1.06302 1.19582
-1.0656 1.2202
-1.06784 1.24472
-1.06328 1.26172
-1.07125 1.29415
-1.07243 1.31905
-1.06701 1.33626
-1.07371 1.36922
-1.06771 1.38654
-1.06752 1.41185
-1.07292 1.44528
-1.07193 1.47084
-1.09966 1.53716
-1.09757 1.56315
-1.09511 1.58923
-1.09787 1.62366
-1.10011 1.65827
-1.13455 1.74333
-1.73792 2.7226
-1.71387 2.7378
-1.69492 2.76131
-1.66022 2.759
-1.63077 2.7649
-1.60135 2.7705
-1.56703 2.76709
-1.5329 2.7633
-1.5085 2.77669
-1.46989 2.76339
-1.44088 2.76736
-1.41191 2.77103
-1.38298 2.77441
-1.35411 2.7775
-1.32529 2.78029
-1.2923 2.77373
-1.26368 2.7759
-1.23105 2.76865
-1.20662 2.77938
-0.678825 1.60212
-0.599746 1.45093
-0.553297 1.37268
-0.541185 1.3775
-0.52903 1.38222
-0.509851 1.36808
-0.50119 1.38192
-0.488999 1.38628
-0.480013 1.4
-0.467663 1.40417
-0.464505 1.43678
-0.454824 1.45036
-1.12253 3.69317
-1.12102 3.80844
-0.331859 1.45257
-0.314769 1.4359
-0.297999 1.41905
-0.279582 1.3922
-0.265426 1.38479
-0.251422 1.37724
-0.237573 1.36955
-0.2255 1.37159
-0.211875 1.36364
-0.201304 1.37535
-0.189182 1.37707
-0.175772 1.36876
-0.164895 1.38018
-0.152732 1.38158
-0.140557 1.38288
-0.129295 1.39402
0.861951 3.77279
0.865079 3.63858
0.865912 3.50461
0.871906 3.39998
0.873558 3.28586
0.873268 3.17199
0.871043 3.05838
0.864063 2.93547
0.872437 2.87034
0.873747 2.78621
0.876721 2.7118
0.878453 2.63756
0.878947 2.5635
0.878207 2.48965
0.883055 2.43481
0.883514 2.37072
0.882914 2.30681
0.884914 2.2524
0.886027 2.19815
0.886254 2.14405
0.889499 2.09933
0.884062 2.03638
0.889776 2.0011
0.890794 1.95678
0.891102 1.9126
0.890702 1.86857
0.885215 1.81571
0.878867 1.76309
0.889823 1.74637
0.891316 1.71186
0.887575 1.66863
0.887916 1.63438
0.887725 1.60026
0.89193 1.57498
0.890755 1.54109
0.889054 1.50734
0.891984 1.48232
0.894544 1.45736
0.896733 1.43247
0.893174 1.39923
0.8891 1.36616
0.895571 1.34995
0.890622 1.31715
0.896515 1.30102
0.902193 1.28489
0.896021 1.2525
0.901128 1.23647
0.894102 1.2044
0.898645 1.1885
0.896876 1.16469
0.894759 1.14101
0.898534 1.12527
0.895794 1.1018
0.899088 1.08616
0.902176 1.07055
0.898548 1.04738
0.894583 1.02436
0.896927 1.00897
0.89236 0.986202
0.894237 0.970948
0.902755 0.963034
0.890493 0.933339
0.891713 0.918285
0.899767 0.910395
