-1.06144 1.07398
-1.06587 1.09764
-1.06307 1.11422
-1.06689 1.13813
-1.07037 1.1622
-1.0668 1.179
-1.06302 1.19582
-1.0656 1.2202
-1.06784 1.24472
-1.06972 1.26937
-1.07125 1.29415
-1.07243 1.31905
-1.06701 1.33626
-1.06754 1.36135
-1.06771 1.38654
-1.07958 1.4278
-1.06696 1.43725
-1.08371 1.487
-1.09966 1.53716
-1.10332 1.57133
-1.10078 1.59746
-1.09227 1.61538
-1.10011 1.65827
-1.14001 1.75171
-1.73792 2.7226
-1.71918 2.74628
-1.69492 2.76131
-1.66538 2.76757
-1.63077 2.7649
-1.60135 2.7705
-1.5621 2.75839
-1.53775 2.77204
-1.50372 2.76791
-1.47459 2.77222
-1.4455 2.77623
-1.41645 2.77994
-1.38744 2.78336
-1.35411 2.7775
-1.32099 2.77126
-1.2923 2.77373
-1.26782 2.785
-1.23512 2.77778
-1.20264 2.77021
-1.18209 2.7899
-1.14983 2.78172
-1.12529 2.79174
-1.11894 2.84808
-1.1224 2.93254
-1.11399 2.98917
-1.11148 3.06467
-1.11106 3.14979
-1.11571 3.25404
-1.12176 3.36811
-1.11666 3.45398
-1.11911 3.56864
-1.12253 3.69317
-1.12384 3.81803
0.0284054 1.28969
0.0400722 1.29938
0.0511195 1.28899
0.0610182 1.25852
0.0715288 1.24795
0.0825181 1.24727
0.094249 1.25647
0.104477 1.24563
0.116368 1.25461
0.127414 1.25354
0.13845 1.25237
0.150662 1.26103
0.164311 1.27949
0.176936 1.2879
0.864178 3.78254
0.865079 3.63858
0.865912 3.50461
0.871906 3.39998
0.870988 3.2762
0.873268 3.17199
0.871043 3.05838
0.866887 2.94506
0.407137 1.33949
0.362066 1.15456
0.372222 1.15133
0.382348 1.148
0.392445 1.14459
0.405838 1.15052
0.415956 1.1469
0.42255 1.13382
0.436095 1.1394
0.446114 1.13551
0.456098 1.13154
0.469867 1.13672
0.483763 1.14174
0.497783 1.14661
0.552555 1.24269
0.894937 1.96588
0.895325 1.92166
0.890702 1.86857
0.889597 1.8247
0.878867 1.76309
0.894363 1.75528
0.891316 1.71186
0.892271 1.67745
0.887916 1.63438
0.892576 1.60901
0.896858 1.58368
0.900764 1.5584
0.894134 1.51596
0.89714 1.49089
0.894544 1.45736
0.896733 1.43247
0.893174 1.39923
0.894555 1.37454
0.895571 1.34995
0.896224 1.32544
0.896515 1.30102
0.896447 1.27671
0.901839 1.26063
0.901128 1.23647
0.900063 1.21243
0.898645 1.1885
0.896876 1.16469
0.900929 1.14888
0.892294 1.11746
0.895794 1.1018
0.899088 1.08616
0.902176 1.07055
0.898548 1.04738
0.894583 1.02436
0.896927 1.00897
0.89236 0.986202
0.901012 0.978303
0.889077 0.948442
0.897396 0.940574
0.89868 0.925459
0.906796 0.917508
