-1.05441 1.06687
-1.05891 1.09047
-1.06307 1.11422
-1.06689 1.13813
-1.05682 1.14749
-1.0668 1.179
-1.06967 1.20329
-1.05903 1.21267
-1.06784 1.24472
-1.06972 1.26937
-1.07125 1.29415
-1.07243 1.31905
-1.07325 1.34408
-1.07371 1.36922
-1.06771 1.38654
-1.07355 1.41982
-1.06696 1.43725
-1.07782 1.47892
-1.09966 1.53716
-1.10332 1.57133
-1.10078 1.59746
-1.09787 1.62366
-1.09458 1.64994
-1.14001 1.75171
-1.73792 2.7226
-1.71918 2.74628
-1.69492 2.76131
-1.66538 2.76757
-1.63585 2.77351
-1.60135 2.7705
-1.55718 2.74969
-1.5329 2.7633
-1.50372 2.76791
-1.47459 2.77222
-1.4455 2.77623
-1.40737 2.76212
-1.38744 2.78336
-1.35411 2.7775
-1.32099 2.77126
-1.2923 2.77373
-1.26368 2.7759
-1.23512 2.77778
-1.20662 2.77938
-1.17819 2.7807
-1.14983 2.78172
-1.12529 2.79174
-1.11894 2.84808
-1.1224 2.93254
-1.11399 2.98917
-1.11148 3.06467
-1.11439 3.15922
-1.11571 3.25404
-1.11544 3.34913
-1.11973 3.46349
-1.11611 3.5591
-1.12253 3.69317
-1.12102 3.80844
0.236245 2.13698
0.251499 2.10503
0.267483 2.0829
0.266765 1.94176
0.269375 1.84039
0.282504 1.81818
0.298508 1.81562
0.312779 1.80307
0.328649 1.80025
0.34261 1.78746
0.358341 1.78437
0.376099 1.79094
0.391859 1.78755
0.414271 1.81328
0.865079 3.63858
0.865912 3.50461
0.871906 3.39998
0.873558 3.28586
0.875923 3.18163
0.871043 3.05838
0.864063 2.93547
0.875345 2.87991
0.873747 2.78621
0.879797 2.72132
0.878453 2.63756
0.878947 2.5635
0.881534 2.49908
0.886464 2.44421
0.887006 2.38009
0.882914 2.30681
0.888571 2.26171
0.886027 2.19815
0.886254 2.14405
0.889499 2.09933
0.892027 2.05472
0.889776 2.0011
0.890794 1.95678
0.891102 1.9126
0.890702 1.86857
0.889597 1.8247
0.878867 1.76309
0.889823 1.74637
0.891316 1.71186
0.887575 1.66863
0.89269 1.64317
0.892576 1.60901
0.89193 1.57498
0.890755 1.54109
0.894134 1.51596
0.891984 1.48232
0.894544 1.45736
0.896733 1.43247
0.893174 1.39923
0.894555 1.37454
0.895571 1.34995
0.901825 1.33372
0.896515 1.30102
0.902193 1.28489
0.901839 1.26063
0.895239 1.22839
0.888142 1.19637
0.898645 1.1885
0.896876 1.16469
0.894759 1.14101
0.898534 1.12527
0.902102 1.10955
0.899088 1.08616
0.889287 1.05526
0.898548 1.04738
0.894583 1.02436
0.896927 1.00897
0.899069 0.993617
0.894237 0.970948
0.895916 0.955738
0.897396 0.940574
0.89868 0.925459
0.899767 0.910395
