-1.06144 1.07398
-1.06587 1.09764
-1.05616 1.10699
-1.06689 1.13813
-1.0636 1.15484
-1.06009 1.17158
-1.05638 1.18835
-1.0656 1.2202
-1.06784 1.24472
-1.06972 1.26937
-1.06487 1.28645
-1.07243 1.31905
-1.07325 1.34408
-1.07371 1.36922
-1.06771 1.38654
-1.07958 1.4278
-1.07292 1.44528
-1.08371 1.487
-1.09966 1.53716
-1.10332 1.57133
-1.09511 1.58923
-1.10347 1.63195
-1.09458 1.64994
-0.649096 0.997384
-0.581099 0.910343
-0.562446 0.898473
-0.549279 0.89487
-0.541376 0.899673
-0.538511 0.91302
-0.535452 0.926386
-0.522344 0.922365
-0.5142 0.92693
-0.506015 0.931423
-0.507184 0.953501
-0.503384 0.966801
-0.499388 0.980108
-0.499659 1.00237
-0.499575 1.02471
-1.32099 2.77126
-1.30075 2.79185
-0.488899 1.07395
-0.442854 0.995982
-0.430082 0.990671
-0.42134 0.994421
-0.408744 0.988852
-0.400019 0.992414
-0.387605 0.986591
-0.382475 0.999306
-0.37715 1.01201
-0.368222 1.01529
-0.359265 1.01849
-0.35028 1.02162
-0.344427 1.03415
-0.338381 1.04666
-0.338126 1.07823
-1.12253 3.69317
-1.12384 3.81803
0.861951 3.77279
0.865079 3.63858
0.86831 3.51432
0.871906 3.39998
0.870988 3.2762
0.873268 3.17199
0.871043 3.05838
0.864063 2.93547
0.875345 2.87991
0.876739 2.79575
0.879797 2.72132
0.878453 2.63756
0.882191 2.57296
0.88486 2.50851
0.883055 2.43481
0.887006 2.38009
0.886488 2.31615
0.888571 2.26171
0.886027 2.19815
0.890074 2.15329
0.889499 2.09933
0.888044 2.04555
0.889776 2.0011
0.890794 1.95678
0.891102 1.9126
0.890702 1.86857
0.889597 1.8247
0.883329 1.77204
0.894363 1.75528
0.891316 1.71186
0.887575 1.66863
0.897464 1.65196
0.892576 1.60901
0.89193 1.57498
0.900764 1.5584
0.899215 1.52457
0.902296 1.49945
0.894544 1.45736
0.891427 1.42399
0.898555 1.40766
0.905464 1.39131
0.901099 1.35828
0.896224 1.32544
0.902189 1.30926
0.902193 1.28489
0.901839 1.26063
0.901128 1.23647
0.894102 1.2044
0.898645 1.1885
0.902977 1.17262
0.900929 1.14888
0.898534 1.12527
0.895794 1.1018
0.899088 1.08616
0.895731 1.0629
0.898548 1.04738
0.90116 1.0319
0.903571 1.01644
0.905779 1.00103
0.901012 0.978303
0.902755 0.963034
0.904299 0.947809
0.89868 0.925459
0.899767 0.910395
