-1.06847 1.0811
-1.05891 1.09047
-1.06307 1.11422
-1.07373 1.14543
-1.05682 1.14749
-0.825263 0.912053
-0.730827 0.822126
-0.703824 0.805935
-0.690187 0.804513
-0.683074 0.810561
-0.669532 0.808843
-0.656073 0.80695
-0.65518 0.820512
-0.641756 0.818382
-0.634523 0.824003
-0.633272 0.837536
-0.62587 0.843082
-0.62431 0.856643
-0.634195 0.886508
-0.683826 0.9739
-1.09511 1.58923
-1.09787 1.62366
-1.10011 1.65827
-1.1291 1.73495
-1.73792 2.7226
-1.71387 2.7378
-1.70015 2.76984
-1.66538 2.76757
-1.63077 2.7649
-1.60135 2.7705
-1.56703 2.76709
-1.53775 2.77204
-1.50372 2.76791
-1.46989 2.76339
-1.4455 2.77623
-1.41645 2.77994
-0.490736 0.984468
-0.468899 0.961787
-0.456107 0.956853
-0.447661 0.960833
-0.435037 0.955637
-0.430666 0.96857
-0.422118 0.972325
-0.413537 0.976006
-0.404924 0.97961
-0.400019 0.992414
-0.387605 0.986591
-0.382475 0.999306
-0.37715 1.01201
-0.371631 1.02469
-0.365918 1.03735
-0.366496 1.06892
-1.11973 3.46349
-1.11911 3.56864
-1.11962 3.68361
-1.12102 3.80844
0.864178 3.78254
0.865079 3.63858
0.865912 3.50461
0.869422 3.3903
0.870988 3.2762
0.873268 3.17199
0.871043 3.05838
0.869711 2.95466
0.875345 2.87991
0.876739 2.79575
0.879797 2.72132
0.881613 2.64705
0.882191 2.57296
0.881534 2.49908
0.886464 2.44421
0.883514 2.37072
0.886488 2.31615
0.884914 2.2524
0.889766 2.20742
0.890074 2.15329
0.889499 2.09933
0.888044 2.04555
0.897902 2.01937
0.890794 1.95678
0.891102 1.9126
0.895005 1.8776
0.885215 1.81571
0.878867 1.76309
0.889823 1.74637
0.891316 1.71186
0.892271 1.67745
0.89269 1.64317
0.892576 1.60901
0.89193 1.57498
0.89576 1.54975
0.899215 1.52457
0.89714 1.49089
0.899775 1.46588
0.896733 1.43247
0.898555 1.40766
0.894555 1.37454
0.895571 1.34995
0.901825 1.33372
0.896515 1.30102
0.896447 1.27671
0.901839 1.26063
0.901128 1.23647
0.906024 1.22046
0.898645 1.1885
0.896876 1.16469
0.900929 1.14888
0.898534 1.12527
0.895794 1.1018
0.892711 1.07846
0.902176 1.07055
0.892036 1.03979
0.90116 1.0319
0.903571 1.01644
0.899069 0.993617
0.894237 0.970948
0.902755 0.963034
0.897396 0.940574
0.89868 0.925459
0.906796 0.917508
