-1.06144 1.07398
-1.06587 1.09764
-1.06307 1.11422
-1.06689 1.13813
-1.0636 1.15484
-1.06009 1.17158
-1.06967 1.20329
-1.0656 1.2202
-1.06784 1.24472
-1.06328 1.26172
-1.07125 1.29415
-1.07243 1.31905
-1.07949 1.35189
-1.07371 1.36922
-1.07381 1.39447
-1.07958 1.4278
-1.07292 1.44528
-1.07782 1.47892
-1.10548 1.54529
-1.09757 1.56315
-1.09511 1.58923
-1.09787 1.62366
-1.10564 1.6666
-1.1291 1.73495
-1.7433 2.73103
-1.71387 2.7378
-1.70015 2.76984
-1.66538 2.76757
-1.63077 2.7649
-1.60135 2.7705
-1.56703 2.76709
-0.582113 1.04935
-0.577621 1.06323
-0.558841 1.05062
-0.540329 1.03776
-0.531168 1.04248
-0.517504 1.03817
-0.503957 1.0337
-0.494833 1.03809
-0.489893 1.05148
-0.480612 1.05575
-0.471295 1.05994
-0.465923 1.07323
-0.487662 1.15095
-0.458405 1.10899
-1.12155 2.78247
-1.11894 2.84808
-1.1224 2.93254
-0.422548 1.13382
-0.409135 1.1281
-0.395856 1.12223
-0.376226 1.09729
-0.363387 1.09108
-0.350686 1.08472
-0.341118 1.08777
-0.331524 1.09073
-0.321904 1.09361
-0.314998 1.10602
-0.305244 1.10875
-0.298035 1.12106
-0.290633 1.13333
-0.285437 1.15526
-0.272937 1.148
0.864178 3.78254
0.867392 3.64831
0.86831 3.51432
0.871906 3.39998
0.873558 3.28586
0.870614 3.16235
0.871043 3.05838
0.864063 2.93547
0.875345 2.87991
0.876739 2.79575
0.879797 2.72132
0.878453 2.63756
0.878947 2.5635
0.881534 2.49908
0.883055 2.43481
0.883514 2.37072
0.882914 2.30681
0.888571 2.26171
0.886027 2.19815
0.886254 2.14405
0.889499 2.09933
0.896009 2.0639
0.889776 2.0011
0.890794 1.95678
0.891102 1.9126
0.895005 1.8776
0.889597 1.8247
0.878867 1.76309
0.894363 1.75528
0.891316 1.71186
0.896967 1.68628
0.897464 1.65196
0.892576 1.60901
0.896858 1.58368
0.890755 1.54109
0.894134 1.51596
0.89714 1.49089
0.899775 1.46588
0.902039 1.44095
0.898555 1.40766
0.894555 1.37454
0.895571 1.34995
0.890622 1.31715
0.902189 1.30926
0.902193 1.28489
0.896021 1.2525
0.895239 1.22839
0.911985 1.22849
0.898645 1.1885
0.902977 1.17262
0.894759 1.14101
0.898534 1.12527
0.902102 1.10955
0.899088 1.08616
0.902176 1.07055
0.898548 1.04738
0.90116 1.0319
0.896927 1.00897
0.899069 0.993617
0.901012 0.978303
0.902755 0.963034
0.897396 0.940574
0.905646 0.932633
0.899767 0.910395
