-1.05441 1.06687
-1.06587 1.09764
-1.06307 1.11422
-1.06005 1.13084
-1.07037 1.1622
-1.07351 1.18641
-1.06967 1.20329
-1.0656 1.2202
-1.07435 1.25231
-1.06972 1.26937
-1.06487 1.28645
-1.07243 1.31905
-1.07325 1.34408
-1.06754 1.36135
-1.07381 1.39447
-1.07355 1.41982
-1.06696 1.43725
-1.07193 1.47084
-1.09966 1.53716
-1.10332 1.57133
-1.09511 1.58923
-1.10347 1.63195
-1.09458 1.64994
-1.14001 1.75171
-1.73792 2.7226
-1.71918 2.74628
-1.69492 2.76131
-1.66538 2.76757
-1.63077 2.7649
-1.60135 2.7705
-1.57196 2.7758
-1.5426 2.78079
-1.5085 2.77669
-1.46989 2.76339
-1.4455 2.77623
-1.41191 2.77103
-1.38298 2.77441
-1.35411 2.7775
-1.32099 2.77126
-1.2923 2.77373
-1.26782 2.785
-1.23512 2.77778
-1.20662 2.77938
-1.18209 2.7899
-1.14983 2.78172
-1.12155 2.78247
-1.12259 2.85739
-1.12598 2.94188
-1.11399 2.98917
-1.11148 3.06467
-1.11106 3.14979
-1.11571 3.25404
-1.1186 3.35862
-1.11973 3.46349
-1.11611 3.5591
-1.11962 3.68361
-1.12102 3.80844
0.864178 3.78254
0.865079 3.63858
0.865912 3.50461
0.869422 3.3903
0.870988 3.2762
0.870614 3.16235
0.873782 3.068
0.866887 2.94506
0.875345 2.87991
0.876739 2.79575
0.876721 2.7118
0.878453 2.63756
0.882191 2.57296
0.881534 2.49908
0.883055 2.43481
0.880021 2.36135
0.882914 2.30681
0.884914 2.2524
0.889766 2.20742
0.886254 2.14405
0.889499 2.09933
0.892027 2.05472
0.889776 2.0011
0.890794 1.95678
0.886879 1.90354
0.890702 1.86857
0.889597 1.8247
0.878867 1.76309
0.894363 1.75528
0.891316 1.71186
0.892271 1.67745
0.89269 1.64317
0.892576 1.60901
0.89193 1.57498
0.89576 1.54975
0.894134 1.51596
0.89714 1.49089
0.899775 1.46588
0.902039 1.44095
0.893174 1.39923
0.894555 1.37454
0.895571 1.34995
0.901825 1.33372
0.890841 1.29279
0.896447 1.27671
0.896021 1.2525
0.895239 1.22839
0.900063 1.21243
0.892614 1.18053
0.896876 1.16469
0.900929 1.14888
0.904774 1.13309
0.895794 1.1018
0.899088 1.08616
0.895731 1.0629
0.892036 1.03979
0.90116 1.0319
0.903571 1.01644
0.899069 0.993617
0.894237 0.970948
0.895916 0.955738
0.904299 0.947809
0.89868 0.925459
0.899767 0.910395
