-1.05441 1.06687
-1.06587 1.09764
-1.05616 1.10699
-1.06689 1.13813
-1.0636 1.15484
-1.0668 1.179
-1.06302 1.19582
-1.0656 1.2202
-1.06784 1.24472
-1.06972 1.26937
-1.06487 1.28645
-1.06612 1.31129
-1.07325 1.34408
-1.07371 1.36922
-1.07381 1.39447
-1.07355 1.41982
-1.07292 1.44528
-1.07782 1.47892
-1.09966 1.53716
-1.09757 1.56315
-1.10078 1.59746
-1.10347 1.63195
-1.09458 1.64994
-1.13455 1.74333
-1.7433 2.73103
-1.71918 2.74628
-1.70015 2.76984
-1.66538 2.76757
-1.63077 2.7649
-1.60135 2.7705
-1.56703 2.76709
-1.53775 2.77204
-1.50372 2.76791
-0.434111 0.833755
-0.41767 0.819726
-0.401511 0.805474
-0.394401 0.808979
-0.382957 0.803395
-0.371643 0.797673
-0.368746 0.810016
-0.357534 0.804095
-0.35442 0.816386
-0.343314 0.810269
-0.336164 0.813261
-0.325249 0.806916
-0.321785 0.819057
-0.310984 0.81252
-0.307307 0.824598
-0.296623 0.817872
-0.302714 0.858175
-0.298386 0.870268
-1.12176 3.36811
-1.11666 3.45398
-1.11611 3.5591
-1.11962 3.68361
-1.12384 3.81803
-0.0858886 0.926025
-0.0752214 0.896851
-0.0673189 0.897479
-0.0587511 0.888059
-0.0514989 0.898525
-0.0430984 0.888956
-0.0352667 0.889301
-0.0274323 0.889577
-0.0195958 0.889784
-0.0117577 0.889922
-0.00391876 0.889991
0.00392052 0.889991
0.0117595 0.889922
0.0198177 0.899782
0.0280506 0.909568
0.036061 0.909285
0.0450372 0.928909
0.0537896 0.93846
0.864178 3.78254
0.865079 3.63858
0.865912 3.50461
0.871906 3.39998
0.873558 3.28586
0.873268 3.17199
0.871043 3.05838
0.864063 2.93547
0.878253 2.88948
0.876739 2.79575
0.876721 2.7118
0.881613 2.64705
0.878947 2.5635
0.88486 2.50851
0.883055 2.43481
0.883514 2.37072
0.886488 2.31615
0.884914 2.2524
0.889766 2.20742
0.890074 2.15329
0.889499 2.09933
0.888044 2.04555
0.889776 2.0011
0.890794 1.95678
0.891102 1.9126
0.890702 1.86857
0.885215 1.81571
0.878867 1.76309
0.889823 1.74637
0.895934 1.72073
0.892271 1.67745
0.89269 1.64317
0.892576 1.60901
0.89193 1.57498
0.890755 1.54109
0.899215 1.52457
0.891984 1.48232
0.894544 1.45736
0.891427 1.42399
0.898555 1.40766
0.894555 1.37454
0.895571 1.34995
0.896224 1.32544
0.902189 1.30926
0.896447 1.27671
0.896021 1.2525
0.895239 1.22839
0.900063 1.21243
0.892614 1.18053
0.896876 1.16469
0.900929 1.14888
0.898534 1.12527
0.895794 1.1018
0.899088 1.08616
0.902176 1.07055
0.91157 1.06256
0.894583 1.02436
0.896927 1.00897
0.899069 0.993617
0.901012 0.978303
0.889077 0.948442
0.897396 0.940574
0.89868 0.925459
0.906796 0.917508
