-1.06144 1.07398
-1.05891 1.09047
-1.06307 1.11422
-1.06689 1.13813
-1.0636 1.15484
-1.06009 1.17158
-1.06302 1.19582
-1.07218 1.22773
-1.06784 1.24472
-1.07616 1.27702
-1.07125 1.29415
-1.06612 1.31129
-1.06701 1.33626
-1.06754 1.36135
-1.06771 1.38654
-1.07958 1.4278
-1.07292 1.44528
-1.07782 1.47892
-1.09966 1.53716
-1.10332 1.57133
-1.10078 1.59746
-1.09787 1.62366
-1.10011 1.65827
-1.13455 1.74333
-1.73792 2.7226
-1.71918 2.74628
-1.70015 2.76984
-1.66538 2.76757
-1.63077 2.7649
-1.60135 2.7705
-1.5621 2.75839
-1.5329 2.7633
-1.50372 2.76791
-1.47459 2.77222
-1.4455 2.77623
-1.41191 2.77103
-1.38298 2.77441
-1.35411 2.7775
-1.32099 2.77126
-1.2923 2.77373
-1.26368 2.7759
-1.23918 2.78692
-1.20662 2.77938
-1.17819 2.7807
-1.14601 2.77248
-1.12529 2.79174
-1.11528 2.83878
-1.1224 2.93254
-1.1105 2.9798
-1.11148 3.06467
-1.11439 3.15922
-1.11571 3.25404
-1.1186 3.35862
-1.11666 3.45398
-1.11911 3.56864
-1.12253 3.69317
-1.12384 3.81803
-0.230268 0.931975
-0.219737 0.924238
-0.209361 0.916389
-0.196999 0.898661
-0.184965 0.880788
-0.1772 0.882383
-0.169421 0.88391
-0.161629 0.885368
-0.152115 0.876904
-0.144385 0.87821
-0.139715 0.899211
-0.130341 0.890512
-0.123853 0.901532
-0.115908 0.902588
-0.107953 0.903574
-0.102188 0.924369
-0.0960642 0.945131
-0.0877357 0.94594
-0.0785548 1.1874
-0.0669486 1.16808
-0.0542362 1.11869
-0.0439843 1.10913
-0.0339051 1.09948
-0.0239993 1.08974
-0.0142678 1.07991
-0.00475534 1.07999
0.00471343 1.06999
0.0141378 1.06991
0.0235611 1.06974
0.0326743 1.0595
0.0424014 1.06916
0.051817 1.06874
0.0612286 1.06825
0.0712956 1.07764
0.0815328 1.08695
0.0919394 1.09615
0.864178 3.78254
0.865079 3.63858
0.86831 3.51432
0.869422 3.3903
0.870988 3.2762
0.873268 3.17199
0.871043 3.05838
0.866887 2.94506
0.875345 2.87991
0.876739 2.79575
0.876721 2.7118
0.881613 2.64705
0.878947 2.5635
0.88486 2.50851
0.883055 2.43481
0.883514 2.37072
0.882914 2.30681
0.881258 2.2431
0.889766 2.20742
0.886254 2.14405
0.885598 2.09012
0.888044 2.04555
0.893839 2.01024
0.886651 1.94768
0.891102 1.9126
0.890702 1.86857
0.889597 1.8247
0.883329 1.77204
0.894363 1.75528
0.891316 1.71186
0.892271 1.67745
0.897464 1.65196
0.892576 1.60901
0.89193 1.57498
0.890755 1.54109
0.894134 1.51596
0.89714 1.49089
0.894544 1.45736
0.891427 1.42399
0.898555 1.40766
0.900009 1.38293
0.895571 1.34995
0.896224 1.32544
0.896515 1.30102
0.902193 1.28489
0.896021 1.2525
0.901128 1.23647
0.894102 1.2044
0.892614 1.18053
0.896876 1.16469
0.900929 1.14888
0.892294 1.11746
0.902102 1.10955
0.899088 1.08616
0.902176 1.07055
0.898548 1.04738
0.90116 1.0319
0.896927 1.00897
0.899069 0.993617
0.894237 0.970948
0.895916 0.955738
0.897396 0.940574
0.89868 0.925459
0.899767 0.910395
