-1.06144 1.07398
-1.05891 1.09047
-1.06307 1.11422
-1.06005 1.13084
-1.0636 1.15484
-1.06009 1.17158
-1.06967 1.20329
-1.07218 1.22773
-1.06133 1.23713
-1.06972 1.26937
-1.07125 1.29415
-1.06612 1.31129
-1.06701 1.33626
-1.07371 1.36922
-1.06771 1.38654
-1.07355 1.41982
-1.07888 1.45331
-1.07782 1.47892
-1.09966 1.53716
-1.09757 1.56315
-1.10078 1.59746
-1.10347 1.63195
-1.09458 1.64994
-1.13455 1.74333
-1.73792 2.7226
-1.71918 2.74628
-1.70015 2.76984
-1.66538 2.76757
-1.63077 2.7649
-1.60135 2.7705
-1.57689 2.7845
-1.5426 2.78079
-1.50372 2.76791
-1.47459 2.77222
-1.4455 2.77623
-1.41645 2.77994
-1.38298 2.77441
-1.35411 2.7775
-1.32529 2.78029
-1.2923 2.77373
-1.26782 2.785
-1.23105 2.76865
-1.20662 2.77938
-1.17819 2.7807
-1.14983 2.78172
-1.12155 2.78247
-1.11894 2.84808
-1.1224 2.93254
-1.11399 2.98917
-1.11148 3.06467
-1.11439 3.15922
-1.11246 3.24458
-1.11544 3.34913
-1.11666 3.45398
-1.1221 3.57818
-1.11962 3.68361
-1.12384 3.81803
-0.295545 1.54193
-0.276565 1.51496
-0.258083 1.48778
-0.241723 1.47026
-0.227229 1.46245
-0.214338 1.4644
-0.202793 1.47614
-0.191056 1.48778
-0.180317 1.50927
-0.169214 1.53068
-0.15977 1.5719
-0.149612 1.61308
-0.10771 1.43597
-0.0943978 1.42688
-0.0806817 1.40769
-0.067311 1.38837
-0.055872 1.40889
-0.043152 1.39933
-0.031045 1.40966
-0.0187595 1.41988
-0.0062524 1.41999
0.00634331 1.43999
0.0192908 1.45987
0.032369 1.46964
0.861951 3.77279
0.865079 3.63858
0.86831 3.51432
0.869422 3.3903
0.870988 3.2762
0.873268 3.17199
0.871043 3.05838
0.864063 2.93547
0.875345 2.87991
0.876739 2.79575
0.876721 2.7118
0.878453 2.63756
0.882191 2.57296
0.88486 2.50851
0.879645 2.42541
0.883514 2.37072
0.882914 2.30681
0.884914 2.2524
0.889766 2.20742
0.886254 2.14405
0.889499 2.09933
0.888044 2.04555
0.893839 2.01024
0.890794 1.95678
0.891102 1.9126
0.895005 1.8776
0.885215 1.81571
0.883329 1.77204
0.894363 1.75528
0.895934 1.72073
0.892271 1.67745
0.897464 1.65196
0.892576 1.60901
0.89193 1.57498
0.900764 1.5584
0.894134 1.51596
0.902296 1.49945
0.899775 1.46588
0.891427 1.42399
0.898555 1.40766
0.900009 1.38293
0.895571 1.34995
0.901825 1.33372
0.896515 1.30102
0.902193 1.28489
0.901839 1.26063
0.901128 1.23647
0.900063 1.21243
0.898645 1.1885
0.896876 1.16469
0.894759 1.14101
0.904774 1.13309
0.895794 1.1018
0.899088 1.08616
0.895731 1.0629
0.898548 1.04738
0.90116 1.0319
0.890283 1.0015
0.899069 0.993617
0.901012 0.978303
0.902755 0.963034
0.904299 0.947809
0.89868 0.925459
0.899767 0.910395
