-1.06144 1.07398
-1.06587 1.09764
-1.05616 1.10699
-1.05321 1.12354
-1.0636 1.15484
-1.0668 1.179
-1.06302 1.19582
-1.0656 1.2202
-1.06784 1.24472
-1.06972 1.26937
-1.07125 1.29415
-1.06612 1.31129
-1.07325 1.34408
-1.06754 1.36135
-1.06771 1.38654
-1.06752 1.41185
-1.07292 1.44528
-1.07782 1.47892
-1.09966 1.53716
-1.09757 1.56315
-1.10646 1.6057
-1.09227 1.61538
-1.10011 1.65827
-1.13455 1.74333
-1.73254 2.71417
-1.71918 2.74628
-1.69492 2.76131
-1.66538 2.76757
-1.63585 2.77351
-1.59635 2.76184
-1.57196 2.7758
-1.53775 2.77204
-1.50372 2.76791
-1.47459 2.77222
-1.4455 2.77623
-1.41191 2.77103
-1.38298 2.77441
-1.35411 2.7775
-1.32959 2.78932
-1.2923 2.77373
-1.26782 2.785
-1.23512 2.77778
-1.20662 2.77938
-1.17429 2.77149
-1.14983 2.78172
-1.12902 2.80102
-1.11528 2.83878
-1.12598 2.94188
-1.1105 2.9798
-1.11148 3.06467
-1.11439 3.15922
-1.11571 3.25404
-1.11544 3.34913
-1.11666 3.45398
-1.11911 3.56864
-1.12253 3.69317
-1.12102 3.80844
-0.249122 2.08517
-0.228549 2.06741
-0.208308 2.04944
-0.189324 2.04124
-0.169666 2.0229
-0.15259 2.03429
-0.134005 2.02557
-0.116159 2.02667
-0.0992716 2.04759
-0.0816286 2.05838
0.0473424 2.14948
0.0656568 2.12899
0.0844066 2.12833
0.102666 2.11751
0.121313 2.11653
0.140611 2.12535
0.159326 2.12403
0.178864 2.13251
0.19764 2.13085
0.861951 3.77279
0.865079 3.63858
0.86831 3.51432
0.871906 3.39998
0.873558 3.28586
0.870614 3.16235
0.871043 3.05838
0.866887 2.94506
0.872437 2.87034
0.876739 2.79575
0.876721 2.7118
0.878453 2.63756
0.882191 2.57296
0.881534 2.49908
0.883055 2.43481
0.883514 2.37072
0.882914 2.30681
0.884914 2.2524
0.886027 2.19815
0.886254 2.14405
0.8934 2.10854
0.888044 2.04555
0.889776 2.0011
0.890794 1.95678
0.891102 1.9126
0.890702 1.86857
0.885215 1.81571
0.883329 1.77204
0.885283 1.73746
0.891316 1.71186
0.892271 1.67745
0.89269 1.64317
0.892576 1.60901
0.896858 1.58368
0.89576 1.54975
0.894134 1.51596
0.89714 1.49089
0.894544 1.45736
0.896733 1.43247
0.898555 1.40766
0.894555 1.37454
0.895571 1.34995
0.901825 1.33372
0.902189 1.30926
0.896447 1.27671
0.896021 1.2525
0.901128 1.23647
0.900063 1.21243
0.898645 1.1885
0.896876 1.16469
0.894759 1.14101
0.892294 1.11746
0.902102 1.10955
0.899088 1.08616
0.902176 1.07055
0.898548 1.04738
0.894583 1.02436
0.896927 1.00897
0.905779 1.00103
0.894237 0.970948
0.902755 0.963034
0.897396 0.940574
0.89868 0.925459
0.906796 0.917508
