-1.06847 1.0811
-1.05891 1.09047
-1.06307 1.11422
-1.06005 1.13084
-1.0636 1.15484
-1.0668 1.179
-1.06302 1.19582
-1.07218 1.22773
-1.07435 1.25231
-1.07616 1.27702
-1.07125 1.29415
-1.06612 1.31129
-1.06701 1.33626
-1.06754 1.36135
-1.06771 1.38654
-1.07355 1.41982
-1.07292 1.44528
-1.08371 1.487
-1.10548 1.54529
-1.10332 1.57133
-1.10078 1.59746
-1.09787 1.62366
-1.10011 1.65827
-1.14001 1.75171
-1.73792 2.7226
-1.72448 2.75475
-1.69492 2.76131
-1.66538 2.76757
-0.497869 0.844113
-0.490414 0.848466
-0.473066 0.835349
-0.460839 0.830739
-0.453504 0.834766
-0.436742 0.821071
-0.424874 0.816016
-0.41767 0.819726
-0.414895 0.832323
-0.407548 0.835945
-0.400169 0.839503
-0.392759 0.842995
-0.389462 0.855523
-0.385974 0.868058
-0.386278 0.889769
-0.386228 0.911552
-1.14983 2.78172
-1.12529 2.79174
-0.361028 0.94327
-0.345721 0.927673
-0.337536 0.930682
-0.325999 0.924189
-0.31136 0.908105
-0.303349 0.910813
-0.295315 0.913449
-0.29025 0.925557
-0.282086 0.928077
-0.271077 0.920933
-0.265694 0.932902
-0.257466 0.935206
-0.254358 0.956767
-0.250888 0.978343
-0.24466 0.990223
-0.238242 1.00207
0.861951 3.77279
0.865079 3.63858
0.86831 3.51432
0.869422 3.3903
0.870988 3.2762
0.870614 3.16235
0.871043 3.05838
0.864063 2.93547
0.875345 2.87991
0.873747 2.78621
0.876721 2.7118
0.878453 2.63756
0.882191 2.57296
0.881534 2.49908
0.883055 2.43481
0.883514 2.37072
0.886488 2.31615
0.884914 2.2524
0.889766 2.20742
0.890074 2.15329
0.889499 2.09933
0.892027 2.05472
0.893839 2.01024
0.886651 1.94768
0.891102 1.9126
0.890702 1.86857
0.889597 1.8247
0.883329 1.77204
0.889823 1.74637
0.891316 1.71186
0.892271 1.67745
0.887916 1.63438
0.892576 1.60901
0.896858 1.58368
0.89576 1.54975
0.899215 1.52457
0.891984 1.48232
0.894544 1.45736
0.902039 1.44095
0.898555 1.40766
0.894555 1.37454
0.901099 1.35828
0.901825 1.33372
0.896515 1.30102
0.896447 1.27671
0.890203 1.24436
0.901128 1.23647
0.894102 1.2044
0.892614 1.18053
0.896876 1.16469
0.894759 1.14101
0.898534 1.12527
0.889486 1.09404
0.899088 1.08616
0.895731 1.0629
0.898548 1.04738
0.90116 1.0319
0.896927 1.00897
0.89236 0.986202
0.901012 0.978303
0.895916 0.955738
0.897396 0.940574
0.905646 0.932633
0.899767 0.910395
