-1.05441 1.06687
-1.06587 1.09764
-1.05616 1.10699
-1.06005 1.13084
-1.0636 1.15484
-1.06009 1.17158
-1.06302 1.19582
-1.0656 1.2202
-1.06784 1.24472
-1.06972 1.26937
-1.06487 1.28645
-1.06612 1.31129
-1.06701 1.33626
-1.06754 1.36135
-1.07381 1.39447
-1.07355 1.41982
-1.07292 1.44528
-1.08371 1.487
-1.09384 1.52902
-1.09757 1.56315
-1.10078 1.59746
-1.09787 1.62366
-1.10011 1.65827
-1.14001 1.75171
-1.73254 2.71417
-1.71918 2.74628
-1.69492 2.76131
-1.67053 2.77613
-1.63077 2.7649
-1.60135 2.7705
-1.56703 2.76709
-1.53775 2.77204
-1.50372 2.76791
-1.47929 2.78105
-1.4455 2.77623
-1.41645 2.77994
-1.38298 2.77441
-1.35411 2.7775
-1.32099 2.77126
-1.29653 2.78279
-1.26368 2.7759
-1.23105 2.76865
-1.2106 2.78856
-1.17819 2.7807
-1.14601 2.77248
-1.12529 2.79174
-1.11894 2.84808
-1.1224 2.93254
-1.11399 2.98917
-1.11148 3.06467
-1.11439 3.15922
-1.11246 3.24458
-1.11544 3.34913
-1.11666 3.45398
-1.11911 3.56864
-1.11962 3.68361
-1.12102 3.80844
-0.32856 2.11463
-0.305577 2.08776
-0.284454 2.07055
-0.264932 2.06306
-0.245563 2.05538
-0.226351 2.04753
-0.208308 2.04944
-0.192095 2.07111
-0.177188 2.11258
-0.12417 2.16644
-0.104598 2.15747
-0.0847986 2.13832
-0.0656526 2.12899
-0.0468978 2.12948
-0.0281393 2.12981
-0.00933456 2.11998
0.00933876 2.11998
0.028672 2.16981
0.864178 3.78254
0.865079 3.63858
0.86831 3.51432
0.869422 3.3903
0.873558 3.28586
0.870614 3.16235
0.871043 3.05838
0.864063 2.93547
0.875345 2.87991
0.873747 2.78621
0.873644 2.70229
0.878453 2.63756
0.882191 2.57296
0.878207 2.48965
0.883055 2.43481
0.883514 2.37072
0.882914 2.30681
0.888571 2.26171
0.889766 2.20742
0.886254 2.14405
0.889499 2.09933
0.888044 2.04555
0.885713 1.99196
0.886651 1.94768
0.891102 1.9126
0.895005 1.8776
0.889597 1.8247
0.878867 1.76309
0.889823 1.74637
0.891316 1.71186
0.892271 1.67745
0.89269 1.64317
0.892576 1.60901
0.89193 1.57498
0.89576 1.54975
0.894134 1.51596
0.89714 1.49089
0.889312 1.44884
0.896733 1.43247
0.898555 1.40766
0.900009 1.38293
0.895571 1.34995
0.901825 1.33372
0.902189 1.30926
0.896447 1.27671
0.901839 1.26063
0.895239 1.22839
0.900063 1.21243
0.892614 1.18053
0.890775 1.15677
0.894759 1.14101
0.892294 1.11746
0.895794 1.1018
0.892711 1.07846
0.895731 1.0629
0.898548 1.04738
0.907738 1.03943
0.903571 1.01644
0.89236 0.986202
0.894237 0.970948
0.902755 0.963034
0.897396 0.940574
0.89868 0.925459
0.899767 0.910395
