-1.06144 1.07398
-1.05891 1.09047
-1.06307 1.11422
-1.05321 1.12354
-1.0636 1.15484
-1.0668 1.179
-1.06967 1.20329
-1.07218 1.22773
-1.06784 1.24472
-1.06328 1.26172
-1.06487 1.28645
-1.06612 1.31129
-1.07325 1.34408
-1.06754 1.36135
-1.06771 1.38654
-1.07355 1.41982
-1.07292 1.44528
-1.07782 1.47892
-1.09384 1.52902
-1.09757 1.56315
-1.10078 1.59746
-1.09787 1.62366
-1.10011 1.65827
-1.14001 1.75171
-1.7433 2.73103
-1.71918 2.74628
-1.69492 2.76131
-1.66022 2.759
-1.63077 2.7649
-1.60135 2.7705
-1.56703 2.76709
-1.53775 2.77204
-1.50372 2.76791
-1.47929 2.78105
-1.44088 2.76736
-1.41191 2.77103
-1.38298 2.77441
-1.34973 2.76851
-1.32099 2.77126
-1.29653 2.78279
-1.25954 2.7668
-1.23512 2.77778
-1.20662 2.77938
-1.17819 2.7807
-1.14983 2.78172
-1.11781 2.77319
-1.11894 2.84808
-1.1224 2.93254
-1.1105 2.9798
-1.11489 3.07407
-1.11439 3.15922
-1.11571 3.25404
-1.11544 3.34913
-1.11973 3.46349
-1.1221 3.57818
-1.12253 3.69317
-1.12384 3.81803
-0.238446 1.99581
-0.21866 1.97795
-0.200218 1.96985
-0.181936 1.96158
-0.164651 1.96311
-0.147354 1.96448
-0.129384 1.95572
-0.112725 1.96677
-0.0958818 1.97768
-0.0840061 2.11833
-0.0678102 2.19895
-0.0482188 2.18947
-0.0289319 2.18981
-0.00968681 2.19998
0.00964712 2.18998
0.0290684 2.19981
0.0484434 2.19947
0.861951 3.77279
0.865079 3.63858
0.865912 3.50461
0.869422 3.3903
0.870988 3.2762
0.870614 3.16235
0.873782 3.068
0.866887 2.94506
0.875345 2.87991
0.873747 2.78621
0.879797 2.72132
0.878453 2.63756
0.878947 2.5635
0.881534 2.49908
0.883055 2.43481
0.887006 2.38009
0.882914 2.30681
0.884914 2.2524
0.886027 2.19815
0.890074 2.15329
0.885598 2.09012
0.888044 2.04555
0.893839 2.01024
0.890794 1.95678
0.895325 1.92166
0.890702 1.86857
0.889597 1.8247
0.883329 1.77204
0.889823 1.74637
0.886698 1.70299
0.892271 1.67745
0.89269 1.64317
0.892576 1.60901
0.887002 1.56628
0.89576 1.54975
0.894134 1.51596
0.89714 1.49089
0.899775 1.46588
0.896733 1.43247
0.898555 1.40766
0.894555 1.37454
0.895571 1.34995
0.896224 1.32544
0.896515 1.30102
0.896447 1.27671
0.896021 1.2525
0.895239 1.22839
0.894102 1.2044
0.898645 1.1885
0.902977 1.17262
0.894759 1.14101
0.904774 1.13309
0.895794 1.1018
0.892711 1.07846
0.895731 1.0629
0.898548 1.04738
0.894583 1.02436
0.896927 1.00897
0.899069 0.993617
0.901012 0.978303
0.902755 0.963034
0.897396 0.940574
0.89868 0.925459
0.906796 0.917508
