-1.05441 1.06687
-1.05891 1.09047
-1.06307 1.11422
-1.06689 1.13813
-1.05682 1.14749
-1.0668 1.179
-1.05638 1.18835
-1.0656 1.2202
-1.06784 1.24472
-1.06328 1.26172
-1.07125 1.29415
-1.05981 1.30353
-1.06701 1.33626
-1.06754 1.36135
-1.07381 1.39447
-1.06752 1.41185
-1.06696 1.43725
-1.07782 1.47892
-1.09966 1.53716
-1.09757 1.56315
-1.09511 1.58923
-1.09227 1.61538
-1.10011 1.65827
-1.13455 1.74333
-1.73792 2.7226
-1.71918 2.74628
-1.69492 2.76131
-1.66538 2.76757
-1.63077 2.7649
-1.59635 2.76184
-1.5621 2.75839
-1.5329 2.7633
-1.50372 2.76791
-1.46989 2.76339
-1.44088 2.76736
-1.41191 2.77103
-1.38298 2.77441
-1.35411 2.7775
-1.32529 2.78029
-1.2923 2.77373
-1.26368 2.7759
-1.23918 2.78692
-1.20264 2.77021
-1.17429 2.77149
-1.14219 2.76324
-1.12155 2.78247
-1.11894 2.84808
-1.1224 2.93254
-1.10701 2.97043
-1.11148 3.06467
-1.11106 3.14979
-1.11246 3.24458
-1.1186 3.35862
-1.11666 3.45398
-1.11911 3.56864
-1.11962 3.68361
-1.12102 3.80844
-0.14576 3.00647
-0.117688 2.96767
-0.0912356 2.95859
-0.0651725 2.95928
-0.0391043 2.95974
-0.0132093 2.99997
0.0421492 3.18972
0.0698025 3.16923
0.0970981 3.1485
0.124827 3.14753
0.15303 3.15629
0.181969 3.17479
0.859723 3.76304
0.865079 3.63858
0.86831 3.51432
0.871906 3.39998
0.870988 3.2762
0.873268 3.17199
0.871043 3.05838
0.864063 2.93547
0.875345 2.87991
0.873747 2.78621
0.873644 2.70229
0.878453 2.63756
0.882191 2.57296
0.881534 2.49908
0.883055 2.43481
0.883514 2.37072
0.882914 2.30681
0.884914 2.2524
0.889766 2.20742
0.882434 2.13481
0.885598 2.09012
0.888044 2.04555
0.889776 2.0011
0.890794 1.95678
0.891102 1.9126
0.886399 1.85954
0.885215 1.81571
0.883329 1.77204
0.889823 1.74637
0.891316 1.71186
0.892271 1.67745
0.89269 1.64317
0.897427 1.61775
0.89193 1.57498
0.890755 1.54109
0.894134 1.51596
0.891984 1.48232
0.894544 1.45736
0.891427 1.42399
0.898555 1.40766
0.900009 1.38293
0.890042 1.34161
0.896224 1.32544
0.896515 1.30102
0.8907 1.26852
0.896021 1.2525
0.895239 1.22839
0.894102 1.2044
0.898645 1.1885
0.896876 1.16469
0.894759 1.14101
0.898534 1.12527
0.895794 1.1018
0.899088 1.08616
0.902176 1.07055
0.892036 1.03979
0.894583 1.02436
0.890283 1.0015
0.89236 0.986202
0.894237 0.970948
0.889077 0.948442
0.897396 0.940574
0.89868 0.925459
0.899767 0.910395
