-1.05441 1.06687
-1.06587 1.09764
-1.06307 1.11422
-1.06689 1.13813
-1.0636 1.15484
-1.06009 1.17158
-1.06967 1.20329
-1.07218 1.22773
-1.06784 1.24472
-1.06972 1.26937
-1.06487 1.28645
-1.06612 1.31129
-1.07325 1.34408
-1.07371 1.36922
-1.06771 1.38654
-1.07355 1.41982
-1.07292 1.44528
-1.07782 1.47892
-1.09384 1.52902
-1.09757 1.56315
-1.10078 1.59746
-1.09787 1.62366
-1.10011 1.65827
-1.13455 1.74333
-1.73792 2.7226
-1.71918 2.74628
-1.70015 2.76984
-1.66022 2.759
-1.63585 2.77351
-1.59635 2.76184
-1.57196 2.7758
-1.5329 2.7633
-1.50372 2.76791
-1.47459 2.77222
-1.44088 2.76736
-1.41191 2.77103
-1.38298 2.77441
-1.34973 2.76851
-1.32099 2.77126
-1.2923 2.77373
-1.26368 2.7759
-1.23512 2.77778
-1.20662 2.77938
-1.18209 2.7899
-1.14983 2.78172
-1.12155 2.78247
-1.11894 2.84808
-1.1224 2.93254
-1.1105 2.9798
-1.11148 3.06467
-1.11771 3.16865
-1.11571 3.25404
-1.11544 3.34913
-1.11973 3.46349
-1.11911 3.56864
-1.12253 3.69317
-1.12384 3.81803
-0.240104 3.20101
-0.20926 3.16309
-0.180818 3.15482
-0.153992 3.17627
-0.124028 3.12754
-0.0921603 2.98858
-0.0651725 2.95928
-0.0391043 2.95974
-0.0130772 2.96997
0.0131712 2.98997
0.039903 3.01974
0.861951 3.77279
0.865079 3.63858
0.86831 3.51432
0.869422 3.3903
0.870988 3.2762
0.870614 3.16235
0.871043 3.05838
0.864063 2.93547
0.875345 2.87991
0.873747 2.78621
0.876721 2.7118
0.878453 2.63756
0.878947 2.5635
0.881534 2.49908
0.883055 2.43481
0.883514 2.37072
0.882914 2.30681
0.884914 2.2524
0.886027 2.19815
0.890074 2.15329
0.889499 2.09933
0.888044 2.04555
0.889776 2.0011
0.890794 1.95678
0.895325 1.92166
0.895005 1.8776
0.889597 1.8247
0.883329 1.77204
0.885283 1.73746
0.886698 1.70299
0.892271 1.67745
0.89269 1.64317
0.897427 1.61775
0.896858 1.58368
0.890755 1.54109
0.899215 1.52457
0.89714 1.49089
0.894544 1.45736
0.896733 1.43247
0.898555 1.40766
0.900009 1.38293
0.901099 1.35828
0.896224 1.32544
0.896515 1.30102
0.896447 1.27671
0.896021 1.2525
0.901128 1.23647
0.900063 1.21243
0.898645 1.1885
0.896876 1.16469
0.900929 1.14888
0.898534 1.12527
0.895794 1.1018
0.899088 1.08616
0.902176 1.07055
0.898548 1.04738
0.90116 1.0319
0.896927 1.00897
0.905779 1.00103
0.901012 0.978303
0.889077 0.948442
0.897396 0.940574
0.89868 0.925459
0.892737 0.903283
