-1.06847 1.0811
-1.05891 1.09047
-1.06307 1.11422
-1.06689 1.13813
-1.0636 1.15484
-1.0668 1.179
-1.06302 1.19582
-1.0656 1.2202
-1.06133 1.23713
-1.06328 1.26172
-1.06487 1.28645
-1.06612 1.31129
-1.06701 1.33626
-1.06754 1.36135
-1.07381 1.39447
-1.07355 1.41982
-1.07292 1.44528
-1.07782 1.47892
-1.09384 1.52902
-1.09757 1.56315
-1.09511 1.58923
-1.09787 1.62366
-1.09458 1.64994
-1.1291 1.73495
-1.73792 2.7226
-1.71918 2.74628
-1.69492 2.76131
-1.66022 2.759
-1.63077 2.7649
-1.60135 2.7705
-1.57196 2.7758
-1.5329 2.7633
-1.50372 2.76791
-1.47459 2.77222
-1.44088 2.76736
-1.41191 2.77103
-1.38744 2.78336
-1.35411 2.7775
-1.32529 2.78029
-1.2923 2.77373
-1.26368 2.7759
-1.23512 2.77778
-1.20662 2.77938
-1.17819 2.7807
-1.14601 2.77248
-1.12155 2.78247
-1.11528 2.83878
-1.11883 2.9232
-1.1105 2.9798
-1.11148 3.06467
-1.11106 3.14979
-0.434606 1.26756
-0.420265 1.26185
-0.399905 1.23696
-0.38301 1.22135
-0.372237 1.22468
-0.361436 1.22791
-0.347867 1.22143
-0.337095 1.22445
-0.326297 1.22737
-0.315474 1.23019
-0.307024 1.24263
-0.296067 1.24529
-0.289542 1.26735
-0.28265 1.28938
-0.273337 1.30161
-0.125601 1.35419
-0.110325 1.31538
-0.0972384 1.29636
-0.084496 1.27721
-0.0732429 1.2779
-0.0619842 1.2785
-0.0507207 1.27899
-0.039145 1.2694
-0.0279625 1.26969
-0.01691 1.27989
-0.00563596 1.27999
0.0056385 1.27999
0.0170446 1.28989
0.0284054 1.28969
0.0400722 1.29938
0.859723 3.76304
0.865079 3.63858
0.865912 3.50461
0.869422 3.3903
0.870988 3.2762
0.873268 3.17199
0.871043 3.05838
0.866887 2.94506
0.872437 2.87034
0.873747 2.78621
0.876721 2.7118
0.878453 2.63756
0.878947 2.5635
0.881534 2.49908
0.886464 2.44421
0.880021 2.36135
0.882914 2.30681
0.881258 2.2431
0.886027 2.19815
0.886254 2.14405
0.889499 2.09933
0.884062 2.03638
0.893839 2.01024
0.890794 1.95678
0.895325 1.92166
0.890702 1.86857
0.885215 1.81571
0.878867 1.76309
0.885283 1.73746
0.891316 1.71186
0.887575 1.66863
0.887916 1.63438
0.887725 1.60026
0.89193 1.57498
0.89576 1.54975
0.894134 1.51596
0.89714 1.49089
0.894544 1.45736
0.896733 1.43247
0.893174 1.39923
0.894555 1.37454
0.890042 1.34161
0.896224 1.32544
0.902189 1.30926
0.896447 1.27671
0.901839 1.26063
0.895239 1.22839
0.888142 1.19637
0.898645 1.1885
0.896876 1.16469
0.888588 1.13314
0.892294 1.11746
0.902102 1.10955
0.899088 1.08616
0.895731 1.0629
0.898548 1.04738
0.894583 1.02436
0.896927 1.00897
0.899069 0.993617
0.894237 0.970948
0.895916 0.955738
0.897396 0.940574
0.891713 0.918285
0.892737 0.903283
