-1.05441 1.06687
-1.06587 1.09764
-1.06307 1.11422
-1.06005 1.13084
-1.07037 1.1622
-1.06009 1.17158
-1.06302 1.19582
-1.0656 1.2202
-1.07435 1.25231
-1.06972 1.26937
-1.07125 1.29415
-1.07243 1.31905
-1.06701 1.33626
-1.06754 1.36135
-1.06771 1.38654
-1.06752 1.41185
-1.07292 1.44528
-1.07782 1.47892
-1.09966 1.53716
-1.09757 1.56315
-1.09511 1.58923
-1.09787 1.62366
-1.10011 1.65827
-1.13455 1.74333
-1.7433 2.73103
-1.71918 2.74628
-1.70015 2.76984
-1.66022 2.759
-1.63077 2.7649
-1.60135 2.7705
-1.56703 2.76709
-1.5329 2.7633
-1.5085 2.77669
-1.47459 2.77222
-1.44088 2.76736
-1.41191 2.77103
-1.38744 2.78336
-1.34973 2.76851
-1.32529 2.78029
-1.29653 2.78279
-1.26368 2.7759
-1.23918 2.78692
-1.20264 2.77021
-1.17819 2.7807
-1.14601 2.77248
-1.12155 2.78247
-1.11894 2.84808
-1.1224 2.93254
-1.1105 2.9798
-1.11148 3.06467
-1.11106 3.14979
-1.11571 3.25404
-1.11544 3.34913
-1.11973 3.46349
-1.1221 3.57818
-1.11962 3.68361
-1.12102 3.80844
-0.211341 2.07929
-0.191171 2.06115
-0.171338 2.04283
-0.153338 2.04426
-0.134005 2.02557
-0.116159 2.02667
-0.0978188 2.01763
-0.0800436 2.01841
-0.0622621 2.01904
-0.0449162 2.03951
-0.0270824 2.04982
0.0848029 2.13832
0.102666 2.11751
0.121313 2.11653
0.13929 2.1054
0.15783 2.10409
0.177192 2.11258
0.195793 2.11094
0.214379 2.10913
0.234047 2.1171
0.864178 3.78254
0.862766 3.62885
0.86831 3.51432
0.869422 3.3903
0.873558 3.28586
0.873268 3.17199
0.873782 3.068
0.866887 2.94506
0.875345 2.87991
0.876739 2.79575
0.876721 2.7118
0.881613 2.64705
0.882191 2.57296
0.88486 2.50851
0.886464 2.44421
0.883514 2.37072
0.886488 2.31615
0.884914 2.2524
0.886027 2.19815
0.886254 2.14405
0.889499 2.09933
0.888044 2.04555
0.889776 2.0011
0.894937 1.96588
0.886879 1.90354
0.895005 1.8776
0.885215 1.81571
0.883329 1.77204
0.889823 1.74637
0.895934 1.72073
0.896967 1.68628
0.887916 1.63438
0.892576 1.60901
0.89193 1.57498
0.890755 1.54109
0.899215 1.52457
0.89714 1.49089
0.905006 1.4744
0.891427 1.42399
0.898555 1.40766
0.894555 1.37454
0.890042 1.34161
0.896224 1.32544
0.896515 1.30102
0.896447 1.27671
0.896021 1.2525
0.901128 1.23647
0.894102 1.2044
0.898645 1.1885
0.896876 1.16469
0.900929 1.14888
0.898534 1.12527
0.895794 1.1018
0.899088 1.08616
0.889287 1.05526
0.892036 1.03979
0.90116 1.0319
0.896927 1.00897
0.89236 0.986202
0.894237 0.970948
0.895916 0.955738
0.897396 0.940574
0.89868 0.925459
0.899767 0.910395
