-1.06144 1.07398
-1.05891 1.09047
-1.05616 1.10699
-1.06005 1.13084
-1.05682 1.14749
-1.06009 1.17158
-1.06967 1.20329
-1.0656 1.2202
-1.06784 1.24472
-1.06972 1.26937
-1.06487 1.28645
-1.07243 1.31905
-1.06701 1.33626
-1.06137 1.35348
-1.06161 1.37862
-1.06752 1.41185
-1.07292 1.44528
-1.07782 1.47892
-1.09384 1.52902
-1.09757 1.56315
-1.10078 1.59746
-1.10347 1.63195
-1.10011 1.65827
-1.13455 1.74333
-1.73792 2.7226
-1.71918 2.74628
-1.69492 2.76131
-1.66022 2.759
-1.63077 2.7649
-1.59635 2.76184
-1.56703 2.76709
-1.5329 2.7633
-1.50372 2.76791
-1.46989 2.76339
-1.4455 2.77623
-1.41191 2.77103
-1.37852 2.76546
-1.34973 2.76851
-1.32529 2.78029
-1.2923 2.77373
-1.26368 2.7759
-1.23105 2.76865
-1.20662 2.77938
-1.17819 2.7807
-1.14601 2.77248
-1.12155 2.78247
-1.12259 2.85739
-1.11883 2.9232
-1.1105 2.9798
-1.10807 3.05527
-1.11106 3.14979
-1.11571 3.25404
-1.1186 3.35862
-1.11666 3.45398
-1.11911 3.56864
-1.11671 3.67404
-1.12102 3.80844
-0.183107 3.19476
-0.153992 3.17627
-0.12482 3.14753
-0.0967837 3.13851
-0.069576 3.15923
-0.0420107 3.17972
-0.014178 3.21997
0.0715641 3.24921
0.0992559 3.21847
0.127204 3.20748
0.155935 3.21622
0.184258 3.21472
0.214547 3.24291
0.859723 3.76304
0.865079 3.63858
0.865912 3.50461
0.871906 3.39998
0.870988 3.2762
0.870614 3.16235
0.871043 3.05838
0.864063 2.93547
0.872437 2.87034
0.873747 2.78621
0.876721 2.7118
0.875293 2.62807
0.878947 2.5635
0.881534 2.49908
0.883055 2.43481
0.883514 2.37072
0.882914 2.30681
0.888571 2.26171
0.886027 2.19815
0.886254 2.14405
0.889499 2.09933
0.892027 2.05472
0.889776 2.0011
0.886651 1.94768
0.891102 1.9126
0.890702 1.86857
0.885215 1.81571
0.883329 1.77204
0.894363 1.75528
0.891316 1.71186
0.887575 1.66863
0.89269 1.64317
0.892576 1.60901
0.89193 1.57498
0.890755 1.54109
0.894134 1.51596
0.89714 1.49089
0.894544 1.45736
0.896733 1.43247
0.893174 1.39923
0.894555 1.37454
0.895571 1.34995
0.896224 1.32544
0.890841 1.29279
0.896447 1.27671
0.896021 1.2525
0.895239 1.22839
0.894102 1.2044
0.892614 1.18053
0.896876 1.16469
0.894759 1.14101
0.892294 1.11746
0.902102 1.10955
0.892711 1.07846
0.895731 1.0629
0.898548 1.04738
0.894583 1.02436
0.890283 1.0015
0.89236 0.986202
0.894237 0.970948
0.895916 0.955738
0.897396 0.940574
0.89868 0.925459
0.899767 0.910395
