-1.05441 1.06687
-1.05891 1.09047
-1.06307 1.11422
-1.06005 1.13084
-1.0636 1.15484
-1.0668 1.179
-1.06302 1.19582
-1.0656 1.2202
-1.06784 1.24472
-1.06972 1.26937
-1.06487 1.28645
-1.06612 1.31129
-1.07325 1.34408
-1.06754 1.36135
-1.07381 1.39447
-1.07958 1.4278
-1.06696 1.43725
-1.07782 1.47892
-1.09384 1.52902
-1.10332 1.57133
-1.09511 1.58923
-1.09787 1.62366
-1.10011 1.65827
-1.13455 1.74333
-1.73792 2.7226
-1.71918 2.74628
-1.69492 2.76131
-1.66538 2.76757
-1.63077 2.7649
-1.59635 2.76184
-1.57196 2.7758
-1.5329 2.7633
-1.50372 2.76791
-1.47459 2.77222
-1.4455 2.77623
-1.40737 2.76212
-1.38298 2.77441
-1.35411 2.7775
-1.32099 2.77126
-1.2923 2.77373
-1.26782 2.785
-1.23512 2.77778
-1.20264 2.77021
-1.17819 2.7807
-1.14601 2.77248
-1.12529 2.79174
-1.11528 2.83878
-1.12955 2.95122
-1.1105 2.9798
-1.11148 3.06467
-1.11106 3.14979
-1.11571 3.25404
-1.11544 3.34913
-1.11973 3.46349
-1.11611 3.5591
-1.11962 3.68361
-1.12384 3.81803
0.861951 3.77279
0.865079 3.63858
0.865912 3.50461
0.869422 3.3903
0.868419 3.26653
0.870614 3.16235
0.871043 3.05838
0.864063 2.93547
0.872437 2.87034
0.876739 2.79575
0.876721 2.7118
0.875293 2.62807
0.878947 2.5635
0.881534 2.49908
0.879645 2.42541
0.883514 2.37072
0.882914 2.30681
0.884914 2.2524
0.889766 2.20742
0.886254 2.14405
0.885598 2.09012
0.888044 2.04555
0.889776 2.0011
0.886651 1.94768
0.886879 1.90354
0.890702 1.86857
0.885215 1.81571
0.878867 1.76309
0.889823 1.74637
0.886698 1.70299
0.896967 1.68628
0.89269 1.64317
0.892576 1.60901
0.89193 1.57498
0.89576 1.54975
0.894134 1.51596
0.89714 1.49089
0.894544 1.45736
0.896733 1.43247
0.898555 1.40766
0.894555 1.37454
0.895571 1.34995
0.896224 1.32544
0.896515 1.30102
0.902193 1.28489
0.896021 1.2525
0.895239 1.22839
0.894102 1.2044
0.898645 1.1885
0.890775 1.15677
0.900929 1.14888
0.898534 1.12527
0.889486 1.09404
0.899088 1.08616
0.895731 1.0629
0.898548 1.04738
0.894583 1.02436
0.896927 1.00897
0.899069 0.993617
0.894237 0.970948
0.902755 0.963034
0.890493 0.933339
0.891713 0.918285
0.899767 0.910395
