-1.05441 1.06687
-1.06587 1.09764
-1.06307 1.11422
-1.06689 1.13813
-1.0636 1.15484
-1.0668 1.179
-1.06302 1.19582
-1.0656 1.2202
-1.06784 1.24472
-1.06972 1.26937
-1.06487 1.28645
-1.07243 1.31905
-1.06701 1.33626
-1.06754 1.36135
-1.07381 1.39447
-1.07355 1.41982
-1.06696 1.43725
-1.07782 1.47892
-1.10548 1.54529
-1.09757 1.56315
-1.10078 1.59746
-1.10347 1.63195
-1.09458 1.64994
-1.14001 1.75171
-1.73792 2.7226
-1.72448 2.75475
-1.70015 2.76984
-1.67053 2.77613
-1.63585 2.77351
-1.59635 2.76184
-1.56703 2.76709
-1.5329 2.7633
-1.50372 2.76791
-1.47459 2.77222
-1.4455 2.77623
-1.41191 2.77103
-1.38298 2.77441
-1.34973 2.76851
-1.32099 2.77126
-1.2923 2.77373
-1.26782 2.785
-1.23512 2.77778
-1.20662 2.77938
-1.17429 2.77149
-1.14983 2.78172
-1.12529 2.79174
-1.11894 2.84808
-1.1224 2.93254
-1.11399 2.98917
-1.11148 3.06467
-1.11439 3.15922
-1.11571 3.25404
-1.11544 3.34913
-1.11973 3.46349
-1.11911 3.56864
-1.11962 3.68361
-1.12384 3.81803
-0.21627 0.986573
-0.207572 0.98844
-0.19492 0.970622
-0.188245 0.982122
-0.177792 0.973905
-0.169206 0.975433
-0.158986 0.967018
-0.150462 0.968381
-0.143375 0.979563
-0.13338 0.970881
-0.127371 0.991855
-0.117443 0.983009
-0.10878 0.984005
-0.10112 0.994874
-0.0932769 1.00568
-0.0852509 1.01643
-0.0792867 1.05703
0.864178 3.78254
0.865079 3.63858
0.865912 3.50461
0.869422 3.3903
0.870988 3.2762
0.870614 3.16235
0.871043 3.05838
0.864063 2.93547
0.872437 2.87034
0.876739 2.79575
0.876721 2.7118
0.881613 2.64705
0.878947 2.5635
0.881534 2.49908
0.883055 2.43481
0.887006 2.38009
0.886488 2.31615
0.888571 2.26171
0.886027 2.19815
0.886254 2.14405
0.889499 2.09933
0.888044 2.04555
0.889776 2.0011
0.894937 1.96588
0.891102 1.9126
0.890702 1.86857
0.885215 1.81571
0.878867 1.76309
0.889823 1.74637
0.895934 1.72073
0.887575 1.66863
0.89269 1.64317
0.892576 1.60901
0.896858 1.58368
0.890755 1.54109
0.894134 1.51596
0.891984 1.48232
0.894544 1.45736
0.896733 1.43247
0.893174 1.39923
0.900009 1.38293
0.901099 1.35828
0.896224 1.32544
0.902189 1.30926
0.896447 1.27671
0.901839 1.26063
0.895239 1.22839
0.900063 1.21243
0.898645 1.1885
0.896876 1.16469
0.894759 1.14101
0.898534 1.12527
0.895794 1.1018
0.899088 1.08616
0.902176 1.07055
0.898548 1.04738
0.894583 1.02436
0.896927 1.00897
0.899069 0.993617
0.901012 0.978303
0.902755 0.963034
0.897396 0.940574
0.905646 0.932633
0.892737 0.903283
