-1.06144 1.07398
-1.05891 1.09047
-1.06307 1.11422
-1.06005 1.13084
-1.0636 1.15484
-1.06009 1.17158
-1.06967 1.20329
-1.0656 1.2202
-1.06133 1.23713
-1.06972 1.26937
-1.06487 1.28645
-1.07243 1.31905
-1.07325 1.34408
-1.06754 1.36135
-1.07381 1.39447
-1.06752 1.41185
-1.06696 1.43725
-1.07782 1.47892
-1.09966 1.53716
-1.09757 1.56315
-1.10078 1.59746
-1.09787 1.62366
-1.09458 1.64994
-1.1291 1.73495
-1.7433 2.73103
-1.71918 2.74628
-1.70015 2.76984
-1.66538 2.76757
-1.63077 2.7649
-1.59635 2.76184
-1.57196 2.7758
-1.53775 2.77204
-1.50372 2.76791
-1.47459 2.77222
-1.44088 2.76736
-1.41645 2.77994
-1.38744 2.78336
-1.35411 2.7775
-1.32099 2.77126
-1.2923 2.77373
-1.26368 2.7759
-1.23512 2.77778
-1.20662 2.77938
-1.17429 2.77149
-1.14601 2.77248
-1.12529 2.79174
-1.11894 2.84808
-1.1224 2.93254
-1.1105 2.9798
-1.11148 3.06467
-1.11439 3.15922
-1.11246 3.24458
-1.11544 3.34913
-1.11666 3.45398
-1.11911 3.56864
-1.12253 3.69317
-1.12384 3.81803
0.861951 3.77279
0.397844 1.67336
0.412567 1.66979
0.424775 1.6564
0.439348 1.6526
0.451233 1.63902
0.460174 1.61575
0.474388 1.61163
0.491473 1.61696
0.505696 1.61257
0.522956 1.61757
0.559303 1.67931
0.596776 1.74053
0.61541 1.74464
0.644391 1.77676
0.743828 1.9959
0.882914 2.30681
0.888571 2.26171
0.889766 2.20742
0.886254 2.14405
0.889499 2.09933
0.892027 2.05472
0.889776 2.0011
0.890794 1.95678
0.895325 1.92166
0.890702 1.86857
0.889597 1.8247
0.883329 1.77204
0.889823 1.74637
0.891316 1.71186
0.892271 1.67745
0.89269 1.64317
0.892576 1.60901
0.89193 1.57498
0.89576 1.54975
0.894134 1.51596
0.89714 1.49089
0.894544 1.45736
0.896733 1.43247
0.893174 1.39923
0.900009 1.38293
0.895571 1.34995
0.896224 1.32544
0.902189 1.30926
0.896447 1.27671
0.901839 1.26063
0.895239 1.22839
0.900063 1.21243
0.898645 1.1885
0.896876 1.16469
0.894759 1.14101
0.892294 1.11746
0.895794 1.1018
0.892711 1.07846
0.902176 1.07055
0.898548 1.04738
0.90116 1.0319
0.890283 1.0015
0.899069 0.993617
0.901012 0.978303
0.889077 0.948442
0.897396 0.940574
0.89868 0.925459
0.899767 0.910395
