-1.06144 1.07398
-1.07284 1.10481
-1.06307 1.11422
-1.06005 1.13084
-1.0636 1.15484
-1.0668 1.179
-1.06302 1.19582
-1.0656 1.2202
-1.06784 1.24472
-1.06972 1.26937
-1.06487 1.28645
-1.06612 1.31129
-0.698858 0.875213
-0.660269 0.841989
-0.640624 0.831926
-0.633272 0.837536
-0.619909 0.835052
-0.61253 0.84048
-0.605103 0.845843
-0.59763 0.85114
-0.59011 0.856371
-0.588145 0.869819
-0.580461 0.874966
-0.578186 0.888426
-0.575719 0.901913
-0.578365 0.923902
-0.575436 0.937483
-1.66538 2.76757
-1.63585 2.77351
-1.60135 2.7705
-1.57196 2.7758
-1.5329 2.7633
-1.50372 2.76791
-1.47459 2.77222
-1.44088 2.76736
-1.41645 2.77994
-1.38298 2.77441
-0.503438 1.05615
-0.451884 0.969897
-0.447467 0.982941
-0.430666 0.96857
-0.422118 0.972325
-0.413537 0.976006
-0.404924 0.97961
-0.39628 0.983139
-0.391262 0.995899
-0.382475 0.999306
-0.37715 1.01201
-0.368222 1.01529
-0.359265 1.01849
-0.353523 1.03108
-0.353907 1.06261
-0.350686 1.08472
-1.11911 3.56864
-1.12253 3.69317
-1.12384 3.81803
0.861951 3.77279
0.865079 3.63858
0.86831 3.51432
0.871906 3.39998
0.873558 3.28586
0.870614 3.16235
0.871043 3.05838
0.864063 2.93547
0.875345 2.87991
0.876739 2.79575
0.873644 2.70229
0.878453 2.63756
0.882191 2.57296
0.881534 2.49908
0.883055 2.43481
0.887006 2.38009
0.886488 2.31615
0.884914 2.2524
0.886027 2.19815
0.890074 2.15329
0.8934 2.10854
0.892027 2.05472
0.893839 2.01024
0.894937 1.96588
0.891102 1.9126
0.890702 1.86857
0.885215 1.81571
0.883329 1.77204
0.894363 1.75528
0.895934 1.72073
0.892271 1.67745
0.897464 1.65196
0.892576 1.60901
0.89193 1.57498
0.89576 1.54975
0.894134 1.51596
0.89714 1.49089
0.899775 1.46588
0.896733 1.43247
0.893174 1.39923
0.900009 1.38293
0.901099 1.35828
0.901825 1.33372
0.896515 1.30102
0.902193 1.28489
0.901839 1.26063
0.895239 1.22839
0.900063 1.21243
0.898645 1.1885
0.902977 1.17262
0.900929 1.14888
0.898534 1.12527
0.889486 1.09404
0.905464 1.09386
0.895731 1.0629
0.905059 1.05497
0.90116 1.0319
0.896927 1.00897
0.89236 0.986202
0.894237 0.970948
0.902755 0.963034
0.897396 0.940574
0.89868 0.925459
0.906796 0.917508
