-1.06144 1.07398
-1.06587 1.09764
-1.06997 1.12146
-1.06689 1.13813
-1.05682 1.14749
-1.0668 1.179
-1.06967 1.20329
-1.0656 1.2202
-1.06784 1.24472
-1.06972 1.26937
-1.07125 1.29415
-1.07243 1.31905
-1.07325 1.34408
-1.06754 1.36135
-1.07381 1.39447
-1.07355 1.41982
-1.06696 1.43725
-1.07782 1.47892
-1.09384 1.52902
-1.09757 1.56315
-1.10078 1.59746
-1.10347 1.63195
-1.10011 1.65827
-1.14001 1.75171
-1.73792 2.7226
-1.71918 2.74628
-1.70015 2.76984
-1.67053 2.77613
-1.63077 2.7649
-1.60135 2.7705
-1.57196 2.7758
-1.53775 2.77204
-1.50372 2.76791
-1.47459 2.77222
-1.4455 2.77623
-1.41191 2.77103
-1.38298 2.77441
-1.34973 2.76851
-1.32099 2.77126
-1.2923 2.77373
-1.26368 2.7759
-1.23512 2.77778
-1.20662 2.77938
-1.17429 2.77149
-1.14983 2.78172
-1.12529 2.79174
-1.11894 2.84808
-1.1224 2.93254
-1.11399 2.98917
-1.11489 3.07407
-1.11439 3.15922
-1.11895 3.2635
-1.11544 3.34913
-1.11973 3.46349
-1.11611 3.5591
-1.12253 3.69317
-1.12102 3.80844
0.864178 3.78254
0.867392 3.64831
0.86831 3.51432
0.869422 3.3903
0.873558 3.28586
0.873268 3.17199
0.873782 3.068
0.864063 2.93547
0.875345 2.87991
0.873747 2.78621
0.876721 2.7118
0.878453 2.63756
0.878947 2.5635
0.881534 2.49908
0.886464 2.44421
0.887006 2.38009
0.882914 2.30681
0.884914 2.2524
0.886027 2.19815
0.890074 2.15329
0.889499 2.09933
0.892027 2.05472
0.885713 1.99196
0.890794 1.95678
0.891102 1.9126
0.890702 1.86857
0.885215 1.81571
0.878867 1.76309
0.889823 1.74637
0.886698 1.70299
0.892271 1.67745
0.89269 1.64317
0.519052 0.935673
0.473068 0.835348
0.475403 0.822491
0.48771 0.826885
0.484662 0.805421
0.491737 0.801121
0.493469 0.788282
0.500393 0.783905
0.501823 0.771086
0.508596 0.766636
0.52093 0.77041
0.527696 0.765792
0.53442 0.761114
0.546922 0.764511
0.547745 0.751582
0.572226 0.770816
0.585024 0.773723
0.628423 0.816078
0.82688 1.05445
0.898534 1.12527
0.895794 1.1018
0.899088 1.08616
0.895731 1.0629
0.898548 1.04738
0.90116 1.0319
0.896927 1.00897
0.899069 0.993617
0.901012 0.978303
0.902755 0.963034
0.890493 0.933339
0.89868 0.925459
0.892737 0.903283
