-1.05441 1.06687
-1.05891 1.09047
-1.05616 1.10699
-1.06005 1.13084
-1.0636 1.15484
-1.0668 1.179
-1.05638 1.18835
-1.0656 1.2202
-1.06784 1.24472
-1.06972 1.26937
-1.06487 1.28645
-1.06612 1.31129
-1.06701 1.33626
-1.07371 1.36922
-1.07381 1.39447
-1.07355 1.41982
-1.06696 1.43725
-1.07193 1.47084
-1.09966 1.53716
-1.09757 1.56315
-1.09511 1.58923
-1.09227 1.61538
-1.10011 1.65827
-1.1291 1.73495
-1.73792 2.7226
-1.71918 2.74628
-1.70015 2.76984
-1.66538 2.76757
-1.63077 2.7649
-1.59635 2.76184
-1.56703 2.76709
-1.53775 2.77204
-1.5085 2.77669
-1.46989 2.76339
-1.4455 2.77623
-1.41191 2.77103
-1.38744 2.78336
-1.34973 2.76851
-1.32529 2.78029
-1.29653 2.78279
-1.26368 2.7759
-1.23512 2.77778
-1.20662 2.77938
-1.17819 2.7807
-1.15365 2.79097
-1.12529 2.79174
-1.11894 2.84808
-1.11883 2.9232
-1.1105 2.9798
-1.10807 3.05527
-1.11439 3.15922
-1.11571 3.25404
-1.11544 3.34913
-1.11666 3.45398
-1.11911 3.56864
-1.11962 3.68361
-1.12102 3.80844
-0.336237 2.16403
-0.31137 2.12733
-0.288537 2.10027
-0.267479 2.0829
-0.24675 2.06531
-0.231845 2.09722
-0.215386 2.11908
-0.197636 2.13085
-0.181367 2.16241
-0.125886 2.1964
-0.106051 2.18743
-0.0859874 2.1683
-0.0662691 2.14898
-0.0466776 2.11949
-0.0278751 2.10982
-0.00937859 2.12998
0.00955901 2.16998
0.864178 3.78254
0.865079 3.63858
0.86831 3.51432
0.869422 3.3903
0.870988 3.2762
0.870614 3.16235
0.871043 3.05838
0.864063 2.93547
0.875345 2.87991
0.873747 2.78621
0.876721 2.7118
0.878453 2.63756
0.878947 2.5635
0.881534 2.49908
0.883055 2.43481
0.883514 2.37072
0.890063 2.32549
0.884914 2.2524
0.886027 2.19815
0.890074 2.15329
0.885598 2.09012
0.888044 2.04555
0.893839 2.01024
0.886651 1.94768
0.891102 1.9126
0.890702 1.86857
0.889597 1.8247
0.878867 1.76309
0.889823 1.74637
0.886698 1.70299
0.892271 1.67745
0.897464 1.65196
0.897427 1.61775
0.896858 1.58368
0.89576 1.54975
0.894134 1.51596
0.89714 1.49089
0.894544 1.45736
0.896733 1.43247
0.893174 1.39923
0.900009 1.38293
0.895571 1.34995
0.901825 1.33372
0.896515 1.30102
0.896447 1.27671
0.896021 1.2525
0.895239 1.22839
0.900063 1.21243
0.898645 1.1885
0.902977 1.17262
0.894759 1.14101
0.904774 1.13309
0.895794 1.1018
0.905464 1.09386
0.902176 1.07055
0.892036 1.03979
0.894583 1.02436
0.896927 1.00897
0.89236 0.986202
0.894237 0.970948
0.902755 0.963034
0.904299 0.947809
0.905646 0.932633
0.899767 0.910395
