-1.06144 1.07398
-1.06587 1.09764
-1.06307 1.11422
-1.06005 1.13084
-1.0636 1.15484
-1.06009 1.17158
-0.896925 1.00897
-0.782758 0.89632
-0.729254 0.850052
-0.715295 0.848795
-0.695038 0.839656
-0.687615 0.845746
-0.673899 0.843955
-0.666439 0.849858
-0.665029 0.863618
-0.657396 0.869442
-0.649713 0.875199
-0.647868 0.888969
-0.640013 0.894641
-0.637855 0.908428
-0.663873 0.963417
-0.767389 1.13491
-1.10011 1.65827
-1.13455 1.74333
-1.7433 2.73103
-1.72448 2.75475
-1.70015 2.76984
-1.67053 2.77613
-1.63585 2.77351
-1.60135 2.7705
-1.56703 2.76709
-1.53775 2.77204
-1.50372 2.76791
-1.47459 2.77222
-1.4455 2.77623
-1.41191 2.77103
-1.38298 2.77441
-1.35411 2.7775
-1.32529 2.78029
-1.2923 2.77373
-1.26368 2.7759
-1.23918 2.78692
-1.2106 2.78856
-1.17819 2.7807
-1.14983 2.78172
-1.12529 2.79174
-1.12259 2.85739
-1.1224 2.93254
-1.11399 2.98917
-1.11148 3.06467
-1.11106 3.14979
-1.11571 3.25404
-1.11544 3.34913
-1.11973 3.46349
-1.1221 3.57818
-1.11962 3.68361
-1.12384 3.81803
0.861951 3.77279
0.865079 3.63858
0.863513 3.4949
0.869422 3.3903
0.870988 3.2762
0.870614 3.16235
0.871043 3.05838
0.866887 2.94506
0.875345 2.87991
0.876739 2.79575
0.876721 2.7118
0.878453 2.63756
0.882191 2.57296
0.881534 2.49908
0.883055 2.43481
0.887006 2.38009
0.886488 2.31615
0.884914 2.2524
0.882288 2.18887
0.886254 2.14405
0.889499 2.09933
0.892027 2.05472
0.893839 2.01024
0.894937 1.96588
0.895325 1.92166
0.890702 1.86857
0.885215 1.81571
0.883329 1.77204
0.894363 1.75528
0.891316 1.71186
0.887575 1.66863
0.89269 1.64317
0.892576 1.60901
0.89193 1.57498
0.890755 1.54109
0.894134 1.51596
0.89714 1.49089
0.899775 1.46588
0.896733 1.43247
0.893174 1.39923
0.900009 1.38293
0.901099 1.35828
0.896224 1.32544
0.902189 1.30926
0.896447 1.27671
0.896021 1.2525
0.901128 1.23647
0.906024 1.22046
0.898645 1.1885
0.896876 1.16469
0.900929 1.14888
0.892294 1.11746
0.895794 1.1018
0.899088 1.08616
0.902176 1.07055
0.898548 1.04738
0.90116 1.0319
0.903571 1.01644
0.899069 0.993617
0.894237 0.970948
0.895916 0.955738
0.897396 0.940574
0.89868 0.925459
0.899767 0.910395
