-1.06144 1.07398
-1.05891 1.09047
-1.06307 1.11422
-1.06005 1.13084
-1.05682 1.14749
-1.06009 1.17158
-1.06302 1.19582
-1.0656 1.2202
-1.07435 1.25231
-1.06972 1.26937
-1.06487 1.28645
-1.07243 1.31905
-1.07325 1.34408
-1.06754 1.36135
-1.06771 1.38654
-1.07355 1.41982
-1.07292 1.44528
-1.07782 1.47892
-1.09384 1.52902
-1.09757 1.56315
-1.10078 1.59746
-1.09787 1.62366
-1.10011 1.65827
-1.1291 1.73495
-1.73792 2.7226
-1.71918 2.74628
-1.70015 2.76984
-1.66538 2.76757
-1.63585 2.77351
-1.60135 2.7705
-1.56703 2.76709
-1.5329 2.7633
-1.5085 2.77669
-1.47459 2.77222
-1.4455 2.77623
-1.41645 2.77994
-1.37852 2.76546
-1.34973 2.76851
-0.391563 0.821449
-0.380089 0.815801
-0.368746 0.810016
-0.357534 0.804095
-0.342473 0.788868
-0.335511 0.791854
-0.328524 0.794778
-0.317772 0.788366
-0.310816 0.791134
-0.30741 0.803181
-0.293339 0.787116
-0.286395 0.78967
-0.279428 0.792162
-0.269196 0.785133
-0.26227 0.787473
-0.2584 0.799268
-0.254343 0.811055
-0.250097 0.822831
-0.248487 0.844188
0.0295918 0.959544
0.0364573 0.919277
0.0440687 0.908932
0.0503563 0.878558
0.0580927 0.87808
0.0658247 0.877535
0.0735515 0.876921
0.0812727 0.876239
0.0899987 0.885438
0.0966954 0.874671
0.105582 0.883715
0.113362 0.882751
0.121133 0.881718
0.128894 0.880617
0.138181 0.889329
0.146009 0.888077
0.153826 0.886757
0.165222 0.905042
0.176953 0.923194
0.187046 0.931404
0.864178 3.78254
0.867392 3.64831
0.86831 3.51432
0.871906 3.39998
0.873558 3.28586
0.870614 3.16235
0.871043 3.05838
0.864063 2.93547
0.875345 2.87991
0.876739 2.79575
0.876721 2.7118
0.878453 2.63756
0.882191 2.57296
0.881534 2.49908
0.883055 2.43481
0.883514 2.37072
0.886488 2.31615
0.884914 2.2524
0.889766 2.20742
0.886254 2.14405
0.889499 2.09933
0.892027 2.05472
0.893839 2.01024
0.886651 1.94768
0.891102 1.9126
0.890702 1.86857
0.885215 1.81571
0.883329 1.77204
0.894363 1.75528
0.891316 1.71186
0.887575 1.66863
0.89269 1.64317
0.892576 1.60901
0.896858 1.58368
0.89576 1.54975
0.899215 1.52457
0.902296 1.49945
0.899775 1.46588
0.896733 1.43247
0.893174 1.39923
0.8891 1.36616
0.895571 1.34995
0.901825 1.33372
0.896515 1.30102
0.896447 1.27671
0.896021 1.2525
0.901128 1.23647
0.894102 1.2044
0.898645 1.1885
0.896876 1.16469
0.894759 1.14101
0.898534 1.12527
0.895794 1.1018
0.892711 1.07846
0.895731 1.0629
0.892036 1.03979
0.90116 1.0319
0.896927 1.00897
0.899069 0.993617
0.894237 0.970948
0.895916 0.955738
0.904299 0.947809
0.905646 0.932633
0.906796 0.917508
