-1.06144 1.07398
-1.05194 1.08329
-1.05616 1.10699
-1.06005 1.13084
-1.0636 1.15484
-1.06009 1.17158
-1.05638 1.18835
-1.0656 1.2202
-1.06133 1.23713
-1.06972 1.26937
-1.06487 1.28645
-1.06612 1.31129
-1.06701 1.33626
-1.06754 1.36135
-1.07381 1.39447
-1.06752 1.41185
-1.06696 1.43725
-1.07782 1.47892
-1.09966 1.53716
-1.09182 1.55497
-1.10078 1.59746
-1.09227 1.61538
-1.10011 1.65827
-1.1291 1.73495
-1.73792 2.7226
-1.71918 2.74628
-1.70015 2.76984
-1.66538 2.76757
-1.63077 2.7649
-1.59635 2.76184
-1.56703 2.76709
-1.5329 2.7633
-1.50372 2.76791
-1.46989 2.76339
-1.4455 2.77623
-1.41191 2.77103
-1.37852 2.76546
-1.35411 2.7775
-1.32529 2.78029
-1.2923 2.77373
-1.25954 2.7668
-1.23918 2.78692
-1.20264 2.77021
-1.17819 2.7807
-1.14983 2.78172
-1.12155 2.78247
-1.11894 2.84808
-1.12598 2.94188
-1.11399 2.98917
-1.11148 3.06467
-1.11439 3.15922
-1.11571 3.25404
-1.1186 3.35862
-1.11666 3.45398
-1.11911 3.56864
-1.11962 3.68361
-1.12102 3.80844
-0.333166 2.14427
-0.308473 2.10754
-0.285815 2.08046
-0.264932 2.06306
-0.24675 2.06531
-0.229648 2.07734
-0.215386 2.11908
-0.19856 2.14081
-0.182203 2.17237
-0.125886 2.1964
-0.105567 2.17744
-0.0859874 2.1683
-0.0662691 2.14898
-0.0466776 2.11949
-0.0278751 2.10982
-0.00937859 2.12998
0.00951496 2.15998
0.0293327 2.21981
0.861951 3.77279
0.865079 3.63858
0.86831 3.51432
0.869422 3.3903
0.870988 3.2762
0.873268 3.17199
0.871043 3.05838
0.864063 2.93547
0.875345 2.87991
0.876739 2.79575
0.879797 2.72132
0.881613 2.64705
0.878947 2.5635
0.881534 2.49908
0.886464 2.44421
0.883514 2.37072
0.886488 2.31615
0.888571 2.26171
0.886027 2.19815
0.886254 2.14405
0.885598 2.09012
0.892027 2.05472
0.889776 2.0011
0.890794 1.95678
0.891102 1.9126
0.890702 1.86857
0.889597 1.8247
0.883329 1.77204
0.889823 1.74637
0.891316 1.71186
0.892271 1.67745
0.89269 1.64317
0.892576 1.60901
0.896858 1.58368
0.89576 1.54975
0.894134 1.51596
0.89714 1.49089
0.899775 1.46588
0.891427 1.42399
0.898555 1.40766
0.894555 1.37454
0.895571 1.34995
0.896224 1.32544
0.896515 1.30102
0.896447 1.27671
0.896021 1.2525
0.895239 1.22839
0.894102 1.2044
0.892614 1.18053
0.896876 1.16469
0.900929 1.14888
0.892294 1.11746
0.895794 1.1018
0.899088 1.08616
0.895731 1.0629
0.898548 1.04738
0.888005 1.01683
0.896927 1.00897
0.899069 0.993617
0.901012 0.978303
0.895916 0.955738
0.897396 0.940574
0.89868 0.925459
0.899767 0.910395
