-1.06144 1.07398
-1.05891 1.09047
-1.06997 1.12146
-1.05321 1.12354
-1.0636 1.15484
-1.06009 1.17158
-1.06302 1.19582
-1.0656 1.2202
-1.06784 1.24472
-1.06328 1.26172
-1.07763 1.30185
-1.06612 1.31129
-1.07325 1.34408
-1.07371 1.36922
-1.06771 1.38654
-1.07958 1.4278
-1.06696 1.43725
-1.07782 1.47892
-1.09384 1.52902
-1.09182 1.55497
-1.09511 1.58923
-1.09787 1.62366
-1.10011 1.65827
-1.13455 1.74333
-1.73792 2.7226
-1.71918 2.74628
-1.69492 2.76131
-1.66538 2.76757
-1.63077 2.7649
-1.59134 2.75318
-1.56703 2.76709
-1.5329 2.7633
-1.5085 2.77669
-1.46989 2.76339
-1.44088 2.76736
-1.41645 2.77994
-1.38298 2.77441
-1.35411 2.7775
-1.32099 2.77126
-1.2923 2.77373
-1.26368 2.7759
-1.23512 2.77778
-1.20662 2.77938
-1.17819 2.7807
-1.14983 2.78172
-1.12155 2.78247
-1.11894 2.84808
-1.12598 2.94188
-1.1105 2.9798
-1.10807 3.05527
-1.11439 3.15922
-1.11571 3.25404
-1.11544 3.34913
-1.11666 3.45398
-1.11911 3.56864
-1.11962 3.68361
-1.12102 3.80844
-0.138293 3.48726
-0.106647 3.45836
-0.0759612 3.44916
-0.0454456 3.4397
-0.0151907 3.44997
0.0153297 3.47997
0.0739862 3.35919
0.102647 3.32842
0.131563 3.31739
0.160778 3.3161
0.190553 3.32454
0.220488 3.33271
0.861951 3.77279
0.865079 3.63858
0.86831 3.51432
0.869422 3.3903
0.870988 3.2762
0.873268 3.17199
0.868304 3.04876
0.861239 2.92588
0.872437 2.87034
0.873747 2.78621
0.876721 2.7118
0.881613 2.64705
0.882191 2.57296
0.878207 2.48965
0.883055 2.43481
0.883514 2.37072
0.886488 2.31615
0.884914 2.2524
0.886027 2.19815
0.886254 2.14405
0.885598 2.09012
0.888044 2.04555
0.889776 2.0011
0.890794 1.95678
0.886879 1.90354
0.890702 1.86857
0.885215 1.81571
0.878867 1.76309
0.889823 1.74637
0.891316 1.71186
0.896967 1.68628
0.887916 1.63438
0.892576 1.60901
0.89193 1.57498
0.89576 1.54975
0.894134 1.51596
0.89714 1.49089
0.894544 1.45736
0.896733 1.43247
0.893174 1.39923
0.894555 1.37454
0.895571 1.34995
0.896224 1.32544
0.902189 1.30926
0.896447 1.27671
0.896021 1.2525
0.895239 1.22839
0.894102 1.2044
0.898645 1.1885
0.896876 1.16469
0.894759 1.14101
0.892294 1.11746
0.895794 1.1018
0.899088 1.08616
0.895731 1.0629
0.892036 1.03979
0.894583 1.02436
0.890283 1.0015
0.89236 0.986202
0.901012 0.978303
0.895916 0.955738
0.897396 0.940574
0.89868 0.925459
0.892737 0.903283
