-1.05441 1.06687
-1.06587 1.09764
-1.06307 1.11422
-1.06005 1.13084
-1.0636 1.15484
-1.06009 1.17158
-1.06967 1.20329
-1.07218 1.22773
-1.06784 1.24472
-1.06972 1.26937
-1.06487 1.28645
-1.06612 1.31129
-1.07325 1.34408
-1.07371 1.36922
-1.07381 1.39447
-1.06752 1.41185
-1.06696 1.43725
-1.07782 1.47892
-1.09384 1.52902
-1.09757 1.56315
-1.09511 1.58923
-1.09787 1.62366
-1.09458 1.64994
-1.14001 1.75171
-1.73792 2.7226
-1.71918 2.74628
-1.70015 2.76984
-1.67053 2.77613
-1.63585 2.77351
-1.60135 2.7705
-1.56703 2.76709
-1.5329 2.7633
-1.50372 2.76791
-1.47459 2.77222
-1.44088 2.76736
-1.41191 2.77103
-1.37852 2.76546
-1.34973 2.76851
-1.32099 2.77126
-1.2923 2.77373
-1.26368 2.7759
-1.23512 2.77778
-1.20662 2.77938
-1.18209 2.7899
-1.14983 2.78172
-1.12155 2.78247
-1.11894 2.84808
-1.1224 2.93254
-1.11399 2.98917
-1.11148 3.06467
-1.11439 3.15922
-1.11571 3.25404
-1.1186 3.35862
-1.11973 3.46349
-1.11911 3.56864
-1.11962 3.68361
-1.12384 3.81803
-0.072714 0.866956
-0.063579 0.847619
-0.0561106 0.848146
-0.0480657 0.838624
-0.0406771 0.839015
-0.0328892 0.829348
-0.0255829 0.829606
-0.0180545 0.819801
-0.010833 0.819928
-0.00356651 0.809992
0.00356811 0.809992
0.0107025 0.809929
0.0180562 0.819801
0.0252763 0.81961
0.0324946 0.819356
0.0401945 0.829026
0.0474951 0.82864
0.054792 0.828189
0.0628326 0.837647
0.0710441 0.847026
0.0794256 0.856324
0.0879763 0.86554
0.0966954 0.874671
0.136289 1.06128
0.144271 1.05014
0.153515 1.04882
0.162747 1.04743
0.170344 1.03609
0.179463 1.03455
0.184977 1.01325
0.195777 1.02141
0.204766 1.01964
0.211684 1.00801
0.222696 1.01588
0.233863 1.02363
0.247496 1.04098
0.261453 1.05818
0.273247 1.06552
0.280052 1.05341
0.873268 3.17199
0.871043 3.05838
0.864063 2.93547
0.875345 2.87991
0.876739 2.79575
0.879797 2.72132
0.878453 2.63756
0.882191 2.57296
0.881534 2.49908
0.883055 2.43481
0.883514 2.37072
0.882914 2.30681
0.884914 2.2524
0.882288 2.18887
0.886254 2.14405
0.8934 2.10854
0.888044 2.04555
0.889776 2.0011
0.890794 1.95678
0.891102 1.9126
0.890702 1.86857
0.885215 1.81571
0.878867 1.76309
0.898903 1.76419
0.886698 1.70299
0.892271 1.67745
0.887916 1.63438
0.892576 1.60901
0.89193 1.57498
0.890755 1.54109
0.889054 1.50734
0.89714 1.49089
0.889312 1.44884
0.896733 1.43247
0.893174 1.39923
0.894555 1.37454
0.895571 1.34995
0.901825 1.33372
0.896515 1.30102
0.896447 1.27671
0.896021 1.2525
0.901128 1.23647
0.888142 1.19637
0.898645 1.1885
0.896876 1.16469
0.894759 1.14101
0.898534 1.12527
0.895794 1.1018
0.899088 1.08616
0.895731 1.0629
0.898548 1.04738
0.907738 1.03943
0.896927 1.00897
0.899069 0.993617
0.894237 0.970948
0.895916 0.955738
0.897396 0.940574
0.891713 0.918285
0.892737 0.903283
