-1.06144 1.07398
-1.06587 1.09764
-1.05616 1.10699
-1.06005 1.13084
-1.0636 1.15484
-1.0668 1.179
-1.06967 1.20329
-1.07218 1.22773
-1.06133 1.23713
-1.06972 1.26937
-1.06487 1.28645
-1.07243 1.31905
-1.07325 1.34408
-1.07371 1.36922
-1.07381 1.39447
-1.07355 1.41982
-1.07292 1.44528
-1.08371 1.487
-1.09966 1.53716
-1.10332 1.57133
-1.09511 1.58923
-1.09787 1.62366
-1.09458 1.64994
-1.14546 1.76009
-1.73792 2.7226
-1.71918 2.74628
-1.70015 2.76984
-1.66538 2.76757
-1.63585 2.77351
-1.60636 2.77916
-1.57196 2.7758
-1.53775 2.77204
-1.5085 2.77669
-1.47459 2.77222
-1.44088 2.76736
-1.41191 2.77103
-1.38298 2.77441
-1.35411 2.7775
-1.32529 2.78029
-1.29653 2.78279
-1.26782 2.785
-1.23918 2.78692
-1.2106 2.78856
-1.17819 2.7807
-1.15365 2.79097
-1.12529 2.79174
-1.11894 2.84808
-1.12598 2.94188
-1.11399 2.98917
-1.11148 3.06467
-1.11106 3.14979
-1.11246 3.24458
-1.1186 3.35862
-1.11973 3.46349
-1.11911 3.56864
-1.12253 3.69317
-1.12384 3.81803
-0.251623 2.27613
-0.229543 2.25836
-0.206871 2.23043
-0.187218 2.23216
-0.167549 2.23372
-0.147868 2.23511
-0.129892 2.26628
-0.113315 2.33725
-0.100253 2.52801
-0.0773653 2.50881
-0.0548241 2.4894
-0.0328952 2.48978
-0.0110518 2.50998
0.0111889 2.53998
0.0339572 2.56978
0.861951 3.77279
0.865079 3.63858
0.86831 3.51432
0.869422 3.3903
0.870988 3.2762
0.870614 3.16235
0.871043 3.05838
0.866887 2.94506
0.875345 2.87991
0.879731 2.80529
0.876721 2.7118
0.878453 2.63756
0.882191 2.57296
0.88486 2.50851
0.883055 2.43481
0.883514 2.37072
0.882914 2.30681
0.888571 2.26171
0.886027 2.19815
0.890074 2.15329
0.889499 2.09933
0.888044 2.04555
0.893839 2.01024
0.890794 1.95678
0.891102 1.9126
0.895005 1.8776
0.885215 1.81571
0.883329 1.77204
0.894363 1.75528
0.891316 1.71186
0.892271 1.67745
0.897464 1.65196
0.892576 1.60901
0.89193 1.57498
0.890755 1.54109
0.894134 1.51596
0.891984 1.48232
0.894544 1.45736
0.896733 1.43247
0.898555 1.40766
0.894555 1.37454
0.895571 1.34995
0.901825 1.33372
0.902189 1.30926
0.896447 1.27671
0.896021 1.2525
0.901128 1.23647
0.894102 1.2044
0.898645 1.1885
0.902977 1.17262
0.894759 1.14101
0.892294 1.11746
0.895794 1.1018
0.905464 1.09386
0.902176 1.07055
0.892036 1.03979
0.90116 1.0319
0.896927 1.00897
0.899069 0.993617
0.901012 0.978303
0.909594 0.970329
0.890493 0.933339
0.905646 0.932633
0.906796 0.917508
