-0.379588 0.384074
-0.376191 0.387402
-0.372764 0.390701
-0.369308 0.393969
-0.372598 0.404562
-0.362311 0.400413
-0.365414 0.411063
-0.361779 0.414266
-0.358116 0.417436
-0.354425 0.420574
-0.357084 0.431383
-0.35327 0.434512
-0.355669 0.445421
-0.351732 0.448536
-0.347767 0.451617
-0.349807 0.462639
-0.369561 0.49782
-0.41228 0.565708
-0.453828 0.634382
-0.482701 0.687459
-1.08943 1.58099
-1.09787 1.62366
-1.10011 1.65827
-1.13455 1.74333
-1.73792 2.7226
-1.71918 2.74628
-1.68969 2.75279
-1.66022 2.759
-1.63077 2.7649
-1.60135 2.7705
-1.57196 2.7758
-1.53775 2.77204
-1.49895 2.75912
-1.47459 2.77222
-1.44088 2.76736
-1.41645 2.77994
-1.38298 2.77441
-1.35411 2.7775
-1.32099 2.77126
-1.2923 2.77373
-1.26368 2.7759
-1.23512 2.77778
-1.2106 2.78856
-1.18209 2.7899
-1.14983 2.78172
-1.12155 2.78247
-1.11894 2.84808
-1.1224 2.93254
-1.11399 2.98917
-1.11148 3.06467
-1.11106 3.14979
-1.11571 3.25404
-1.11544 3.34913
-1.11666 3.45398
-1.11911 3.56864
-1.11962 3.68361
-1.12102 3.80844
0.864178 3.78254
0.865079 3.63858
0.86831 3.51432
0.871906 3.39998
0.870988 3.2762
0.873268 3.17199
0.871043 3.05838
0.866887 2.94506
0.872437 2.87034
0.876739 2.79575
0.879797 2.72132
0.878453 2.63756
0.882191 2.57296
0.878207 2.48965
0.886464 2.44421
0.883514 2.37072
0.882914 2.30681
0.888571 2.26171
0.886027 2.19815
0.886254 2.14405
0.889499 2.09933
0.888044 2.04555
0.885713 1.99196
0.890794 1.95678
0.891102 1.9126
0.890702 1.86857
0.885215 1.81571
0.883329 1.77204
0.894363 1.75528
0.891316 1.71186
0.892271 1.67745
0.887916 1.63438
0.892576 1.60901
0.896858 1.58368
0.89576 1.54975
0.899215 1.52457
0.891984 1.48232
0.894544 1.45736
0.896733 1.43247
0.898555 1.40766
0.894555 1.37454
0.895571 1.34995
0.901825 1.33372
0.896515 1.30102
0.896447 1.27671
0.901839 1.26063
0.895239 1.22839
0.894102 1.2044
0.898645 1.1885
0.896876 1.16469
0.900929 1.14888
0.898534 1.12527
0.895794 1.1018
0.899088 1.08616
0.895731 1.0629
0.892036 1.03979
0.894583 1.02436
0.896927 1.00897
0.89236 0.986202
0.894237 0.970948
0.902755 0.963034
0.897396 0.940574
0.89868 0.925459
0.899767 0.910395
