-1.06144 1.07398
-1.06587 1.09764
-1.06307 1.11422
-1.06005 1.13084
-1.07037 1.1622
-1.0668 1.179
-1.06302 1.19582
-1.0656 1.2202
-1.06133 1.23713
-1.06972 1.26937
-1.07125 1.29415
-1.07243 1.31905
-1.06701 1.33626
-1.06754 1.36135
-1.06771 1.38654
-1.06752 1.41185
-1.06696 1.43725
-1.07782 1.47892
-1.09966 1.53716
-1.09757 1.56315
-1.10646 1.6057
-1.09787 1.62366
-1.10011 1.65827
-1.13455 1.74333
-1.73254 2.71417
-1.71918 2.74628
-1.69492 2.76131
-1.66538 2.76757
-1.63077 2.7649
-1.60135 2.7705
-1.56703 2.76709
-1.53775 2.77204
-1.5085 2.77669
-1.47929 2.78105
-1.4455 2.77623
-1.41191 2.77103
-1.38298 2.77441
-1.34973 2.76851
-1.32959 2.78932
-1.2923 2.77373
-1.26368 2.7759
-1.23512 2.77778
-1.20662 2.77938
-1.17429 2.77149
-1.14983 2.78172
-1.12529 2.79174
-1.12259 2.85739
-1.1224 2.93254
-1.11399 2.98917
-1.10807 3.05527
-1.11439 3.15922
-1.11246 3.24458
-1.1186 3.35862
-1.11666 3.45398
-1.11911 3.56864
-1.12253 3.69317
-1.12384 3.81803
-0.0480657 0.838624
-0.0401929 0.829026
-0.0328892 0.829348
-0.0252747 0.81961
-0.0178344 0.809804
-0.0107008 0.809929
-0.00352248 0.799992
0.00348001 0.789992
0.0103061 0.779932
0.0176158 0.799806
0.0243516 0.789625
0.0313057 0.789379
0.0377732 0.779085
0.0452062 0.788706
0.0521514 0.788277
0.0598406 0.797759
0.0660292 0.787236
0.0738842 0.796581
0.0808977 0.795899
0.0890037 0.805095
0.097278 0.814209
0.108267 0.843077
0.864178 3.78254
0.231304 0.972881
0.235067 0.95139
0.243438 0.949283
0.249221 0.937437
0.257468 0.935206
0.262956 0.923284
0.271079 0.920932
0.276272 0.908941
0.284267 0.906472
0.29224 0.903933
0.300191 0.901324
0.308118 0.898645
0.316022 0.895896
0.3239 0.893078
0.335246 0.899561
0.343157 0.896573
0.35104 0.893516
0.358897 0.890389
0.370546 0.896435
0.382329 0.902344
0.398226 0.917287
0.438794 0.986844
0.886651 1.94768
0.891102 1.9126
0.890702 1.86857
0.889597 1.8247
0.878867 1.76309
0.894363 1.75528
0.895934 1.72073
0.892271 1.67745
0.89269 1.64317
0.887725 1.60026
0.89193 1.57498
0.89576 1.54975
0.894134 1.51596
0.891984 1.48232
0.894544 1.45736
0.891427 1.42399
0.898555 1.40766
0.894555 1.37454
0.895571 1.34995
0.896224 1.32544
0.890841 1.29279
0.896447 1.27671
0.901839 1.26063
0.901128 1.23647
0.900063 1.21243
0.892614 1.18053
0.896876 1.16469
0.900929 1.14888
0.898534 1.12527
0.902102 1.10955
0.899088 1.08616
0.902176 1.07055
0.898548 1.04738
0.894583 1.02436
0.896927 1.00897
0.89236 0.986202
0.901012 0.978303
0.895916 0.955738
0.897396 0.940574
0.89868 0.925459
0.899767 0.910395
