-0.60453 0.611673
-0.592152 0.6098
-0.586758 0.614992
-0.594996 0.634728
-0.596157 0.6473
-0.664236 0.734091
-0.823842 0.92676
-0.809069 0.926449
-0.800878 0.933539
-0.792624 0.940557
-0.784309 0.947502
-0.775932 0.954374
-0.767496 0.961171
-0.765171 0.975763
-0.762648 0.990388
-0.759926 1.00504
-0.762965 1.02776
-0.771552 1.05868
-0.832017 1.16303
-1.10332 1.57133
-1.10078 1.59746
-1.09787 1.62366
-1.09458 1.64994
-1.14001 1.75171
-1.73792 2.7226
-1.72448 2.75475
-1.69492 2.76131
-1.66022 2.759
-1.63077 2.7649
-1.59635 2.76184
-1.56703 2.76709
-1.5329 2.7633
-1.50372 2.76791
-1.47459 2.77222
-1.4455 2.77623
-1.41191 2.77103
-1.38298 2.77441
-1.35411 2.7775
-1.32529 2.78029
-1.29653 2.78279
-1.27197 2.7941
-1.23512 2.77778
-1.2106 2.78856
-1.17819 2.7807
-1.14983 2.78172
-1.12529 2.79174
-1.11894 2.84808
-1.1224 2.93254
-1.11399 2.98917
-1.11148 3.06467
-1.11439 3.15922
-1.11246 3.24458
-1.12176 3.36811
-1.11666 3.45398
-1.11911 3.56864
-1.12253 3.69317
-1.12384 3.81803
0.856523 3.90722
0.864178 3.78254
0.862766 3.62885
0.86831 3.51432
0.869422 3.3903
0.873558 3.28586
0.870614 3.16235
0.871043 3.05838
0.864063 2.93547
0.875345 2.87991
0.876739 2.79575
0.873644 2.70229
0.878453 2.63756
0.878947 2.5635
0.881534 2.49908
0.886464 2.44421
0.880021 2.36135
0.886488 2.31615
0.884914 2.2524
0.889766 2.20742
0.890074 2.15329
0.889499 2.09933
0.888044 2.04555
0.893839 2.01024
0.890794 1.95678
0.891102 1.9126
0.890702 1.86857
0.889597 1.8247
0.878867 1.76309
0.889823 1.74637
0.891316 1.71186
0.887575 1.66863
0.89269 1.64317
0.897427 1.61775
0.89193 1.57498
0.890755 1.54109
0.899215 1.52457
0.89714 1.49089
0.899775 1.46588
0.896733 1.43247
0.898555 1.40766
0.900009 1.38293
0.901099 1.35828
0.896224 1.32544
0.902189 1.30926
0.902193 1.28489
0.896021 1.2525
0.895239 1.22839
0.900063 1.21243
0.892614 1.18053
0.909079 1.18054
0.900929 1.14888
0.898534 1.12527
0.895794 1.1018
0.899088 1.08616
0.895731 1.0629
0.898548 1.04738
0.868271 0.994236
0.704254 0.792229
0.664238 0.73409
0.670678 0.728211
0.677066 0.722275
0.676499 0.709048
0.675751 0.695888
0.681855 0.689909
