-1.05441 1.06687
-1.05891 1.09047
-1.05616 1.10699
-1.06689 1.13813
-1.0636 1.15484
-1.06009 1.17158
-1.05638 1.18835
-1.07218 1.22773
-1.06784 1.24472
-1.06972 1.26937
-1.06487 1.28645
-1.06612 1.31129
-1.06701 1.33626
-1.06754 1.36135
-1.07381 1.39447
-1.06148 1.40387
-1.07292 1.44528
-1.07782 1.47892
-1.09966 1.53716
-1.09182 1.55497
-1.10078 1.59746
-1.09227 1.61538
-1.10011 1.65827
-1.13455 1.74333
-1.73254 2.71417
-1.71387 2.7378
-1.69492 2.76131
-1.66022 2.759
-1.63077 2.7649
-1.60135 2.7705
-1.56703 2.76709
-1.5329 2.7633
-1.49895 2.75912
-1.46989 2.76339
-1.4455 2.77623
-1.40737 2.76212
-1.37852 2.76546
-1.34973 2.76851
-1.32099 2.77126
-1.28808 2.76466
-1.26368 2.7759
-1.23512 2.77778
-1.20264 2.77021
-1.17819 2.7807
-1.14601 2.77248
-1.12529 2.79174
-1.11894 2.84808
-1.1224 2.93254
-1.1105 2.9798
-1.11148 3.06467
-1.11439 3.15922
-1.11571 3.25404
-1.1186 3.35862
-1.11666 3.45398
-1.11911 3.56864
-1.11962 3.68361
-1.12384 3.81803
-0.448027 2.13346
-0.427249 2.12752
-0.40661 2.12138
-0.387909 2.12488
-0.367469 2.11836
-0.350418 2.13139
-0.333166 2.14427
-0.321508 2.1966
-0.319841 2.32813
-0.313333 2.43996
-0.294202 2.46249
0.861951 3.77279
0.865079 3.63858
0.86831 3.51432
0.869422 3.3903
0.870988 3.2762
0.870614 3.16235
0.873782 3.068
0.864063 2.93547
0.872437 2.87034
0.873747 2.78621
0.876721 2.7118
0.878453 2.63756
0.882191 2.57296
0.881534 2.49908
0.883055 2.43481
0.883514 2.37072
0.886488 2.31615
0.881258 2.2431
0.882288 2.18887
0.886254 2.14405
0.889499 2.09933
0.888044 2.04555
0.889776 2.0011
0.890794 1.95678
0.891102 1.9126
0.890702 1.86857
0.885215 1.81571
0.878867 1.76309
0.889823 1.74637
0.891316 1.71186
0.887575 1.66863
0.89269 1.64317
0.892576 1.60901
0.89193 1.57498
0.89576 1.54975
0.899215 1.52457
0.89714 1.49089
0.894544 1.45736
0.896733 1.43247
0.893174 1.39923
0.894555 1.37454
0.895571 1.34995
0.896224 1.32544
0.896515 1.30102
0.902193 1.28489
0.896021 1.2525
0.895239 1.22839
0.900063 1.21243
0.892614 1.18053
0.896876 1.16469
0.894759 1.14101
0.898534 1.12527
0.889486 1.09404
0.899088 1.08616
0.895731 1.0629
0.892036 1.03979
0.894583 1.02436
0.896927 1.00897
0.899069 0.993617
0.901012 0.978303
0.895916 0.955738
0.897396 0.940574
0.89868 0.925459
0.899767 0.910395
