-1.06144 1.07398
-1.05194 1.08329
-1.05616 1.10699
-1.06689 1.13813
-1.0636 1.15484
-1.05339 1.16416
-1.06302 1.19582
-1.0656 1.2202
-1.06784 1.24472
-1.06328 1.26172
-1.06487 1.28645
-1.06612 1.31129
-1.06701 1.33626
-1.06137 1.35348
-1.06771 1.38654
-1.07355 1.41982
-1.06696 1.43725
-1.07782 1.47892
-1.09966 1.53716
-1.09757 1.56315
-1.09511 1.58923
-1.09787 1.62366
-1.10011 1.65827
-1.13455 1.74333
-1.73254 2.71417
-1.71387 2.7378
-1.70015 2.76984
-1.66538 2.76757
-1.62569 2.75629
-1.60135 2.7705
-1.56703 2.76709
-1.5329 2.7633
-1.5085 2.77669
-1.47459 2.77222
-1.44088 2.76736
-1.41191 2.77103
-1.38298 2.77441
-1.34973 2.76851
-1.32529 2.78029
-1.2923 2.77373
-0.733348 1.61093
-0.654124 1.47113
-0.629195 1.44932
-0.612503 1.44559
-0.599746 1.45093
-0.586943 1.45616
-0.574095 1.46127
-0.564776 1.47561
-0.558741 1.49927
-0.576199 1.58874
-0.552203 1.56546
-1.11571 3.25404
-1.11544 3.34913
-0.54141 1.67466
-0.511677 1.63165
-0.488561 1.60739
-0.465913 1.58285
-0.451953 1.5869
-0.437958 1.59082
-0.423929 1.59461
-0.409867 1.59828
-0.398172 1.61154
-0.388588 1.63444
-0.380859 1.66705
0.864178 3.78254
0.865079 3.63858
0.86831 3.51432
0.869422 3.3903
0.868419 3.26653
0.870614 3.16235
0.873782 3.068
0.861239 2.92588
0.872437 2.87034
0.876739 2.79575
0.873644 2.70229
0.875293 2.62807
0.882191 2.57296
0.881534 2.49908
0.879645 2.42541
0.883514 2.37072
0.882914 2.30681
0.884914 2.2524
0.886027 2.19815
0.886254 2.14405
0.889499 2.09933
0.888044 2.04555
0.889776 2.0011
0.890794 1.95678
0.886879 1.90354
0.890702 1.86857
0.885215 1.81571
0.878867 1.76309
0.889823 1.74637
0.886698 1.70299
0.887575 1.66863
0.89269 1.64317
0.892576 1.60901
0.89193 1.57498
0.890755 1.54109
0.894134 1.51596
0.891984 1.48232
0.894544 1.45736
0.891427 1.42399
0.898555 1.40766
0.900009 1.38293
0.895571 1.34995
0.896224 1.32544
0.896515 1.30102
0.8907 1.26852
0.896021 1.2525
0.895239 1.22839
0.894102 1.2044
0.886583 1.17255
0.896876 1.16469
0.894759 1.14101
0.898534 1.12527
0.895794 1.1018
0.892711 1.07846
0.895731 1.0629
0.892036 1.03979
0.894583 1.02436
0.896927 1.00897
0.89236 0.986202
0.901012 0.978303
0.895916 0.955738
0.897396 0.940574
0.89868 0.925459
0.892737 0.903283
