-1.04738 1.05976
-1.06587 1.09764
-1.05616 1.10699
-1.06005 1.13084
-1.0636 1.15484
-1.07351 1.18641
-1.06967 1.20329
-1.0656 1.2202
-1.06784 1.24472
-1.06972 1.26937
-1.07125 1.29415
-1.06612 1.31129
-1.07325 1.34408
-1.07371 1.36922
-1.07381 1.39447
-1.07355 1.41982
-1.07292 1.44528
-1.07782 1.47892
-1.09384 1.52902
-1.09757 1.56315
-1.10078 1.59746
-1.10347 1.63195
-1.09458 1.64994
-1.14546 1.76009
-1.73792 2.7226
-1.71918 2.74628
-1.69492 2.76131
-1.66538 2.76757
-1.63077 2.7649
-1.60135 2.7705
-1.57196 2.7758
-1.5329 2.7633
-1.5085 2.77669
-1.46989 2.76339
-1.43626 2.75849
-1.41191 2.77103
-1.38298 2.77441
-1.35411 2.7775
-1.32529 2.78029
-1.2923 2.77373
-1.26368 2.7759
-1.23512 2.77778
-1.20264 2.77021
-1.17819 2.7807
-1.14983 2.78172
-1.12529 2.79174
-1.11528 2.83878
-1.1224 2.93254
-1.1105 2.9798
-1.11148 3.06467
-1.11439 3.15922
-1.11571 3.25404
-1.11544 3.34913
-1.11666 3.45398
-1.1221 3.57818
-1.11962 3.68361
-1.12384 3.81803
0.184152 0.840052
0.18709 0.8189
0.194296 0.81722
0.19429 0.786353
0.201209 0.784611
0.205543 0.773144
0.212345 0.771304
0.21913 0.769404
0.225899 0.767444
0.229742 0.755856
0.23639 0.753803
0.239945 0.742177
0.246472 0.740035
0.252981 0.737835
0.25947 0.735578
0.26253 0.723863
0.272388 0.730893
0.27524 0.719126
0.292534 0.744597
0.306558 0.760541
0.351445 0.850227
0.889499 2.09933
0.888044 2.04555
0.889776 2.0011
0.890794 1.95678
0.895325 1.92166
0.890702 1.86857
0.889597 1.8247
0.883329 1.77204
0.889823 1.74637
0.891316 1.71186
0.892271 1.67745
0.897464 1.65196
0.887725 1.60026
0.89193 1.57498
0.89576 1.54975
0.894134 1.51596
0.891984 1.48232
0.894544 1.45736
0.896733 1.43247
0.893174 1.39923
0.894555 1.37454
0.890042 1.34161
0.896224 1.32544
0.896515 1.30102
0.902193 1.28489
0.901839 1.26063
0.901128 1.23647
0.900063 1.21243
0.898645 1.1885
0.896876 1.16469
0.900929 1.14888
0.898534 1.12527
0.889486 1.09404
0.637651 0.770326
0.592858 0.703505
0.586009 0.683076
0.578848 0.662824
0.578019 0.650226
0.583724 0.645109
0.575835 0.625231
0.581319 0.620135
0.586759 0.614991
0.585187 0.602625
0.590472 0.597447
