-1.06144 1.07398
-1.06587 1.09764
-1.05616 1.10699
-1.06005 1.13084
-1.0636 1.15484
-1.0668 1.179
-1.06302 1.19582
-1.07218 1.22773
-1.06784 1.24472
-1.06972 1.26937
-1.06487 1.28645
-1.07243 1.31905
-1.06077 1.32845
-1.06754 1.36135
-1.06771 1.38654
-1.06752 1.41185
-1.07292 1.44528
-1.07782 1.47892
-1.09384 1.52902
-1.09757 1.56315
-1.09511 1.58923
-1.09787 1.62366
-1.10011 1.65827
-1.13455 1.74333
-1.73792 2.7226
-1.71918 2.74628
-1.69492 2.76131
-1.66538 2.76757
-1.62569 2.75629
-1.60135 2.7705
-1.57196 2.7758
-1.5329 2.7633
-1.50372 2.76791
-1.47459 2.77222
-1.44088 2.76736
-1.40737 2.76212
-1.38298 2.77441
-1.35411 2.7775
-1.32529 2.78029
-1.2923 2.77373
-1.26782 2.785
-1.23512 2.77778
-1.20662 2.77938
-1.17429 2.77149
-1.14601 2.77248
-1.12155 2.78247
-1.11528 2.83878
-1.11883 2.9232
-1.11399 2.98917
-1.10807 3.05527
-1.11106 3.14979
-1.11246 3.24458
-1.1186 3.35862
-1.11666 3.45398
-1.11911 3.56864
-1.11962 3.68361
-1.12102 3.80844
-0.113736 3.68825
-0.0805849 3.65911
-0.0482199 3.64968
-0.0161153 3.65996
0.0161666 3.66996
0.0471701 3.56969
0.0764084 3.46916
0.106346 3.44836
0.136319 3.4373
0.166589 3.43596
0.197992 3.45433
0.859723 3.76304
0.865079 3.63858
0.865912 3.50461
0.869422 3.3903
0.870988 3.2762
0.870614 3.16235
0.871043 3.05838
0.864063 2.93547
0.875345 2.87991
0.876739 2.79575
0.879797 2.72132
0.878453 2.63756
0.878947 2.5635
0.881534 2.49908
0.879645 2.42541
0.883514 2.37072
0.882914 2.30681
0.884914 2.2524
0.886027 2.19815
0.886254 2.14405
0.889499 2.09933
0.888044 2.04555
0.889776 2.0011
0.890794 1.95678
0.886879 1.90354
0.890702 1.86857
0.885215 1.81571
0.878867 1.76309
0.889823 1.74637
0.891316 1.71186
0.887575 1.66863
0.887916 1.63438
0.892576 1.60901
0.89193 1.57498
0.890755 1.54109
0.894134 1.51596
0.902296 1.49945
0.889312 1.44884
0.896733 1.43247
0.887793 1.3908
0.894555 1.37454
0.890042 1.34161
0.896224 1.32544
0.896515 1.30102
0.902193 1.28489
0.907658 1.26876
0.895239 1.22839
0.888142 1.19637
0.892614 1.18053
0.896876 1.16469
0.900929 1.14888
0.892294 1.11746
0.895794 1.1018
0.892711 1.07846
0.895731 1.0629
0.898548 1.04738
0.90116 1.0319
0.896927 1.00897
0.899069 0.993617
0.901012 0.978303
0.895916 0.955738
0.897396 0.940574
0.905646 0.932633
0.899767 0.910395
