-1.06144 1.07398
-1.06587 1.09764
-1.06307 1.11422
-1.06689 1.13813
-1.07037 1.1622
-1.0668 1.179
-1.06967 1.20329
-1.07218 1.22773
-1.06784 1.24472
-1.06972 1.26937
-1.07125 1.29415
-1.06612 1.31129
-1.07325 1.34408
-1.06754 1.36135
-1.06771 1.38654
-1.07958 1.4278
-1.07292 1.44528
-1.07782 1.47892
-1.09384 1.52902
-1.10332 1.57133
-1.10078 1.59746
-1.09787 1.62366
-1.10011 1.65827
-1.14001 1.75171
-1.73792 2.7226
-1.71918 2.74628
-1.69492 2.76131
-1.66538 2.76757
-1.63585 2.77351
-1.60636 2.77916
-1.56703 2.76709
-1.5329 2.7633
-1.5085 2.77669
-1.47459 2.77222
-1.4455 2.77623
-0.590186 1.15831
-0.526426 1.05607
-0.517104 1.06066
-0.499135 1.04712
-0.48567 1.04241
-0.472326 1.03755
-0.463169 1.04167
-0.457958 1.05488
-0.448649 1.05887
-0.439305 1.06278
-0.433665 1.07589
-0.431485 1.09828
-0.428944 1.12072
-0.433024 1.16193
-1.11148 3.06467
-1.11439 3.15922
-1.11571 3.25404
-1.1186 3.35862
-1.11666 3.45398
-1.11911 3.56864
-1.12253 3.69317
-1.12384 3.81803
-0.24808 1.23534
-0.231542 1.20801
-0.219097 1.20017
-0.206808 1.1922
-0.194677 1.1841
-0.182704 1.17589
-0.17234 1.17745
-0.163323 1.18883
-0.152845 1.19023
-0.143542 1.20146
-0.134053 1.21261
-0.1264 1.24359
-0.115442 1.24466
-0.107817 1.28549
0.861951 3.77279
0.865079 3.63858
0.86831 3.51432
0.869422 3.3903
0.873558 3.28586
0.873268 3.17199
0.871043 3.05838
0.864063 2.93547
0.875345 2.87991
0.876739 2.79575
0.879797 2.72132
0.878453 2.63756
0.878947 2.5635
0.878207 2.48965
0.879645 2.42541
0.883514 2.37072
0.882914 2.30681
0.884914 2.2524
0.889766 2.20742
0.886254 2.14405
0.885598 2.09012
0.888044 2.04555
0.889776 2.0011
0.890794 1.95678
0.895325 1.92166
0.890702 1.86857
0.885215 1.81571
0.88779 1.78099
0.889823 1.74637
0.891316 1.71186
0.892271 1.67745
0.89269 1.64317
0.892576 1.60901
0.896858 1.58368
0.89576 1.54975
0.899215 1.52457
0.891984 1.48232
0.894544 1.45736
0.896733 1.43247
0.898555 1.40766
0.900009 1.38293
0.895571 1.34995
0.901825 1.33372
0.896515 1.30102
0.902193 1.28489
0.896021 1.2525
0.901128 1.23647
0.900063 1.21243
0.898645 1.1885
0.902977 1.17262
0.894759 1.14101
0.892294 1.11746
0.902102 1.10955
0.899088 1.08616
0.895731 1.0629
0.892036 1.03979
0.90116 1.0319
0.890283 1.0015
0.899069 0.993617
0.901012 0.978303
0.902755 0.963034
0.897396 0.940574
0.905646 0.932633
0.906796 0.917508
