-1.06144 1.07398
-1.05891 1.09047
-1.06307 1.11422
-1.06689 1.13813
-1.0636 1.15484
-1.06009 1.17158
-1.06302 1.19582
-1.07218 1.22773
-1.06133 1.23713
-1.06972 1.26937
-1.07125 1.29415
-1.07243 1.31905
-1.07325 1.34408
-1.07371 1.36922
-1.06771 1.38654
-1.07355 1.41982
-1.07292 1.44528
-1.07782 1.47892
-1.09966 1.53716
-1.10332 1.57133
-1.10078 1.59746
-1.09787 1.62366
-1.10564 1.6666
-1.14001 1.75171
-1.73792 2.7226
-1.72448 2.75475
-1.70015 2.76984
-1.66538 2.76757
-1.63077 2.7649
-1.60135 2.7705
-1.57196 2.7758
-1.53775 2.77204
-1.50372 2.76791
-1.47929 2.78105
-1.44088 2.76736
-1.41191 2.77103
-1.38298 2.77441
-1.35411 2.7775
-1.32529 2.78029
-1.29653 2.78279
-1.26368 2.7759
-1.23918 2.78692
-1.20662 2.77938
-1.17819 2.7807
-1.14983 2.78172
-1.12155 2.78247
-1.11894 2.84808
-1.1224 2.93254
-1.11399 2.98917
-1.11148 3.06467
-1.11106 3.14979
-1.11571 3.25404
-1.11544 3.34913
-1.11973 3.46349
-1.11911 3.56864
-1.12253 3.69317
-1.12102 3.80844
-0.230923 0.838793
-0.218388 0.821466
-0.206176 0.803985
-0.196687 0.796062
-0.191981 0.807492
-0.182634 0.799403
-0.173444 0.791212
-0.166469 0.792709
-0.15948 0.794145
-0.152479 0.795519
-0.145466 0.796831
-0.136733 0.788229
-0.131407 0.79927
-0.125897 0.810278
-0.118755 0.811355
-0.111604 0.81237
-0.105718 0.82324
-0.0984626 0.824139
-0.0911997 0.824974
-0.0859522 0.845643
0.174202 0.954229
0.178835 0.933016
0.181139 0.901991
0.189077 0.900361
0.192718 0.879124
0.198226 0.867644
0.203548 0.856136
0.211081 0.85431
0.218598 0.852417
0.226097 0.850459
0.236234 0.858076
0.243783 0.855961
0.248489 0.844188
0.255915 0.841967
0.269306 0.858763
0.279935 0.865873
0.300191 0.901324
0.330822 0.964861
0.881534 2.49908
0.886464 2.44421
0.883514 2.37072
0.882914 2.30681
0.888571 2.26171
0.886027 2.19815
0.890074 2.15329
0.885598 2.09012
0.892027 2.05472
0.889776 2.0011
0.890794 1.95678
0.891102 1.9126
0.890702 1.86857
0.885215 1.81571
0.878867 1.76309
0.889823 1.74637
0.886698 1.70299
0.892271 1.67745
0.89269 1.64317
0.892576 1.60901
0.89193 1.57498
0.89576 1.54975
0.894134 1.51596
0.89714 1.49089
0.894544 1.45736
0.896733 1.43247
0.893174 1.39923
0.894555 1.37454
0.895571 1.34995
0.896224 1.32544
0.896515 1.30102
0.896447 1.27671
0.901839 1.26063
0.901128 1.23647
0.900063 1.21243
0.898645 1.1885
0.896876 1.16469
0.900929 1.14888
0.898534 1.12527
0.902102 1.10955
0.899088 1.08616
0.902176 1.07055
0.892036 1.03979
0.90116 1.0319
0.896927 1.00897
0.89236 0.986202
0.901012 0.978303
0.895916 0.955738
0.904299 0.947809
0.891713 0.918285
0.899767 0.910395
