-1.06144 1.07398
-1.06587 1.09764
-1.05616 1.10699
-1.07373 1.14543
-1.0636 1.15484
-1.05339 1.16416
-1.06302 1.19582
-1.0656 1.2202
-1.06133 1.23713
-1.06328 1.26172
-1.07125 1.29415
-1.06612 1.31129
-1.06701 1.33626
-1.06754 1.36135
-1.07381 1.39447
-1.07355 1.41982
-1.07292 1.44528
-1.08371 1.487
-1.09384 1.52902
-1.09757 1.56315
-1.09511 1.58923
-1.09787 1.62366
-1.10011 1.65827
-1.13455 1.74333
-1.7433 2.73103
-1.71918 2.74628
-1.70015 2.76984
-1.66022 2.759
-1.63077 2.7649
-1.60135 2.7705
-1.56703 2.76709
-1.53775 2.77204
-1.50372 2.76791
-1.47459 2.77222
-1.44088 2.76736
-1.41191 2.77103
-1.38298 2.77441
-1.35411 2.7775
-1.32099 2.77126
-1.2923 2.77373
-1.26782 2.785
-1.23512 2.77778
-1.20662 2.77938
-1.17429 2.77149
-1.14601 2.77248
-1.12155 2.78247
-1.11894 2.84808
-1.1224 2.93254
-1.1105 2.9798
-1.11148 3.06467
-1.11106 3.14979
-1.11246 3.24458
-1.1186 3.35862
-1.11666 3.45398
-1.11911 3.56864
-1.11962 3.68361
-1.12102 3.80844
-0.334702 2.15415
-0.31137 2.12733
-0.287176 2.09037
-0.266205 2.07298
-0.247936 2.07524
-0.230746 2.08728
-0.215386 2.11908
-0.197636 2.13085
-0.181367 2.16241
-0.125886 2.1964
-0.105567 2.17744
-0.0855912 2.1583
-0.0662691 2.14898
-0.0466776 2.11949
-0.0278751 2.10982
-0.00933456 2.11998
0.00955901 2.16998
0.861951 3.77279
0.867392 3.64831
0.865912 3.50461
0.869422 3.3903
0.873558 3.28586
0.870614 3.16235
0.871043 3.05838
0.866887 2.94506
0.878253 2.88948
0.876739 2.79575
0.876721 2.7118
0.878453 2.63756
0.878947 2.5635
0.881534 2.49908
0.879645 2.42541
0.887006 2.38009
0.886488 2.31615
0.888571 2.26171
0.886027 2.19815
0.886254 2.14405
0.885598 2.09012
0.888044 2.04555
0.889776 2.0011
0.890794 1.95678
0.891102 1.9126
0.895005 1.8776
0.889597 1.8247
0.878867 1.76309
0.889823 1.74637
0.891316 1.71186
0.892271 1.67745
0.89269 1.64317
0.892576 1.60901
0.89193 1.57498
0.900764 1.5584
0.894134 1.51596
0.89714 1.49089
0.894544 1.45736
0.896733 1.43247
0.898555 1.40766
0.8891 1.36616
0.901099 1.35828
0.896224 1.32544
0.896515 1.30102
0.896447 1.27671
0.896021 1.2525
0.895239 1.22839
0.900063 1.21243
0.898645 1.1885
0.890775 1.15677
0.900929 1.14888
0.898534 1.12527
0.902102 1.10955
0.892711 1.07846
0.895731 1.0629
0.898548 1.04738
0.894583 1.02436
0.903571 1.01644
0.89236 0.986202
0.894237 0.970948
0.895916 0.955738
0.897396 0.940574
0.89868 0.925459
0.899767 0.910395
