-1.06144 1.07398
-1.05891 1.09047
-1.06997 1.12146
-1.06689 1.13813
-1.0636 1.15484
-1.0668 1.179
-1.06302 1.19582
-1.0656 1.2202
-1.06784 1.24472
-1.06972 1.26937
-1.07125 1.29415
-1.07874 1.32681
-1.06701 1.33626
-1.07371 1.36922
-1.06771 1.38654
-1.07355 1.41982
-1.06696 1.43725
-1.07782 1.47892
-1.09384 1.52902
-1.09757 1.56315
-1.10078 1.59746
-1.10347 1.63195
-1.09458 1.64994
-1.13455 1.74333
-1.73792 2.7226
-1.71918 2.74628
-1.70015 2.76984
-0.422789 0.702602
-0.411504 0.697685
-0.405342 0.701283
-0.39915 0.704826
-0.383224 0.690825
-0.381898 0.702961
-0.370995 0.697469
-0.364838 0.700709
-0.358652 0.703896
-0.352438 0.707027
-0.341814 0.701116
-0.335626 0.704099
-0.333634 0.716092
-0.32317 0.709902
-0.320968 0.721858
-0.310615 0.715485
-0.312104 0.736608
-0.305603 0.739328
-0.295341 0.732717
-0.292532 0.744597
-0.285962 0.747145
-0.282863 0.759005
-0.279576 0.770868
-0.272775 0.773301
-0.269196 0.785133
-0.26227 0.787473
-0.2584 0.799268
-0.257335 0.820597
-0.253005 0.832399
-1.12384 3.81803
-0.147262 0.806668
-0.138442 0.798081
-0.131407 0.79927
-0.122826 0.790515
-0.11441 0.781671
-0.104799 0.762835
-0.0980756 0.763728
-0.0925312 0.774492
-0.084607 0.765338
-0.0778625 0.766053
-0.0720356 0.776667
-0.0643561 0.767306
-0.0575951 0.767843
-0.0514897 0.778299
-0.0452046 0.788706
-0.0382559 0.789073
-0.0317004 0.799372
-0.0246583 0.79962
-0.0178344 0.809804
-0.0107008 0.809929
-0.00361054 0.819992
0.00374431 0.849992
0.861951 3.77279
0.867392 3.64831
0.86831 3.51432
0.869422 3.3903
0.870988 3.2762
0.873268 3.17199
0.871043 3.05838
0.866887 2.94506
0.875345 2.87991
0.876739 2.79575
0.876721 2.7118
0.878453 2.63756
0.882191 2.57296
0.881534 2.49908
0.886464 2.44421
0.887006 2.38009
0.882914 2.30681
0.884914 2.2524
0.886027 2.19815
0.890074 2.15329
0.889499 2.09933
0.892027 2.05472
0.889776 2.0011
0.890794 1.95678
0.891102 1.9126
0.890702 1.86857
0.889597 1.8247
0.878867 1.76309
0.889823 1.74637
0.891316 1.71186
0.892271 1.67745
0.887916 1.63438
0.892576 1.60901
0.887002 1.56628
0.89576 1.54975
0.894134 1.51596
0.89714 1.49089
0.899775 1.46588
0.896733 1.43247
0.898555 1.40766
0.900009 1.38293
0.901099 1.35828
0.890622 1.31715
0.902189 1.30926
0.8907 1.26852
0.896021 1.2525
0.895239 1.22839
0.900063 1.21243
0.904676 1.19648
0.902977 1.17262
0.900929 1.14888
0.904774 1.13309
0.902102 1.10955
0.899088 1.08616
0.902176 1.07055
0.898548 1.04738
0.894583 1.02436
0.896927 1.00897
0.899069 0.993617
0.901012 0.978303
0.895916 0.955738
0.897396 0.940574
0.89868 0.925459
0.899767 0.910395
