-0.548294 0.554773
-0.529454 0.545233
-0.517728 0.54264
-0.519767 0.554475
-0.501314 0.54432
-0.4965 0.548715
-0.498291 0.56054
-0.480179 0.549844
-0.475318 0.554052
-0.476863 0.565864
-0.465484 0.562339
-0.454204 0.558658
-0.461746 0.578265
-0.456634 0.58231
-0.457589 0.594233
-0.452337 0.59824
-0.44705 0.602201
-0.447618 0.614197
-0.453828 0.634382
-0.453969 0.646539
-0.385841 0.559935
-0.347286 0.513608
-0.331692 0.499981
-0.327275 0.502883
-0.317452 0.497317
-0.307754 0.491617
-0.303411 0.494309
-0.299046 0.496962
-0.294657 0.499577
-0.285241 0.493495
-0.280883 0.495989
-0.276504 0.498443
-0.272102 0.50086
-0.26768 0.503237
-0.267856 0.514445
-0.263314 0.516784
-0.258752 0.519083
-0.249787 0.512354
-0.249568 0.523561
-0.24917 0.534803
-0.244449 0.536977
-0.235647 0.529972
-0.234952 0.5412
-0.234078 0.552456
-0.229202 0.554496
-0.228048 0.565769
-0.223056 0.567755
-0.218046 0.569698
-0.216512 0.580967
-1.10807 3.05527
-1.11439 3.15922
-1.11246 3.24458
-1.1186 3.35862
-1.11666 3.45398
-1.1221 3.57818
-1.11962 3.68361
-1.12384 3.81803
0.861951 3.77279
0.865079 3.63858
0.865912 3.50461
0.871906 3.39998
0.873558 3.28586
0.870614 3.16235
0.871043 3.05838
0.864063 2.93547
0.875345 2.87991
0.876739 2.79575
0.876721 2.7118
0.878453 2.63756
0.878947 2.5635
0.881534 2.49908
0.883055 2.43481
0.883514 2.37072
0.882914 2.30681
0.884914 2.2524
0.889766 2.20742
0.890074 2.15329
0.889499 2.09933
0.892027 2.05472
0.889776 2.0011
0.890794 1.95678
0.891102 1.9126
0.895005 1.8776
0.889597 1.8247
0.878867 1.76309
0.885283 1.73746
0.891316 1.71186
0.887575 1.66863
0.89269 1.64317
0.892576 1.60901
0.89193 1.57498
0.89576 1.54975
0.894134 1.51596
0.89714 1.49089
0.894544 1.45736
0.896733 1.43247
0.893174 1.39923
0.894555 1.37454
0.895571 1.34995
0.896224 1.32544
0.902189 1.30926
0.902193 1.28489
0.901839 1.26063
0.889349 1.22031
0.894102 1.2044
0.898645 1.1885
0.896876 1.16469
0.900929 1.14888
0.892294 1.11746
0.895794 1.1018
0.899088 1.08616
0.895731 1.0629
0.905059 1.05497
0.894583 1.02436
0.896927 1.00897
0.905779 1.00103
0.894237 0.970948
0.895916 0.955738
0.890493 0.933339
0.905646 0.932633
0.899767 0.910395
