-1.06144 1.07398
-1.05194 1.08329
-1.06307 1.11422
-1.06689 1.13813
-1.0636 1.15484
-1.06009 1.17158
-1.06302 1.19582
-1.0656 1.2202
-1.06133 1.23713
-1.06972 1.26937
-1.06487 1.28645
-1.06612 1.31129
-1.06701 1.33626
-1.07371 1.36922
-1.06771 1.38654
-1.06752 1.41185
-1.06696 1.43725
-1.07782 1.47892
-1.09384 1.52902
-1.09757 1.56315
-1.09511 1.58923
-1.09787 1.62366
-1.09458 1.64994
-1.1291 1.73495
-1.73792 2.7226
-1.71918 2.74628
-1.69492 2.76131
-1.66538 2.76757
-1.63077 2.7649
-1.59635 2.76184
-1.56703 2.76709
-1.5329 2.7633
-1.50372 2.76791
-1.47459 2.77222
-1.4455 2.77623
-1.41191 2.77103
-1.38298 2.77441
-1.34973 2.76851
-1.32099 2.77126
-1.2923 2.77373
-0.77478 1.70194
-0.666313 1.49854
-0.62123 1.43097
-0.600799 1.41797
-0.588286 1.42321
-0.571989 1.41906
-0.563125 1.43335
-0.554052 1.44759
-0.54128 1.45242
-0.531876 1.46653
-0.568836 1.61261
-1.11571 3.25404
-1.11544 3.34913
-0.508685 1.62211
-0.482745 1.58826
-0.454618 1.54448
-0.43278 1.51957
-0.416724 1.51368
-0.400806 1.50763
-0.385027 1.50142
-0.371787 1.50475
-0.360832 1.5177
-0.349677 1.53056
-0.338324 1.54335
-0.328827 1.56585
0.861951 3.77279
0.865079 3.63858
0.865912 3.50461
0.869422 3.3903
0.870988 3.2762
0.870614 3.16235
0.871043 3.05838
0.864063 2.93547
0.878253 2.88948
0.876739 2.79575
0.876721 2.7118
0.878453 2.63756
0.882191 2.57296
0.878207 2.48965
0.879645 2.42541
0.880021 2.36135
0.882914 2.30681
0.884914 2.2524
0.886027 2.19815
0.886254 2.14405
0.885598 2.09012
0.892027 2.05472
0.889776 2.0011
0.890794 1.95678
0.891102 1.9126
0.890702 1.86857
0.885215 1.81571
0.883329 1.77204
0.889823 1.74637
0.891316 1.71186
0.892271 1.67745
0.89269 1.64317
0.887725 1.60026
0.887002 1.56628
0.89576 1.54975
0.894134 1.51596
0.89714 1.49089
0.899775 1.46588
0.896733 1.43247
0.898555 1.40766
0.894555 1.37454
0.895571 1.34995
0.896224 1.32544
0.896515 1.30102
0.896447 1.27671
0.896021 1.2525
0.895239 1.22839
0.894102 1.2044
0.898645 1.1885
0.896876 1.16469
0.900929 1.14888
0.892294 1.11746
0.895794 1.1018
0.899088 1.08616
0.902176 1.07055
0.892036 1.03979
0.894583 1.02436
0.896927 1.00897
0.89236 0.986202
0.894237 0.970948
0.895916 0.955738
0.897396 0.940574
0.905646 0.932633
0.899767 0.910395
