-1.06144 1.07398
-1.06587 1.09764
-1.06997 1.12146
-1.06689 1.13813
-1.0636 1.15484
-1.06009 1.17158
-1.05638 1.18835
-1.0656 1.2202
-1.06784 1.24472
-1.06972 1.26937
-1.07125 1.29415
-1.07243 1.31905
-1.06701 1.33626
-1.07371 1.36922
-1.07381 1.39447
-1.07355 1.41982
-1.06696 1.43725
-1.08371 1.487
-1.09966 1.53716
-1.09757 1.56315
-1.10078 1.59746
-1.10347 1.63195
-1.10011 1.65827
-1.14001 1.75171
-1.73792 2.7226
-1.72448 2.75475
-1.69492 2.76131
-1.66538 2.76757
-1.63077 2.7649
-1.60135 2.7705
-1.56703 2.76709
-1.53775 2.77204
-1.5085 2.77669
-1.47459 2.77222
-1.44088 2.76736
-1.41191 2.77103
-1.38298 2.77441
-1.34973 2.76851
-1.32099 2.77126
-1.2923 2.77373
-1.26368 2.7759
-1.23918 2.78692
-1.20662 2.77938
-1.17819 2.7807
-1.14983 2.78172
-1.12529 2.79174
-1.11894 2.84808
-1.1224 2.93254
-1.1105 2.9798
-1.11148 3.06467
-1.11439 3.15922
-1.11571 3.25404
-1.12176 3.36811
-1.11666 3.45398
-1.11911 3.56864
-1.11962 3.68361
-1.12102 3.80844
-0.248756 2.44739
-0.224419 2.41961
-0.20059 2.3916
-0.178021 2.37333
-0.15777 2.38479
-0.13733 2.39607
-0.115736 2.3872
-0.09312 2.34815
-0.071509 2.3189
-0.0506408 2.29944
-0.0303851 2.2998
-0.0101271 2.29998
0.0103079 2.33998
0.0311825 2.35979
0.861951 3.77279
0.865079 3.63858
0.86831 3.51432
0.869422 3.3903
0.870988 3.2762
0.873268 3.17199
0.871043 3.05838
0.864063 2.93547
0.872437 2.87034
0.876739 2.79575
0.876721 2.7118
0.878453 2.63756
0.882191 2.57296
0.881534 2.49908
0.883055 2.43481
0.887006 2.38009
0.882914 2.30681
0.884914 2.2524
0.889766 2.20742
0.886254 2.14405
0.889499 2.09933
0.892027 2.05472
0.889776 2.0011
0.890794 1.95678
0.891102 1.9126
0.890702 1.86857
0.885215 1.81571
0.878867 1.76309
0.889823 1.74637
0.891316 1.71186
0.896967 1.68628
0.897464 1.65196
0.892576 1.60901
0.896858 1.58368
0.890755 1.54109
0.894134 1.51596
0.89714 1.49089
0.894544 1.45736
0.896733 1.43247
0.898555 1.40766
0.894555 1.37454
0.895571 1.34995
0.896224 1.32544
0.902189 1.30926
0.896447 1.27671
0.901839 1.26063
0.895239 1.22839
0.900063 1.21243
0.898645 1.1885
0.902977 1.17262
0.9071 1.15675
0.892294 1.11746
0.902102 1.10955
0.899088 1.08616
0.902176 1.07055
0.892036 1.03979
0.90116 1.0319
0.903571 1.01644
0.899069 0.993617
0.901012 0.978303
0.902755 0.963034
0.897396 0.940574
0.89868 0.925459
0.892737 0.903283
