-1.06144 1.07398
-1.06587 1.09764
-1.06997 1.12146
-1.06689 1.13813
-1.0636 1.15484
-1.0668 1.179
-1.06302 1.19582
-1.07218 1.22773
-1.06784 1.24472
-1.06972 1.26937
-1.06487 1.28645
-1.07243 1.31905
-1.07325 1.34408
-1.07988 1.37708
-1.06771 1.38654
-1.07355 1.41982
-1.07292 1.44528
-1.08371 1.487
-1.09966 1.53716
-1.09757 1.56315
-1.09511 1.58923
-1.10347 1.63195
-1.10011 1.65827
-1.13455 1.74333
-1.73792 2.7226
-1.71918 2.74628
-1.70015 2.76984
-1.66538 2.76757
-1.63585 2.77351
-1.60636 2.77916
-1.57196 2.7758
-1.53775 2.77204
-1.5085 2.77669
-1.47459 2.77222
-1.44088 2.76736
-1.41191 2.77103
-1.38744 2.78336
-1.35411 2.7775
-1.32099 2.77126
-1.29653 2.78279
-1.26368 2.7759
-1.23918 2.78692
-1.20662 2.77938
-1.17429 2.77149
-1.14983 2.78172
-1.12529 2.79174
-1.11894 2.84808
-1.1224 2.93254
-1.1105 2.9798
-1.11148 3.06467
-1.11439 3.15922
-1.11571 3.25404
-1.11544 3.34913
-1.11973 3.46349
-1.11911 3.56864
-1.12253 3.69317
-1.12102 3.80844
0.861951 3.77279
0.865079 3.63858
0.865912 3.50461
0.869422 3.3903
0.870988 3.2762
0.870614 3.16235
0.868304 3.04876
0.864063 2.93547
0.875345 2.87991
0.873747 2.78621
0.876721 2.7118
0.881613 2.64705
0.882191 2.57296
0.881534 2.49908
0.886464 2.44421
0.883514 2.37072
0.882914 2.30681
0.884914 2.2524
0.889766 2.20742
0.890074 2.15329
0.889499 2.09933
0.892027 2.05472
0.889776 2.0011
0.890794 1.95678
0.891102 1.9126
0.890702 1.86857
0.885215 1.81571
0.878867 1.76309
0.889823 1.74637
0.891316 1.71186
0.892271 1.67745
0.883143 1.62559
0.892576 1.60901
0.896858 1.58368
0.890755 1.54109
0.812849 1.37814
0.494974 0.822557
0.46035 0.749985
0.461632 0.737425
0.457348 0.716472
0.458187 0.704035
0.46437 0.699972
0.464916 0.68757
0.476628 0.691683
0.476956 0.679274
0.48292 0.675047
0.488847 0.670767
0.500697 0.674464
0.494556 0.654075
0.512501 0.66554
0.530684 0.676738
0.536625 0.672037
0.55514 0.682803
0.605768 0.731809
0.902176 1.07055
0.898548 1.04738
0.894583 1.02436
0.903571 1.01644
0.899069 0.993617
0.901012 0.978303
0.895916 0.955738
0.897396 0.940574
0.89868 0.925459
0.899767 0.910395
