-1.05441 1.06687
-1.05194 1.08329
-1.06307 1.11422
-1.06689 1.13813
-1.05682 1.14749
-1.06009 1.17158
-1.06302 1.19582
-1.05903 1.21267
-1.06784 1.24472
-1.06972 1.26937
-1.06487 1.28645
-1.07243 1.31905
-1.06701 1.33626
-1.06754 1.36135
-1.07381 1.39447
-1.06752 1.41185
-1.06696 1.43725
-1.07193 1.47084
-1.09966 1.53716
-1.09757 1.56315
-1.09511 1.58923
-1.09787 1.62366
-1.10564 1.6666
-1.13455 1.74333
-1.73792 2.7226
-1.71918 2.74628
-1.70015 2.76984
-1.66538 2.76757
-1.63077 2.7649
-1.59635 2.76184
-1.56703 2.76709
-1.5329 2.7633
-1.50372 2.76791
-1.47459 2.77222
-1.44088 2.76736
-1.41191 2.77103
-1.38744 2.78336
-1.35411 2.7775
-1.32529 2.78029
-1.2923 2.77373
-1.26368 2.7759
-1.23512 2.77778
-1.20662 2.77938
-1.17819 2.7807
-1.14601 2.77248
-1.12529 2.79174
-1.11894 2.84808
-1.1224 2.93254
-1.1105 2.9798
-1.11148 3.06467
-1.11106 3.14979
-1.11571 3.25404
-1.11544 3.34913
-1.11973 3.46349
-1.11911 3.56864
-1.11962 3.68361
-1.12102 3.80844
0.147103 1.23124
0.154121 1.20014
0.161964 1.17893
0.169445 1.15766
0.1781 1.14625
0.18819 1.14463
0.198264 1.14293
0.208324 1.14114
0.218367 1.13926
0.228393 1.13729
0.238402 1.13524
0.250533 1.14286
0.265044 1.16011
0.277565 1.16746
0.290236 1.17468
0.25089 0.978342
0.256929 0.96643
0.257468 0.935206
0.265696 0.932902
0.265431 0.901746
0.276272 0.908941
0.284267 0.906472
0.289164 0.894418
0.300191 0.901324
0.304875 0.889186
0.316022 0.895896
0.3239 0.893078
0.331754 0.890191
0.336008 0.877895
0.347384 0.884208
0.355158 0.881114
0.374366 0.905677
0.425243 1.00363
0.888044 2.04555
0.885713 1.99196
0.890794 1.95678
0.886879 1.90354
0.886399 1.85954
0.889597 1.8247
0.878867 1.76309
0.885283 1.73746
0.891316 1.71186
0.887575 1.66863
0.887916 1.63438
0.887725 1.60026
0.887002 1.56628
0.890755 1.54109
0.894134 1.51596
0.89714 1.49089
0.894544 1.45736
0.891427 1.42399
0.893174 1.39923
0.894555 1.37454
0.901099 1.35828
0.896224 1.32544
0.902189 1.30926
0.896447 1.27671
0.890203 1.24436
0.901128 1.23647
0.888142 1.19637
0.898645 1.1885
0.896876 1.16469
0.894759 1.14101
0.898534 1.12527
0.902102 1.10955
0.886335 1.07075
0.895731 1.0629
0.898548 1.04738
0.90116 1.0319
0.896927 1.00897
0.89236 0.986202
0.894237 0.970948
0.902755 0.963034
0.904299 0.947809
0.89868 0.925459
0.892737 0.903283
