-1.06144 1.07398
-1.06587 1.09764
-1.06307 1.11422
-1.06689 1.13813
-1.05682 1.14749
-1.0668 1.179
-1.06967 1.20329
-1.0656 1.2202
-1.06784 1.24472
-1.06972 1.26937
-1.06487 1.28645
-1.07243 1.31905
-1.06701 1.33626
-1.06754 1.36135
-1.07381 1.39447
-1.07355 1.41982
-1.06696 1.43725
-1.08371 1.487
-1.09966 1.53716
-1.09757 1.56315
-1.10078 1.59746
-1.09787 1.62366
-1.10011 1.65827
-1.13455 1.74333
-1.73792 2.7226
-1.71918 2.74628
-1.69492 2.76131
-1.66538 2.76757
-1.63585 2.77351
-1.60135 2.7705
-1.56703 2.76709
-1.53775 2.77204
-1.5085 2.77669
-1.46989 2.76339
-1.4455 2.77623
-1.41191 2.77103
-1.38298 2.77441
-1.35411 2.7775
-1.32099 2.77126
-1.29653 2.78279
-1.26782 2.785
-1.23918 2.78692
-1.20662 2.77938
-1.17819 2.7807
-1.14983 2.78172
-1.12529 2.79174
-1.11894 2.84808
-1.1224 2.93254
-1.1105 2.9798
-1.11148 3.06467
-1.11106 3.14979
-1.11571 3.25404
-1.11544 3.34913
-1.11666 3.45398
-1.1221 3.57818
-1.12253 3.69317
-1.12384 3.81803
0.864178 3.78254
0.865079 3.63858
0.86831 3.51432
0.871906 3.39998
0.411086 1.54629
0.42469 1.54261
0.427304 1.50034
0.437679 1.48692
0.447851 1.47344
0.460812 1.46944
0.473737 1.46532
0.486625 1.46109
0.502719 1.46621
0.518941 1.47116
0.565973 1.56054
0.880021 2.36135
0.550481 1.43825
0.522904 1.33097
0.52713 1.30776
0.538628 1.30307
0.546184 1.28906
0.561499 1.29338
0.572869 1.28838
0.588338 1.29238
0.603922 1.29622
0.611013 1.28182
0.631044 1.29437
0.678111 1.36035
0.839884 1.64836
0.891316 1.71186
0.896967 1.68628
0.897464 1.65196
0.892576 1.60901
0.89193 1.57498
0.89576 1.54975
0.899215 1.52457
0.89714 1.49089
0.894544 1.45736
0.896733 1.43247
0.898555 1.40766
0.894555 1.37454
0.901099 1.35828
0.907426 1.342
0.902189 1.30926
0.8907 1.26852
0.901839 1.26063
0.901128 1.23647
0.894102 1.2044
0.898645 1.1885
0.902977 1.17262
0.900929 1.14888
0.898534 1.12527
0.895794 1.1018
0.905464 1.09386
0.902176 1.07055
0.898548 1.04738
0.90116 1.0319
0.903571 1.01644
0.899069 0.993617
0.901012 0.978303
0.902755 0.963034
0.897396 0.940574
0.89868 0.925459
0.899767 0.910395
