-1.06144 1.07398
-1.05891 1.09047
-1.06307 1.11422
-1.06005 1.13084
-1.07037 1.1622
-1.0668 1.179
-1.06302 1.19582
-1.0656 1.2202
-1.06133 1.23713
-1.06972 1.26937
-1.06487 1.28645
-1.06612 1.31129
-1.06701 1.33626
-1.06754 1.36135
-1.07381 1.39447
-1.07355 1.41982
-1.07888 1.45331
-1.08371 1.487
-1.09966 1.53716
-1.09757 1.56315
-1.10078 1.59746
-1.10347 1.63195
-1.10011 1.65827
-1.13455 1.74333
-1.73792 2.7226
-1.71918 2.74628
-1.69492 2.76131
-1.67053 2.77613
-1.63077 2.7649
-1.60135 2.7705
-1.56703 2.76709
-1.53775 2.77204
-1.5085 2.77669
-1.47459 2.77222
-1.44088 2.76736
-1.41645 2.77994
-1.37852 2.76546
-0.893976 1.83369
-0.821852 1.72414
-0.802411 1.72225
-0.78721 1.72925
-0.771948 1.73612
-0.764591 1.76119
-0.760752 1.79548
-0.798389 1.9315
-1.12529 2.79174
-1.11894 2.84808
-1.1224 2.93254
-1.11399 2.98917
-1.11148 3.06467
-0.735162 2.08414
-0.674613 1.96756
-0.654096 1.96394
-0.633696 1.96011
-0.616407 1.96562
-0.604886 1.9901
-0.592981 2.01454
-0.577952 2.0293
0.861951 3.77279
0.862766 3.62885
0.86831 3.51432
0.871906 3.39998
0.870988 3.2762
0.870614 3.16235
0.873782 3.068
0.864063 2.93547
0.875345 2.87991
0.879731 2.80529
0.876721 2.7118
0.875293 2.62807
0.878947 2.5635
0.881534 2.49908
0.883055 2.43481
0.887006 2.38009
0.882914 2.30681
0.884914 2.2524
0.886027 2.19815
0.886254 2.14405
0.889499 2.09933
0.888044 2.04555
0.893839 2.01024
0.886651 1.94768
0.891102 1.9126
0.890702 1.86857
0.885215 1.81571
0.878867 1.76309
0.894363 1.75528
0.895934 1.72073
0.892271 1.67745
0.89269 1.64317
0.892576 1.60901
0.89193 1.57498
0.900764 1.5584
0.894134 1.51596
0.891984 1.48232
0.894544 1.45736
0.896733 1.43247
0.893174 1.39923
0.900009 1.38293
0.901099 1.35828
0.896224 1.32544
0.896515 1.30102
0.896447 1.27671
0.901839 1.26063
0.901128 1.23647
0.900063 1.21243
0.898645 1.1885
0.896876 1.16469
0.900929 1.14888
0.898534 1.12527
0.902102 1.10955
0.899088 1.08616
0.902176 1.07055
0.892036 1.03979
0.907738 1.03943
0.757405 0.85202
0.684366 0.756335
0.684227 0.742922
0.683905 0.729571
0.676499 0.709048
0.675751 0.695888
0.681855 0.689909
