-1.06144 1.07398
-1.06587 1.09764
-1.06307 1.11422
-1.06689 1.13813
-1.0636 1.15484
-1.0668 1.179
-1.06302 1.19582
-1.07218 1.22773
-1.06784 1.24472
-1.06328 1.26172
-1.07125 1.29415
-1.05981 1.30353
-1.07325 1.34408
-1.06754 1.36135
-1.07381 1.39447
-1.07355 1.41982
-1.06696 1.43725
-1.08371 1.487
-1.09966 1.53716
-1.09757 1.56315
-1.10078 1.59746
-1.10347 1.63195
-1.10011 1.65827
-1.14001 1.75171
-1.73792 2.7226
-1.71387 2.7378
-1.70015 2.76984
-1.66538 2.76757
-1.63585 2.77351
-1.59635 2.76184
-1.56703 2.76709
-1.5329 2.7633
-0.954745 1.7574
-0.864091 1.62448
-0.817421 1.56994
-0.799021 1.56817
-0.789639 1.5841
-0.780038 1.59998
-0.765915 1.60679
-0.755956 1.62254
-0.79964 1.75655
-1.23105 2.76865
-1.20662 2.77938
-1.17429 2.77149
-1.14983 2.78172
-1.12155 2.78247
-1.11894 2.84808
-1.12598 2.94188
-0.834619 2.23953
-0.719396 1.98357
-0.668631 1.89553
-0.648666 1.89189
-0.635137 1.90701
-0.618315 1.91253
-0.60743 1.93699
-0.593253 1.95183
-0.581686 1.97617
0.864178 3.78254
0.865079 3.63858
0.86831 3.51432
0.871906 3.39998
0.870988 3.2762
0.870614 3.16235
0.871043 3.05838
0.866887 2.94506
0.875345 2.87991
0.876739 2.79575
0.876721 2.7118
0.878453 2.63756
0.878947 2.5635
0.881534 2.49908
0.883055 2.43481
0.887006 2.38009
0.886488 2.31615
0.884914 2.2524
0.886027 2.19815
0.890074 2.15329
0.885598 2.09012
0.888044 2.04555
0.889776 2.0011
0.894937 1.96588
0.891102 1.9126
0.895005 1.8776
0.889597 1.8247
0.883329 1.77204
0.889823 1.74637
0.891316 1.71186
0.892271 1.67745
0.89269 1.64317
0.892576 1.60901
0.89193 1.57498
0.890755 1.54109
0.899215 1.52457
0.89714 1.49089
0.894544 1.45736
0.896733 1.43247
0.893174 1.39923
0.894555 1.37454
0.901099 1.35828
0.896224 1.32544
0.902189 1.30926
0.902193 1.28489
0.896021 1.2525
0.895239 1.22839
0.894102 1.2044
0.904676 1.19648
0.896876 1.16469
0.900929 1.14888
0.898534 1.12527
0.895794 1.1018
0.899088 1.08616
0.895731 1.0629
0.898548 1.04738
0.90116 1.0319
0.770693 0.866968
0.684366 0.756335
0.677453 0.735566
0.677066 0.722275
0.676499 0.709048
0.675751 0.695888
0.681855 0.689909
