-1.05441 1.06687
-1.06587 1.09764
-1.06307 1.11422
-1.06005 1.13084
-1.05682 1.14749
-1.06009 1.17158
-1.06967 1.20329
-1.0656 1.2202
-1.06133 1.23713
-1.06972 1.26937
-1.06487 1.28645
-1.07243 1.31905
-1.06701 1.33626
-1.07371 1.36922
-1.06771 1.38654
-1.06752 1.41185
-1.07292 1.44528
-1.07782 1.47892
-1.09384 1.52902
-1.09757 1.56315
-1.09511 1.58923
-1.10347 1.63195
-1.09458 1.64994
-1.1291 1.73495
-1.73792 2.7226
-1.71918 2.74628
-1.69492 2.76131
-1.66538 2.76757
-1.63077 2.7649
-1.60135 2.7705
-1.5621 2.75839
-1.5329 2.7633
-1.5085 2.77669
-1.47459 2.77222
-1.4455 2.77623
-1.41191 2.77103
-1.38744 2.78336
-1.34973 2.76851
-0.374352 0.785341
-0.371643 0.797673
-0.356316 0.782712
-0.345345 0.776683
-0.338491 0.779695
-0.327709 0.773438
-0.320883 0.776295
-0.310295 0.769816
-0.307159 0.781827
-0.300261 0.784502
-0.289847 0.777746
-0.286395 0.78967
-0.279428 0.792162
-0.27244 0.794592
-0.26543 0.796961
-0.255324 0.789753
-0.25135 0.801513
-0.247189 0.813264
-0.240016 0.815409
-0.232824 0.817492
-0.228269 0.829152
-0.223526 0.840795
-0.218596 0.852418
-0.213478 0.864018
-0.205859 0.865865
-0.200452 0.877393
-0.196999 0.898661
-0.191131 0.910148
-0.185075 0.9216
-0.121652 0.831144
-0.112965 0.822277
-0.10317 0.803403
-0.09609 0.80428
-0.084607 0.765338
-0.0798849 0.785951
-0.0729591 0.786624
-0.0660276 0.787236
-0.0583431 0.777815
-0.0521499 0.788277
-0.0446324 0.778722
-0.0382559 0.789073
-0.0317004 0.799372
-0.0246583 0.79962
-0.0176142 0.799806
-0.0107008 0.809929
-0.00356651 0.809992
0.00361216 0.819992
0.0108346 0.819928
0.0182764 0.829799
0.0258928 0.839601
0.861951 3.77279
0.867392 3.64831
0.86831 3.51432
0.869422 3.3903
0.870988 3.2762
0.873268 3.17199
0.871043 3.05838
0.866887 2.94506
0.875345 2.87991
0.876739 2.79575
0.876721 2.7118
0.881613 2.64705
0.882191 2.57296
0.881534 2.49908
0.883055 2.43481
0.887006 2.38009
0.882914 2.30681
0.881258 2.2431
0.886027 2.19815
0.890074 2.15329
0.889499 2.09933
0.892027 2.05472
0.889776 2.0011
0.894937 1.96588
0.891102 1.9126
0.890702 1.86857
0.889597 1.8247
0.883329 1.77204
0.894363 1.75528
0.891316 1.71186
0.892271 1.67745
0.89269 1.64317
0.897427 1.61775
0.89193 1.57498
0.890755 1.54109
0.894134 1.51596
0.89714 1.49089
0.894544 1.45736
0.896733 1.43247
0.898555 1.40766
0.894555 1.37454
0.895571 1.34995
0.901825 1.33372
0.896515 1.30102
0.896447 1.27671
0.896021 1.2525
0.901128 1.23647
0.894102 1.2044
0.892614 1.18053
0.896876 1.16469
0.900929 1.14888
0.898534 1.12527
0.902102 1.10955
0.892711 1.07846
0.895731 1.0629
0.898548 1.04738
0.894583 1.02436
0.903571 1.01644
0.89236 0.986202
0.901012 0.978303
0.902755 0.963034
0.897396 0.940574
0.905646 0.932633
0.899767 0.910395
