-1.06144 1.07398
-1.05891 1.09047
-1.06997 1.12146
-1.06689 1.13813
-1.07037 1.1622
-1.06009 1.17158
-1.06967 1.20329
-1.07218 1.22773
-1.06784 1.24472
-1.06972 1.26937
-1.06487 1.28645
-1.07243 1.31905
-1.06701 1.33626
-1.06137 1.35348
-1.06771 1.38654
-1.07355 1.41982
-1.07292 1.44528
-1.07782 1.47892
-1.09966 1.53716
-1.09757 1.56315
-1.10078 1.59746
-1.09787 1.62366
-1.10011 1.65827
-1.14001 1.75171
-1.73792 2.7226
-1.71918 2.74628
-1.70015 2.76984
-1.67053 2.77613
-1.63585 2.77351
-1.60636 2.77916
-1.56703 2.76709
-1.5426 2.78079
-1.50372 2.76791
-1.47459 2.77222
-1.43626 2.75849
-1.41191 2.77103
-1.38298 2.77441
-1.35411 2.7775
-1.32529 2.78029
-1.29653 2.78279
-1.26782 2.785
-1.23512 2.77778
-1.20662 2.77938
-1.17819 2.7807
-1.14601 2.77248
-1.12902 2.80102
-1.11894 2.84808
-1.11883 2.9232
-1.11399 2.98917
-1.11148 3.06467
-1.11106 3.14979
-1.11571 3.25404
-1.1186 3.35862
-1.12281 3.47301
-1.11911 3.56864
-1.11962 3.68361
-1.12102 3.80844
0.861951 3.77279
0.865079 3.63858
0.865912 3.50461
0.871906 3.39998
0.873558 3.28586
0.870614 3.16235
0.868304 3.04876
0.866887 2.94506
0.875345 2.87991
0.876739 2.79575
0.876721 2.7118
0.878453 2.63756
0.878947 2.5635
0.881534 2.49908
0.886464 2.44421
0.887006 2.38009
0.886488 2.31615
0.884914 2.2524
0.886027 2.19815
0.886254 2.14405
0.885598 2.09012
0.888044 2.04555
0.889776 2.0011
0.894937 1.96588
0.891102 1.9126
0.890702 1.86857
0.889597 1.8247
0.883329 1.77204
0.894363 1.75528
0.891316 1.71186
0.892271 1.67745
0.89269 1.64317
0.892576 1.60901
0.896858 1.58368
0.89576 1.54975
0.899215 1.52457
0.89714 1.49089
0.894544 1.45736
0.902039 1.44095
0.893174 1.39923
0.894555 1.37454
0.895571 1.34995
0.896224 1.32544
0.896515 1.30102
0.896447 1.27671
0.901839 1.26063
0.895239 1.22839
0.900063 1.21243
0.898645 1.1885
0.896876 1.16469
0.9071 1.15675
0.898534 1.12527
0.895794 1.1018
0.899088 1.08616
0.902176 1.07055
0.898548 1.04738
0.894583 1.02436
0.896927 1.00897
0.899069 0.993617
0.894237 0.970948
0.895916 0.955738
0.897396 0.940574
0.89868 0.925459
0.892737 0.903283
