-1.06144 1.07398
-1.05891 1.09047
-1.05616 1.10699
-1.06005 1.13084
-1.0636 1.15484
-1.06009 1.17158
-1.06302 1.19582
-1.0656 1.2202
-1.06133 1.23713
-1.06328 1.26172
-1.06487 1.28645
-1.06612 1.31129
-1.07949 1.35189
-1.06754 1.36135
-1.06771 1.38654
-1.07355 1.41982
-1.06696 1.43725
-1.07782 1.47892
-1.09966 1.53716
-1.10332 1.57133
-1.10078 1.59746
-1.09227 1.61538
-1.09458 1.64994
-1.13455 1.74333
-1.73792 2.7226
-1.71387 2.7378
-1.69492 2.76131
-1.66538 2.76757
-1.63077 2.7649
-1.59635 2.76184
-1.56703 2.76709
-1.53775 2.77204
-1.49895 2.75912
-1.46989 2.76339
-1.44088 2.76736
-1.40737 2.76212
-1.37852 2.76546
-1.35411 2.7775
-1.32099 2.77126
-1.29653 2.78279
-1.26368 2.7759
-1.23512 2.77778
-1.20662 2.77938
-1.17819 2.7807
-1.14601 2.77248
-1.12529 2.79174
-1.11894 2.84808
-1.12598 2.94188
-1.11399 2.98917
-1.11148 3.06467
-1.11106 3.14979
-1.11571 3.25404
-1.11544 3.34913
-1.11666 3.45398
-1.11911 3.56864
-1.11962 3.68361
-1.12102 3.80844
-0.207941 2.77221
-0.182194 2.75398
-0.15793 2.75548
-0.133653 2.75676
-0.109366 2.75783
-0.0856875 2.77868
0.0132152 2.99997
0.0393745 2.97974
0.0653985 2.96928
0.0912414 2.95859
0.117694 2.96767
0.144797 2.98649
0.173386 3.02504
0.859723 3.76304
0.865079 3.63858
0.865912 3.50461
0.866938 3.38061
0.870988 3.2762
0.870614 3.16235
0.871043 3.05838
0.864063 2.93547
0.872437 2.87034
0.873747 2.78621
0.876721 2.7118
0.878453 2.63756
0.878947 2.5635
0.881534 2.49908
0.879645 2.42541
0.883514 2.37072
0.882914 2.30681
0.884914 2.2524
0.882288 2.18887
0.886254 2.14405
0.889499 2.09933
0.884062 2.03638
0.885713 1.99196
0.890794 1.95678
0.891102 1.9126
0.890702 1.86857
0.880833 1.80672
0.878867 1.76309
0.889823 1.74637
0.891316 1.71186
0.892271 1.67745
0.89269 1.64317
0.892576 1.60901
0.89193 1.57498
0.89576 1.54975
0.889054 1.50734
0.891984 1.48232
0.894544 1.45736
0.891427 1.42399
0.893174 1.39923
0.894555 1.37454
0.878986 1.32495
0.890622 1.31715
0.896515 1.30102
0.8907 1.26852
0.896021 1.2525
0.901128 1.23647
0.894102 1.2044
0.892614 1.18053
0.896876 1.16469
0.894759 1.14101
0.892294 1.11746
0.883177 1.08628
0.899088 1.08616
0.895731 1.0629
0.898548 1.04738
0.894583 1.02436
0.896927 1.00897
0.899069 0.993617
0.894237 0.970948
0.895916 0.955738
0.890493 0.933339
0.89868 0.925459
0.899767 0.910395
