-1.05441 1.06687
-1.06587 1.09764
-1.05616 1.10699
-1.06689 1.13813
-1.07037 1.1622
-1.06009 1.17158
-1.06302 1.19582
-1.0656 1.2202
-1.06784 1.24472
-1.06972 1.26937
-1.06487 1.28645
-1.07243 1.31905
-1.06077 1.32845
-1.07371 1.36922
-1.07381 1.39447
-1.07355 1.41982
-1.06696 1.43725
-1.08371 1.487
-1.09384 1.52902
-1.09182 1.55497
-1.09511 1.58923
-1.09787 1.62366
-1.10011 1.65827
-1.1291 1.73495
-1.7433 2.73103
-1.71918 2.74628
-1.69492 2.76131
-1.66538 2.76757
-1.63077 2.7649
-1.60135 2.7705
-1.56703 2.76709
-1.5329 2.7633
-1.50372 2.76791
-1.47459 2.77222
-1.44088 2.76736
-1.41191 2.77103
-1.38298 2.77441
-1.35411 2.7775
-1.32099 2.77126
-1.2923 2.77373
-1.26368 2.7759
-1.23512 2.77778
-1.20662 2.77938
-1.17429 2.77149
-1.14983 2.78172
-1.12529 2.79174
-1.11528 2.83878
-1.1224 2.93254
-1.1105 2.9798
-1.11148 3.06467
-1.11106 3.14979
-1.11571 3.25404
-1.11544 3.34913
-1.11973 3.46349
-1.11911 3.56864
-1.12253 3.69317
-1.12102 3.80844
0.861951 3.77279
0.865079 3.63858
0.86831 3.51432
0.869422 3.3903
0.870988 3.2762
0.870614 3.16235
0.871043 3.05838
0.864063 2.93547
0.875345 2.87991
0.876739 2.79575
0.879797 2.72132
0.881613 2.64705
0.878947 2.5635
0.88486 2.50851
0.883055 2.43481
0.883514 2.37072
0.886488 2.31615
0.884914 2.2524
0.886027 2.19815
0.890074 2.15329
0.885598 2.09012
0.888044 2.04555
0.889776 2.0011
0.890794 1.95678
0.891102 1.9126
0.890702 1.86857
0.889597 1.8247
0.878867 1.76309
0.889823 1.74637
0.891316 1.71186
0.892271 1.67745
0.883143 1.62559
0.543307 0.979396
0.527274 0.931065
0.525446 0.909069
0.533432 0.904406
0.531066 0.882536
0.538819 0.877824
0.54653 0.873044
0.554198 0.868196
0.561824 0.863281
0.563878 0.849966
0.571343 0.844966
0.584437 0.848135
0.586138 0.834771
0.593468 0.829575
0.606642 0.832397
0.619911 0.835051
0.633273 0.837535
0.640626 0.831925
0.666441 0.849857
0.748779 0.937726
0.895794 1.1018
0.637651 0.770326
0.547749 0.649977
0.540431 0.629948
0.552536 0.632696
0.5448 0.612856
0.543467 0.600619
0.548737 0.595809
0.553963 0.590952
0.552244 0.578815
0.564287 0.581102
0.562354 0.568997
