-1.06144 1.07398
-1.05891 1.09047
-1.06307 1.11422
-1.07373 1.14543
-1.05682 1.14749
-1.0668 1.179
-1.06967 1.20329
-1.05903 1.21267
-1.06784 1.24472
-1.06328 1.26172
-1.07125 1.29415
-1.06612 1.31129
-1.06701 1.33626
-1.06754 1.36135
-1.07381 1.39447
-1.07355 1.41982
-1.07292 1.44528
-1.07782 1.47892
-1.09966 1.53716
-1.09757 1.56315
-1.10078 1.59746
-1.09787 1.62366
-1.10011 1.65827
-1.13455 1.74333
-1.73792 2.7226
-1.71918 2.74628
-1.70538 2.77836
-1.66538 2.76757
-1.63585 2.77351
-1.60135 2.7705
-1.56703 2.76709
-1.5329 2.7633
-1.5085 2.77669
-1.47459 2.77222
-1.44088 2.76736
-1.41645 2.77994
-1.38298 2.77441
-1.34973 2.76851
-1.32099 2.77126
-1.29653 2.78279
-1.26368 2.7759
-1.23105 2.76865
-1.20662 2.77938
-1.17819 2.7807
-1.15365 2.79097
-1.12529 2.79174
-1.11894 2.84808
-1.12598 2.94188
-1.11399 2.98917
-1.11148 3.06467
-1.11106 3.14979
-1.11246 3.24458
-1.11544 3.34913
-1.11666 3.45398
-1.11911 3.56864
-1.11962 3.68361
-1.12384 3.81803
0.861951 3.77279
0.865079 3.63858
0.865912 3.50461
0.871906 3.39998
0.868419 3.26653
0.870614 3.16235
0.868304 3.04876
0.866887 2.94506
0.875345 2.87991
0.873747 2.78621
0.879797 2.72132
0.878453 2.63756
0.882191 2.57296
0.881534 2.49908
0.883055 2.43481
0.883514 2.37072
0.886488 2.31615
0.888571 2.26171
0.889766 2.20742
0.886254 2.14405
0.889499 2.09933
0.888044 2.04555
0.889776 2.0011
0.890794 1.95678
0.891102 1.9126
0.890702 1.86857
0.889597 1.8247
0.878867 1.76309
0.889823 1.74637
0.895934 1.72073
0.892271 1.67745
0.89269 1.64317
0.892576 1.60901
0.896858 1.58368
0.89576 1.54975
0.894134 1.51596
0.89714 1.49089
0.894544 1.45736
0.891427 1.42399
0.893174 1.39923
0.900009 1.38293
0.901099 1.35828
0.901825 1.33372
0.890841 1.29279
0.896447 1.27671
0.901839 1.26063
0.901128 1.23647
0.900063 1.21243
0.898645 1.1885
0.890775 1.15677
0.900929 1.14888
0.892294 1.11746
0.895794 1.1018
0.899088 1.08616
0.895731 1.0629
0.892036 1.03979
0.90116 1.0319
0.903571 1.01644
0.899069 0.993617
0.894237 0.970948
0.902755 0.963034
0.897396 0.940574
0.89868 0.925459
0.906796 0.917508
