-1.05441 1.06687
-1.06587 1.09764
-1.06307 1.11422
-1.06005 1.13084
-1.05682 1.14749
-1.0668 1.179
-1.06967 1.20329
-1.0656 1.2202
-1.06784 1.24472
-1.06972 1.26937
-1.07125 1.29415
-1.07874 1.32681
-1.06701 1.33626
-1.07371 1.36922
-1.07381 1.39447
-1.07958 1.4278
-1.06696 1.43725
-1.08371 1.487
-1.09966 1.53716
-1.09757 1.56315
-1.10078 1.59746
-1.09787 1.62366
-1.10011 1.65827
-1.14001 1.75171
-1.7433 2.73103
-1.71918 2.74628
-1.70015 2.76984
-1.67053 2.77613
-1.63077 2.7649
-1.60135 2.7705
-1.57196 2.7758
-1.5329 2.7633
-1.5085 2.77669
-1.47459 2.77222
-1.44088 2.76736
-1.40737 2.76212
-1.38298 2.77441
-1.35411 2.7775
-1.32529 2.78029
-1.29653 2.78279
-1.26368 2.7759
-1.23918 2.78692
-1.20662 2.77938
-1.17819 2.7807
-1.15365 2.79097
-1.12529 2.79174
-1.11894 2.84808
-1.1224 2.93254
-1.1105 2.9798
-1.11148 3.06467
-1.11106 3.14979
-1.11571 3.25404
-1.1186 3.35862
-1.11666 3.45398
-1.11911 3.56864
-1.12253 3.69317
-1.12384 3.81803
-0.263924 2.59662
-0.236425 2.54906
-0.21062 2.51118
-0.188493 2.51294
-0.167012 2.52448
-0.144197 2.51587
-0.11622 2.39718
-0.0939125 2.36814
-0.0727419 2.35888
-0.052182 2.36943
-0.031442 2.37979
-0.0106115 2.40998
0.0107484 2.43998
0.861951 3.77279
0.862766 3.62885
0.86831 3.51432
0.869422 3.3903
0.873558 3.28586
0.870614 3.16235
0.871043 3.05838
0.864063 2.93547
0.875345 2.87991
0.873747 2.78621
0.876721 2.7118
0.878453 2.63756
0.878947 2.5635
0.881534 2.49908
0.886464 2.44421
0.887006 2.38009
0.886488 2.31615
0.888571 2.26171
0.889766 2.20742
0.886254 2.14405
0.889499 2.09933
0.892027 2.05472
0.889776 2.0011
0.890794 1.95678
0.891102 1.9126
0.895005 1.8776
0.885215 1.81571
0.883329 1.77204
0.894363 1.75528
0.895934 1.72073
0.892271 1.67745
0.89269 1.64317
0.892576 1.60901
0.887002 1.56628
0.89576 1.54975
0.889054 1.50734
0.89714 1.49089
0.894544 1.45736
0.896733 1.43247
0.893174 1.39923
0.894555 1.37454
0.895571 1.34995
0.896224 1.32544
0.896515 1.30102
0.902193 1.28489
0.896021 1.2525
0.901128 1.23647
0.894102 1.2044
0.898645 1.1885
0.902977 1.17262
0.894759 1.14101
0.898534 1.12527
0.902102 1.10955
0.899088 1.08616
0.902176 1.07055
0.905059 1.05497
0.894583 1.02436
0.903571 1.01644
0.89236 0.986202
0.907786 0.985659
0.902755 0.963034
0.897396 0.940574
0.89868 0.925459
0.906796 0.917508
