-1.0755 1.08821
-1.05891 1.09047
-1.05616 1.10699
-1.06005 1.13084
-1.0636 1.15484
-1.0668 1.179
-1.06967 1.20329
-1.05903 1.21267
-1.06784 1.24472
-1.06972 1.26937
-1.06487 1.28645
-1.06612 1.31129
-1.06701 1.33626
-1.07371 1.36922
-1.07381 1.39447
-1.06752 1.41185
-1.07292 1.44528
-1.07193 1.47084
-1.09384 1.52902
-1.09757 1.56315
-1.09511 1.58923
-1.10347 1.63195
-1.10011 1.65827
-1.14001 1.75171
-1.7433 2.73103
-1.71918 2.74628
-1.69492 2.76131
-1.66538 2.76757
-1.63585 2.77351
-1.59635 2.76184
-1.5621 2.75839
-1.53775 2.77204
-1.49895 2.75912
-1.47929 2.78105
-1.44088 2.76736
-1.41645 2.77994
-1.38744 2.78336
-1.35411 2.7775
-1.32529 2.78029
-1.2923 2.77373
-1.26368 2.7759
-1.23918 2.78692
-1.20662 2.77938
-1.17819 2.7807
-1.14983 2.78172
-1.12529 2.79174
-1.11894 2.84808
-1.1224 2.93254
-1.11399 2.98917
-1.11148 3.06467
-1.11439 3.15922
-1.11246 3.24458
-1.11544 3.34913
-1.11973 3.46349
-1.11911 3.56864
-1.12253 3.69317
-1.12102 3.80844
0.10321 0.863856
0.108267 0.843077
0.114328 0.832183
0.120205 0.82125
0.127434 0.820159
0.131408 0.79927
0.136734 0.788228
0.145467 0.796831
0.15248 0.795519
0.157513 0.78434
0.164415 0.782923
0.171305 0.781444
0.178181 0.779905
0.182731 0.768576
0.191892 0.776645
0.201209 0.784611
0.205543 0.773144
0.214999 0.780945
0.224609 0.788639
0.23437 0.796223
0.876739 2.79575
0.879797 2.72132
0.878453 2.63756
0.875704 2.55404
0.881534 2.49908
0.883055 2.43481
0.883514 2.37072
0.882914 2.30681
0.884914 2.2524
0.444883 1.10371
0.370546 0.896435
0.351118 0.828683
0.346457 0.79804
0.353473 0.794957
0.352174 0.77361
0.358975 0.770478
0.37005 0.776314
0.376874 0.773024
0.374745 0.751775
0.385893 0.757355
0.392548 0.753927
0.40387 0.759269
0.410542 0.755682
0.422033 0.760781
0.428718 0.757034
0.435369 0.753229
0.477549 0.809659
0.845581 1.4052
0.899775 1.46588
0.896733 1.43247
0.893174 1.39923
0.900009 1.38293
0.901099 1.35828
0.896224 1.32544
0.896515 1.30102
0.902193 1.28489
0.896021 1.2525
0.901128 1.23647
0.900063 1.21243
0.892614 1.18053
0.896876 1.16469
0.900929 1.14888
0.898534 1.12527
0.902102 1.10955
0.899088 1.08616
0.895731 1.0629
0.898548 1.04738
0.894583 1.02436
0.896927 1.00897
0.899069 0.993617
0.901012 0.978303
0.902755 0.963034
0.890493 0.933339
0.89868 0.925459
0.899767 0.910395
