-0.674824 0.682798
-0.661817 0.681541
-0.648885 0.680109
-0.649709 0.693094
-0.643579 0.698789
-0.637399 0.704431
-0.637813 0.717492
-0.644624 0.738146
-0.644609 0.751385
-0.663742 0.787621
-0.860826 1.03994
-1.07243 1.31905
-1.07325 1.34408
-1.06754 1.36135
-1.07381 1.39447
-1.07355 1.41982
-1.06696 1.43725
-1.07193 1.47084
-0.750561 1.04917
-0.557405 0.793851
-0.516346 0.749324
-0.504124 0.745559
-0.49201 0.741638
-0.490913 0.754324
-0.478869 0.75019
-0.466937 0.745902
-0.460348 0.749986
-0.458881 0.76258
-0.457226 0.775206
-0.445376 0.770545
-0.438572 0.774438
-0.431734 0.778271
-0.424862 0.782044
-0.422653 0.794584
-0.420256 0.807146
-0.42221 0.828637
-0.423818 0.850223
-1.35411 2.7775
-1.32099 2.77126
-1.2923 2.77373
-1.26368 2.7759
-1.23512 2.77778
-1.20662 2.77938
-1.17819 2.7807
-1.14983 2.78172
-1.12529 2.79174
-1.11894 2.84808
-1.1224 2.93254
-1.1105 2.9798
-1.11148 3.06467
-1.11439 3.15922
-1.11246 3.24458
-1.11544 3.34913
-1.11973 3.46349
-1.1221 3.57818
-1.12253 3.69317
-1.12102 3.80844
0.861951 3.77279
0.865079 3.63858
0.870709 3.52403
0.871906 3.39998
0.870988 3.2762
0.870614 3.16235
0.871043 3.05838
0.864063 2.93547
0.875345 2.87991
0.879731 2.80529
0.876721 2.7118
0.878453 2.63756
0.882191 2.57296
0.88486 2.50851
0.883055 2.43481
0.887006 2.38009
0.890063 2.32549
0.884914 2.2524
0.886027 2.19815
0.886254 2.14405
0.885598 2.09012
0.888044 2.04555
0.889776 2.0011
0.890794 1.95678
0.891102 1.9126
0.890702 1.86857
0.889597 1.8247
0.883329 1.77204
0.894363 1.75528
0.895934 1.72073
0.892271 1.67745
0.89269 1.64317
0.892576 1.60901
0.896858 1.58368
0.885751 1.53243
0.899215 1.52457
0.89714 1.49089
0.899775 1.46588
0.896733 1.43247
0.893174 1.39923
0.900009 1.38293
0.895571 1.34995
0.896224 1.32544
0.896515 1.30102
0.896447 1.27671
0.901839 1.26063
0.895239 1.22839
0.900063 1.21243
0.898645 1.1885
0.896876 1.16469
0.900929 1.14888
0.898534 1.12527
0.895794 1.1018
0.899088 1.08616
0.895731 1.0629
0.898548 1.04738
0.894583 1.02436
0.896927 1.00897
0.899069 0.993617
0.901012 0.978303
0.902755 0.963034
0.897396 0.940574
0.89868 0.925459
0.899767 0.910395
