-1.06144 1.07398
-1.06587 1.09764
-1.06307 1.11422
-1.06689 1.13813
-1.0636 1.15484
-1.06009 1.17158
-1.06302 1.19582
-1.0656 1.2202
-1.06784 1.24472
-1.06972 1.26937
-1.07125 1.29415
-1.07243 1.31905
-1.07325 1.34408
-1.07371 1.36922
-1.07381 1.39447
-1.06752 1.41185
-1.07292 1.44528
-1.08371 1.487
-1.09966 1.53716
-1.09757 1.56315
-1.10078 1.59746
-1.09787 1.62366
-1.10011 1.65827
-1.13455 1.74333
-1.7433 2.73103
-1.71918 2.74628
-1.69492 2.76131
-1.66022 2.759
-1.63585 2.77351
-1.60135 2.7705
-1.57196 2.7758
-1.53775 2.77204
-1.50372 2.76791
-1.46989 2.76339
-1.44088 2.76736
-1.41191 2.77103
-1.38298 2.77441
-1.35411 2.7775
-1.32529 2.78029
-1.29653 2.78279
-1.26368 2.7759
-1.23105 2.76865
-1.2106 2.78856
-1.17819 2.7807
-1.14983 2.78172
-1.12902 2.80102
-1.11894 2.84808
-1.12598 2.94188
-1.1105 2.9798
-1.11148 3.06467
-1.11439 3.15922
-1.11571 3.25404
-1.11544 3.34913
-1.11666 3.45398
-1.1221 3.57818
-1.12253 3.69317
-1.12102 3.80844
0.154447 0.846018
0.16001 0.834803
0.165388 0.823557
0.168525 0.802496
0.175587 0.80098
0.180408 0.789654
0.185044 0.778305
0.191892 0.776645
0.196241 0.765238
0.205543 0.773144
0.212345 0.771304
0.213652 0.750168
0.225899 0.767444
0.223925 0.736721
0.233398 0.744262
0.239945 0.742177
0.249632 0.749522
0.252981 0.737835
0.262797 0.745009
0.279577 0.770867
0.345723 0.927672
0.890063 2.32549
0.881258 2.2431
0.889766 2.20742
0.886254 2.14405
0.885598 2.09012
0.892027 2.05472
0.889776 2.0011
0.890794 1.95678
0.891102 1.9126
0.890702 1.86857
0.885215 1.81571
0.883329 1.77204
0.889823 1.74637
0.895934 1.72073
0.892271 1.67745
0.89269 1.64317
0.892576 1.60901
0.896858 1.58368
0.89576 1.54975
0.894134 1.51596
0.89714 1.49089
0.894544 1.45736
0.896733 1.43247
0.898555 1.40766
0.900009 1.38293
0.895571 1.34995
0.896224 1.32544
0.896515 1.30102
0.902193 1.28489
0.896021 1.2525
0.895239 1.22839
0.900063 1.21243
0.898645 1.1885
0.671132 0.87154
0.610904 0.779035
0.580303 0.726738
0.567757 0.698321
0.561133 0.677887
0.560638 0.665271
0.559964 0.652717
0.57227 0.655292
0.571375 0.642752
0.577015 0.637694
0.575835 0.625231
0.594998 0.634727
0.593662 0.622226
0.613053 0.631321
0.61859 0.625897
