-1.06144 1.07398
-1.05891 1.09047
-1.05616 1.10699
-1.06005 1.13084
-1.0636 1.15484
-1.0668 1.179
-1.06302 1.19582
-1.0656 1.2202
-1.06784 1.24472
-1.06328 1.26172
-1.06487 1.28645
-1.06612 1.31129
-1.07325 1.34408
-1.06754 1.36135
-1.07381 1.39447
-1.06752 1.41185
-1.07292 1.44528
-1.08371 1.487
-1.09384 1.52902
-1.10332 1.57133
-1.10078 1.59746
-1.10347 1.63195
-1.10011 1.65827
-1.13455 1.74333
-1.73254 2.71417
-1.71918 2.74628
-1.69492 2.76131
-1.67053 2.77613
-1.63585 2.77351
-1.60135 2.7705
-1.56703 2.76709
-1.53775 2.77204
-1.5085 2.77669
-1.47929 2.78105
-1.4455 2.77623
-1.41191 2.77103
-1.38298 2.77441
-1.35849 2.78648
-1.32099 2.77126
-1.2923 2.77373
-1.26782 2.785
-1.23918 2.78692
-1.20662 2.77938
-1.17819 2.7807
-1.14983 2.78172
-1.12155 2.78247
-1.11894 2.84808
-1.1224 2.93254
-1.1105 2.9798
-1.11148 3.06467
-1.11439 3.15922
-1.11246 3.24458
-1.1186 3.35862
-1.11666 3.45398
-1.11911 3.56864
-1.11962 3.68361
-1.12384 3.81803
0.861951 3.77279
0.867392 3.64831
0.40777 1.65037
0.414839 1.61766
0.426502 1.60427
0.437961 1.59081
0.443739 1.55804
0.460269 1.56367
0.474024 1.55955
0.490735 1.56486
0.501423 1.55096
0.518224 1.55597
0.564343 1.64594
0.881534 2.49908
0.661439 1.82376
0.597157 1.60234
0.582651 1.52231
0.592381 1.50781
0.598162 1.48398
0.61121 1.47866
0.620309 1.46401
0.641144 1.47683
0.65819 1.48027
0.691919 1.51992
0.785521 1.68599
0.890702 1.86857
0.889597 1.8247
0.883329 1.77204
0.894363 1.75528
0.886698 1.70299
0.892271 1.67745
0.89269 1.64317
0.892576 1.60901
0.89193 1.57498
0.890755 1.54109
0.894134 1.51596
0.89714 1.49089
0.894544 1.45736
0.896733 1.43247
0.898555 1.40766
0.900009 1.38293
0.895571 1.34995
0.901825 1.33372
0.902189 1.30926
0.902193 1.28489
0.896021 1.2525
0.901128 1.23647
0.894102 1.2044
0.898645 1.1885
0.896876 1.16469
0.900929 1.14888
0.886055 1.10964
0.895794 1.1018
0.899088 1.08616
0.895731 1.0629
0.898548 1.04738
0.894583 1.02436
0.896927 1.00897
0.899069 0.993617
0.901012 0.978303
0.902755 0.963034
0.904299 0.947809
0.891713 0.918285
0.899767 0.910395
