-1.06847 1.0811
-1.06587 1.09764
-1.06307 1.11422
-1.06689 1.13813
-1.07037 1.1622
-1.0668 1.179
-1.06967 1.20329
-1.07218 1.22773
-1.06784 1.24472
-1.07616 1.27702
-1.07125 1.29415
-1.07243 1.31905
-1.07325 1.34408
-1.07371 1.36922
-1.07381 1.39447
-1.07958 1.4278
-1.06696 1.43725
-1.07782 1.47892
-1.09384 1.52902
-1.09757 1.56315
-1.09511 1.58923
-1.09787 1.62366
-1.09458 1.64994
-1.14001 1.75171
-1.7433 2.73103
-1.71918 2.74628
-1.69492 2.76131
-1.67053 2.77613
-1.63077 2.7649
-1.60135 2.7705
-1.57196 2.7758
-1.53775 2.77204
-1.5085 2.77669
-1.47459 2.77222
-1.4455 2.77623
-1.41191 2.77103
-1.38298 2.77441
-1.35849 2.78648
-1.32099 2.77126
-1.2923 2.77373
-1.26782 2.785
-1.23918 2.78692
-1.20662 2.77938
-1.17429 2.77149
-1.14983 2.78172
-1.12155 2.78247
-1.11894 2.84808
-1.1224 2.93254
-1.11399 2.98917
-1.11148 3.06467
-1.11106 3.14979
-1.11246 3.24458
-1.11544 3.34913
-1.11973 3.46349
-1.11911 3.56864
-1.11962 3.68361
-1.12102 3.80844
0.864178 3.78254
0.865079 3.63858
0.86831 3.51432
0.869422 3.3903
0.873558 3.28586
0.217654 0.790586
0.22187 0.779021
0.223075 0.757851
0.229742 0.755856
0.230406 0.73472
0.236868 0.732662
0.240153 0.721059
0.243251 0.709457
0.249491 0.707287
0.255711 0.705062
0.261911 0.702782
0.268091 0.700448
0.27425 0.698059
0.280388 0.695617
0.286504 0.69312
0.292598 0.690569
0.29867 0.687965
0.304718 0.685308
0.310742 0.682597
0.320966 0.688898
0.327021 0.686045
0.341816 0.701115
0.352439 0.707027
0.417672 0.819726
0.51724 0.99341
0.892271 1.67745
0.89269 1.64317
0.892576 1.60901
0.89193 1.57498
0.890755 1.54109
0.899215 1.52457
0.89714 1.49089
0.894544 1.45736
0.896733 1.43247
0.898555 1.40766
0.900009 1.38293
0.895571 1.34995
0.896224 1.32544
0.896515 1.30102
0.902193 1.28489
0.896021 1.2525
0.895239 1.22839
0.900063 1.21243
0.892614 1.18053
0.896876 1.16469
0.894759 1.14101
0.898534 1.12527
0.895794 1.1018
0.899088 1.08616
0.902176 1.07055
0.898548 1.04738
0.90116 1.0319
0.896927 1.00897
0.905779 1.00103
0.901012 0.978303
0.895916 0.955738
0.897396 0.940574
0.89868 0.925459
0.899767 0.910395
