-1.06144 1.07398
-1.05891 1.09047
-1.06307 1.11422
-1.05321 1.12354
-1.0636 1.15484
-1.0668 1.179
-1.06967 1.20329
-1.0656 1.2202
-1.07435 1.25231
-1.06972 1.26937
-1.07763 1.30185
-1.06612 1.31129
-1.06701 1.33626
-1.07371 1.36922
-1.06771 1.38654
-1.07355 1.41982
-1.07292 1.44528
-1.07193 1.47084
-1.09966 1.53716
-1.09757 1.56315
-1.10078 1.59746
-1.10347 1.63195
-1.10011 1.65827
-1.13455 1.74333
-1.73792 2.7226
-1.71387 2.7378
-1.69492 2.76131
-1.66538 2.76757
-1.63077 2.7649
-1.59635 2.76184
-1.56703 2.76709
-1.53775 2.77204
-1.50372 2.76791
-1.47459 2.77222
-1.44088 2.76736
-1.41191 2.77103
-1.37852 2.76546
-1.35411 2.7775
-1.32529 2.78029
-1.29653 2.78279
-1.26782 2.785
-1.23512 2.77778
-1.2106 2.78856
-1.17819 2.7807
-1.15365 2.79097
-1.12529 2.79174
-1.11894 2.84808
-1.12598 2.94188
-1.1105 2.9798
-1.11148 3.06467
-1.11106 3.14979
-1.11571 3.25404
-1.11544 3.34913
-1.12281 3.47301
-1.1221 3.57818
-1.12253 3.69317
-1.12384 3.81803
0.0812727 0.876239
0.0879763 0.86554
0.0944978 0.854792
0.100837 0.843998
0.10572 0.82324
0.112967 0.822276
0.118757 0.811355
0.127434 0.820159
0.134653 0.819005
0.140152 0.807934
0.147263 0.806668
0.154363 0.80534
0.163419 0.813753
0.168525 0.802496
0.175587 0.80098
0.184863 0.809151
0.191983 0.807492
0.199088 0.805769
0.208661 0.813671
0.226097 0.850459
0.244197 0.886999
0.249261 0.875197
0.254136 0.863374
0.258823 0.851534
0.263321 0.83968
0.267631 0.827813
0.271752 0.815936
0.282171 0.82297
0.286083 0.811022
0.296625 0.817872
0.303817 0.815227
0.310986 0.812519
0.31813 0.809749
0.32525 0.806915
0.339985 0.822502
0.355019 0.837891
0.390262 0.898942
0.889776 2.0011
0.886651 1.94768
0.891102 1.9126
0.890702 1.86857
0.889597 1.8247
0.874406 1.75414
0.889823 1.74637
0.895934 1.72073
0.892271 1.67745
0.89269 1.64317
0.892576 1.60901
0.896858 1.58368
0.89576 1.54975
0.894134 1.51596
0.89714 1.49089
0.894544 1.45736
0.896733 1.43247
0.893174 1.39923
0.900009 1.38293
0.895571 1.34995
0.896224 1.32544
0.896515 1.30102
0.896447 1.27671
0.896021 1.2525
0.901128 1.23647
0.900063 1.21243
0.892614 1.18053
0.896876 1.16469
0.894759 1.14101
0.898534 1.12527
0.902102 1.10955
0.899088 1.08616
0.895731 1.0629
0.898548 1.04738
0.894583 1.02436
0.890283 1.0015
0.89236 0.986202
0.901012 0.978303
0.902755 0.963034
0.897396 0.940574
0.905646 0.932633
0.899767 0.910395
