-1.06144 1.07398
-1.05891 1.09047
-1.05616 1.10699
-1.06005 1.13084
-1.0636 1.15484
-1.0668 1.179
-1.06302 1.19582
-1.0656 1.2202
-1.06784 1.24472
-1.07616 1.27702
-1.06487 1.28645
-1.06612 1.31129
-1.07325 1.34408
-1.06754 1.36135
-1.07381 1.39447
-1.07355 1.41982
-1.07292 1.44528
-1.07782 1.47892
-1.09966 1.53716
-1.10332 1.57133
-1.10078 1.59746
-1.09787 1.62366
-1.10011 1.65827
-1.14001 1.75171
-1.7433 2.73103
-1.71918 2.74628
-1.70015 2.76984
-1.66538 2.76757
-1.63585 2.77351
-1.59635 2.76184
-1.56703 2.76709
-1.53775 2.77204
-1.5085 2.77669
-1.47459 2.77222
-1.4455 2.77623
-1.41191 2.77103
-1.38298 2.77441
-1.35411 2.7775
-1.32099 2.77126
-1.29653 2.78279
-1.26368 2.7759
-1.23512 2.77778
-1.20662 2.77938
-1.17819 2.7807
-1.15365 2.79097
-1.12529 2.79174
-1.11894 2.84808
-1.1224 2.93254
-1.1105 2.9798
-1.11148 3.06467
-1.11439 3.15922
-1.11246 3.24458
-1.11544 3.34913
-1.11666 3.45398
-1.1221 3.57818
-1.12253 3.69317
-1.12102 3.80844
-0.286785 2.5942
-0.259879 2.55683
-0.235501 2.5391
-0.213127 2.54108
-0.191485 2.55283
-0.170972 2.58435
-0.149919 2.61571
-0.108574 2.73785
-0.0832216 2.69872
-0.0590075 2.67935
-0.0352732 2.66977
-0.0118884 2.69997
0.0119818 2.71997
0.0360712 2.72976
0.861951 3.77279
0.867392 3.64831
0.86831 3.51432
0.869422 3.3903
0.873558 3.28586
0.873268 3.17199
0.871043 3.05838
0.864063 2.93547
0.875345 2.87991
0.876739 2.79575
0.879797 2.72132
0.878453 2.63756
0.882191 2.57296
0.878207 2.48965
0.886464 2.44421
0.887006 2.38009
0.882914 2.30681
0.888571 2.26171
0.886027 2.19815
0.893894 2.16253
0.885598 2.09012
0.892027 2.05472
0.889776 2.0011
0.890794 1.95678
0.886879 1.90354
0.895005 1.8776
0.885215 1.81571
0.878867 1.76309
0.889823 1.74637
0.886698 1.70299
0.892271 1.67745
0.89269 1.64317
0.897427 1.61775
0.89193 1.57498
0.890755 1.54109
0.894134 1.51596
0.891984 1.48232
0.889312 1.44884
0.896733 1.43247
0.893174 1.39923
0.900009 1.38293
0.895571 1.34995
0.890622 1.31715
0.896515 1.30102
0.902193 1.28489
0.896021 1.2525
0.901128 1.23647
0.900063 1.21243
0.898645 1.1885
0.890775 1.15677
0.900929 1.14888
0.892294 1.11746
0.902102 1.10955
0.899088 1.08616
0.902176 1.07055
0.898548 1.04738
0.90116 1.0319
0.896927 1.00897
0.905779 1.00103
0.901012 0.978303
0.895916 0.955738
0.897396 0.940574
0.89868 0.925459
0.892737 0.903283
