-1.06144 1.07398
-1.06587 1.09764
-1.05616 1.10699
-1.06005 1.13084
-1.0636 1.15484
-1.06009 1.17158
-1.06302 1.19582
-1.05903 1.21267
-1.06133 1.23713
-1.07616 1.27702
-1.07125 1.29415
-1.06612 1.31129
-1.06701 1.33626
-1.07371 1.36922
-1.07381 1.39447
-1.07355 1.41982
-1.07888 1.45331
-1.07782 1.47892
-1.09966 1.53716
-1.09757 1.56315
-1.10078 1.59746
-1.10347 1.63195
-1.10011 1.65827
-1.13455 1.74333
-1.73792 2.7226
-1.71918 2.74628
-1.69492 2.76131
-1.66538 2.76757
-1.63585 2.77351
-1.59134 2.75318
-1.56703 2.76709
-1.53775 2.77204
-1.49895 2.75912
-1.47929 2.78105
-1.44088 2.76736
-1.41191 2.77103
-1.37852 2.76546
-1.35411 2.7775
-1.32099 2.77126
-1.29653 2.78279
-1.26782 2.785
-1.23918 2.78692
-1.20662 2.77938
-1.18209 2.7899
-1.15365 2.79097
-1.12529 2.79174
-1.11894 2.84808
-1.1224 2.93254
-1.1105 2.9798
-1.11489 3.07407
-1.11439 3.15922
-1.11571 3.25404
-1.1186 3.35862
-1.11973 3.46349
-1.1221 3.57818
-1.12253 3.69317
-1.12102 3.80844
0.864178 3.78254
0.865079 3.63858
0.86831 3.51432
0.871906 3.39998
0.39824 1.49797
0.40611 1.47512
0.410869 1.44263
0.420737 1.42936
0.43331 1.4256
0.442858 1.41219
0.45528 1.40823
0.470826 1.41366
0.483259 1.40945
0.498981 1.41457
0.52506 1.44773
0.506362 1.35871
0.489713 1.27948
0.497307 1.26581
0.508437 1.26138
0.523348 1.2661
0.53448 1.26144
0.541588 1.24751
0.552555 1.24269
0.567622 1.24688
0.578583 1.24183
0.598104 1.25474
0.631044 1.29437
0.811948 1.62885
0.894363 1.75528
0.891316 1.71186
0.892271 1.67745
0.89269 1.64317
0.892576 1.60901
0.89193 1.57498
0.890755 1.54109
0.894134 1.51596
0.89714 1.49089
0.889312 1.44884
0.891427 1.42399
0.898555 1.40766
0.900009 1.38293
0.895571 1.34995
0.896224 1.32544
0.896515 1.30102
0.896447 1.27671
0.896021 1.2525
0.895239 1.22839
0.900063 1.21243
0.898645 1.1885
0.896876 1.16469
0.900929 1.14888
0.898534 1.12527
0.902102 1.10955
0.892711 1.07846
0.895731 1.0629
0.898548 1.04738
0.90116 1.0319
0.896927 1.00897
0.899069 0.993617
0.901012 0.978303
0.889077 0.948442
0.897396 0.940574
0.905646 0.932633
0.899767 0.910395
