-1.06144 1.07398
-1.06587 1.09764
-1.05616 1.10699
-1.06689 1.13813
-1.0636 1.15484
-1.0668 1.179
-1.06967 1.20329
-1.0656 1.2202
-1.06133 1.23713
-1.06328 1.26172
-1.07125 1.29415
-1.06612 1.31129
-1.06077 1.32845
-1.07371 1.36922
-1.07381 1.39447
-1.07355 1.41982
-1.07292 1.44528
-1.07782 1.47892
-1.09966 1.53716
-1.09757 1.56315
-1.10078 1.59746
-1.09787 1.62366
-1.10011 1.65827
-1.13455 1.74333
-1.7433 2.73103
-1.71387 2.7378
-1.69492 2.76131
-1.66022 2.759
-1.63585 2.77351
-1.59635 2.76184
-1.56703 2.76709
-1.5329 2.7633
-1.50372 2.76791
-1.47459 2.77222
-1.4455 2.77623
-1.41191 2.77103
-1.38298 2.77441
-1.35411 2.7775
-1.32099 2.77126
-1.29653 2.78279
-1.26368 2.7759
-1.23512 2.77778
-1.20264 2.77021
-1.17819 2.7807
-1.14983 2.78172
-1.12529 2.79174
-1.11894 2.84808
-1.1224 2.93254
-1.1105 2.9798
-1.08421 2.98946
-0.728509 2.06528
-0.661639 1.92972
-0.641457 1.92599
-0.624467 1.93156
-0.610422 1.94653
-0.596161 1.9614
-0.581686 1.97617
-0.572474 2.01007
-0.56271 2.04396
-0.552393 2.07783
-0.501313 2.02899
-0.481109 2.02359
-0.456585 1.99851
-0.438964 2.00245
-0.419254 1.99645
-0.403622 2.00987
-0.385903 2.01335
-0.36995 2.02651
-0.358923 2.0691
0.859723 3.76304
0.865079 3.63858
0.863513 3.4949
0.869422 3.3903
0.870988 3.2762
0.870614 3.16235
0.871043 3.05838
0.864063 2.93547
0.872437 2.87034
0.873747 2.78621
0.876721 2.7118
0.878453 2.63756
0.878947 2.5635
0.878207 2.48965
0.883055 2.43481
0.883514 2.37072
0.886488 2.31615
0.881258 2.2431
0.886027 2.19815
0.886254 2.14405
0.889499 2.09933
0.892027 2.05472
0.885713 1.99196
0.890794 1.95678
0.886879 1.90354
0.886399 1.85954
0.885215 1.81571
0.878867 1.76309
0.894363 1.75528
0.891316 1.71186
0.887575 1.66863
0.89269 1.64317
0.892576 1.60901
0.89193 1.57498
0.890755 1.54109
0.894134 1.51596
0.891984 1.48232
0.894544 1.45736
0.896733 1.43247
0.898555 1.40766
0.894555 1.37454
0.890042 1.34161
0.896224 1.32544
0.902189 1.30926
0.896447 1.27671
0.896021 1.2525
0.895239 1.22839
0.900063 1.21243
0.898645 1.1885
0.890775 1.15677
0.900929 1.14888
0.898534 1.12527
0.895794 1.1018
0.899088 1.08616
0.895731 1.0629
0.898548 1.04738
0.90116 1.0319
0.890283 1.0015
0.899069 0.993617
0.894237 0.970948
0.895916 0.955738
0.897396 0.940574
0.89868 0.925459
0.899767 0.910395
