-1.06144 1.07398
-1.05891 1.09047
-1.06307 1.11422
-1.06005 1.13084
-1.0636 1.15484
-1.06009 1.17158
-1.06967 1.20329
-1.0656 1.2202
-1.06784 1.24472
-1.06328 1.26172
-1.07125 1.29415
-1.06612 1.31129
-1.06701 1.33626
-1.06754 1.36135
-1.07381 1.39447
-1.07355 1.41982
-1.06696 1.43725
-1.07782 1.47892
-1.09966 1.53716
-1.09757 1.56315
-1.09511 1.58923
-1.09787 1.62366
-1.10011 1.65827
-1.14001 1.75171
-1.7433 2.73103
-1.71387 2.7378
-1.69492 2.76131
-1.66538 2.76757
-1.63077 2.7649
-1.60135 2.7705
-1.56703 2.76709
-1.5329 2.7633
-1.50372 2.76791
-1.46989 2.76339
-1.44088 2.76736
-1.40737 2.76212
-1.38298 2.77441
-1.35411 2.7775
-1.32529 2.78029
-1.29653 2.78279
-1.26368 2.7759
-1.23512 2.77778
-1.20662 2.77938
-1.17819 2.7807
-1.14983 2.78172
-1.12155 2.78247
-1.11528 2.83878
-1.1224 2.93254
-1.1105 2.9798
-1.11489 3.07407
-1.11439 3.15922
-1.11571 3.25404
-1.11544 3.34913
-1.11973 3.46349
-1.11911 3.56864
-1.12253 3.69317
-1.12384 3.81803
0.158039 0.865693
0.163775 0.854446
0.167357 0.833362
0.172636 0.822069
0.182011 0.830284
0.18709 0.8189
0.194296 0.81722
0.201486 0.815477
0.206177 0.803984
0.213251 0.802137
0.220308 0.800228
0.227348 0.798256
0.237194 0.805816
0.238466 0.78456
0.251352 0.801512
0.255326 0.789752
0.265432 0.79696
0.275685 0.804051
0.276103 0.782731
0.289806 0.79907
0.300325 0.805857
0.307411 0.80318
0.31813 0.809749
0.328989 0.81619
0.336165 0.813261
0.351118 0.828683
0.366368 0.843904
0.414416 0.932019
0.439182 0.964738
0.447663 0.960832
0.456108 0.956852
0.468901 0.961786
0.477354 0.957618
0.49939 0.980107
0.531095 1.02002
0.803044 1.50971
0.89269 1.64317
0.897427 1.61775
0.89193 1.57498
0.89576 1.54975
0.899215 1.52457
0.89714 1.49089
0.894544 1.45736
0.896733 1.43247
0.893174 1.39923
0.894555 1.37454
0.895571 1.34995
0.896224 1.32544
0.896515 1.30102
0.896447 1.27671
0.896021 1.2525
0.901128 1.23647
0.894102 1.2044
0.898645 1.1885
0.896876 1.16469
0.900929 1.14888
0.898534 1.12527
0.895794 1.1018
0.899088 1.08616
0.895731 1.0629
0.898548 1.04738
0.894583 1.02436
0.890283 1.0015
0.899069 0.993617
0.894237 0.970948
0.895916 0.955738
0.897396 0.940574
0.891713 0.918285
0.899767 0.910395
