-0.513147 0.519211
-0.515521 0.530885
-0.510825 0.535405
-0.512928 0.547179
-0.501314 0.54432
-0.503209 0.55613
-0.504935 0.568014
-0.50649 0.579972
-0.514385 0.59959
-0.515528 0.611744
-0.542002 0.654778
-0.895792 1.1018
-1.06701 1.33626
-1.06754 1.36135
-1.07381 1.39447
-1.07355 1.41982
-1.07292 1.44528
-1.07193 1.47084
-1.09966 1.53716
-1.09757 1.56315
-1.10646 1.6057
-1.10347 1.63195
-1.10011 1.65827
-1.14001 1.75171
-1.73792 2.7226
-1.71387 2.7378
-1.69492 2.76131
-1.66538 2.76757
-1.63077 2.7649
-1.60135 2.7705
-1.57196 2.7758
-1.5329 2.7633
-1.50372 2.76791
-1.46989 2.76339
-1.4455 2.77623
-1.41191 2.77103
-1.38298 2.77441
-1.35411 2.7775
-1.32529 2.78029
-1.29653 2.78279
-1.26782 2.785
-1.23918 2.78692
-1.20662 2.77938
-1.18209 2.7899
-1.14601 2.77248
-1.12529 2.79174
-1.11894 2.84808
-1.1224 2.93254
-1.1105 2.9798
-1.11489 3.07407
-1.11106 3.14979
-1.11571 3.25404
-1.1186 3.35862
-1.11973 3.46349
-1.1221 3.57818
-1.11962 3.68361
-1.12102 3.80844
0.864178 3.78254
0.867392 3.64831
0.86831 3.51432
0.869422 3.3903
0.873558 3.28586
0.870614 3.16235
0.871043 3.05838
0.866887 2.94506
0.872437 2.87034
0.876739 2.79575
0.879797 2.72132
0.878453 2.63756
0.882191 2.57296
0.881534 2.49908
0.886464 2.44421
0.883514 2.37072
0.886488 2.31615
0.884914 2.2524
0.889766 2.20742
0.886254 2.14405
0.889499 2.09933
0.892027 2.05472
0.893839 2.01024
0.890794 1.95678
0.891102 1.9126
0.890702 1.86857
0.885215 1.81571
0.883329 1.77204
0.889823 1.74637
0.891316 1.71186
0.892271 1.67745
0.89269 1.64317
0.892576 1.60901
0.89193 1.57498
0.89576 1.54975
0.894134 1.51596
0.902296 1.49945
0.899775 1.46588
0.896733 1.43247
0.893174 1.39923
0.894555 1.37454
0.895571 1.34995
0.896224 1.32544
0.896515 1.30102
0.902193 1.28489
0.896021 1.2525
0.895239 1.22839
0.894102 1.2044
0.898645 1.1885
0.902977 1.17262
0.900929 1.14888
0.892294 1.11746
0.902102 1.10955
0.899088 1.08616
0.895731 1.0629
0.898548 1.04738
0.894583 1.02436
0.890283 1.0015
0.899069 0.993617
0.894237 0.970948
0.889077 0.948442
0.890493 0.933339
0.905646 0.932633
0.899767 0.910395
