-1.06144 1.07398
-1.06587 1.09764
-1.06307 1.11422
-1.06689 1.13813
-1.0636 1.15484
-1.0668 1.179
-1.06967 1.20329
-1.0656 1.2202
-1.06133 1.23713
-1.06972 1.26937
-1.07125 1.29415
-1.06612 1.31129
-1.07325 1.34408
-1.07371 1.36922
-1.07381 1.39447
-1.07355 1.41982
-1.07292 1.44528
-1.07782 1.47892
-1.09384 1.52902
-1.09757 1.56315
-1.09511 1.58923
-1.09787 1.62366
-1.09458 1.64994
-1.14001 1.75171
-1.73792 2.7226
-1.71918 2.74628
-1.69492 2.76131
-1.66538 2.76757
-1.63077 2.7649
-1.60636 2.77916
-1.56703 2.76709
-1.53775 2.77204
-1.50372 2.76791
-1.46989 2.76339
-1.44088 2.76736
-1.40737 2.76212
-1.38744 2.78336
-1.34973 2.76851
-1.32529 2.78029
-1.29653 2.78279
-1.26782 2.785
-1.23918 2.78692
-1.20662 2.77938
-1.17429 2.77149
-1.14601 2.77248
-1.12529 2.79174
-1.11894 2.84808
-1.12598 2.94188
-1.11399 2.98917
-1.10807 3.05527
-1.11106 3.14979
-1.11246 3.24458
-1.1186 3.35862
-1.11973 3.46349
-1.1221 3.57818
-1.11962 3.68361
-1.12384 3.81803
0.15248 0.795519
0.157513 0.78434
0.160305 0.763349
0.169163 0.771676
0.173726 0.760407
0.173478 0.729661
0.182297 0.737813
0.188789 0.736178
0.197835 0.744151
0.204382 0.74238
0.208174 0.730933
0.214604 0.729071
0.221017 0.727153
0.224421 0.715636
0.233792 0.723147
0.240153 0.721059
0.246494 0.718916
0.252817 0.716717
0.26253 0.723863
0.272388 0.730893
0.285964 0.747144
0.31813 0.809749
0.35142 0.871839
0.355266 0.859469
0.366723 0.865514
0.374333 0.86225
0.390039 0.877194
0.401893 0.882826
0.409654 0.879252
0.421685 0.884636
0.438225 0.898865
0.472893 0.948669
0.876203 1.71964
0.895934 1.72073
0.892271 1.67745
0.887916 1.63438
0.892576 1.60901
0.89193 1.57498
0.890755 1.54109
0.894134 1.51596
0.89714 1.49089
0.894544 1.45736
0.891427 1.42399
0.893174 1.39923
0.894555 1.37454
0.901099 1.35828
0.896224 1.32544
0.896515 1.30102
0.902193 1.28489
0.896021 1.2525
0.901128 1.23647
0.894102 1.2044
0.886583 1.17255
0.896876 1.16469
0.894759 1.14101
0.898534 1.12527
0.895794 1.1018
0.892711 1.07846
0.902176 1.07055
0.898548 1.04738
0.90116 1.0319
0.896927 1.00897
0.89236 0.986202
0.894237 0.970948
0.895916 0.955738
0.890493 0.933339
0.905646 0.932633
0.899767 0.910395
